94	219	142
0.999836	-0.004611	0.017504	-25.563607
0.004728	0.999967	-0.006639	7.100842
-0.017472	0.006721	0.999825	0.216162
0.000000	0.000000	0.000000	1.000000
104	224	142
-0.611770	0.762645	0.210025	-11.325990
-0.759952	-0.640333	0.111562	0.841566
0.219568	-0.091359	0.971310	1.798947
0.000000	0.000000	0.000000	1.000000
129	149	142
0.974525	-0.223039	-0.023531	1.694517
0.222519	0.974661	-0.022834	-3.013050
0.028028	0.017016	0.999462	2.465474
0.000000	0.000000	0.000000	1.000000
14	139	142
0.999902	-0.013311	0.004406	23.141679
0.013364	0.999834	-0.012377	1.970124
-0.004241	0.012435	0.999914	0.028632
0.000000	0.000000	0.000000	1.000000
124	164	142
0.830332	-0.441481	0.340064	13.274078
-0.134677	0.433171	0.891193	-17.679653
-0.540751	-0.785785	0.300218	-3.597887
0.000000	0.000000	0.000000	1.000000
9	14	142
0.999466	-0.013143	-0.029932	-20.128855
0.013968	0.999523	0.027528	-3.460950
0.029556	-0.027932	0.999173	-1.613597
0.000000	0.000000	0.000000	1.000000
54	179	142
0.999998	0.001951	0.000321	-18.563585
-0.001955	0.999928	0.011879	-25.194952
-0.000297	-0.011880	0.999929	-0.607217
0.000000	0.000000	0.000000	1.000000
49	169	142
0.999894	-0.006998	-0.012730	-21.460480
0.007097	0.999945	0.007736	22.981242
0.012675	-0.007825	0.999889	-0.927465
0.000000	0.000000	0.000000	1.000000
69	154	142
-0.499658	0.835556	0.228446	-11.985342
-0.861928	-0.453350	-0.227053	9.715067
-0.086149	-0.310353	0.946710	-1.167893
0.000000	0.000000	0.000000	1.000000
9	129	142
0.999945	-0.006721	0.008059	-24.212809
0.006790	0.999940	-0.008569	-2.451561
-0.008001	0.008623	0.999931	0.096267
0.000000	0.000000	0.000000	1.000000
29	94	142
-0.426440	-0.822046	-0.377346	-13.468037
0.832735	-0.193932	-0.518597	-5.190323
0.353130	-0.535380	0.767247	-1.687957
0.000000	0.000000	0.000000	1.000000
49	219	142
0.977183	-0.072890	0.199500	-29.509258
0.158242	0.876369	-0.454903	2.555167
-0.141677	0.476093	0.867907	11.523882
0.000000	0.000000	0.000000	1.000000
169	219	142
-0.095555	-0.974162	-0.204643	-18.394818
0.014300	-0.206906	0.978256	11.931508
-0.995321	0.090551	0.033701	33.829861
0.000000	0.000000	0.000000	1.000000
49	94	142
-0.072910	0.997148	-0.019512	3.222357
0.967119	0.075467	0.242870	-6.891577
0.243650	-0.001163	-0.969863	4.936637
0.000000	0.000000	0.000000	1.000000
24	124	142
0.799927	-0.597842	0.051976	-10.988498
0.584737	0.757051	-0.291472	8.557294
0.134906	0.263549	0.955166	0.470313
0.000000	0.000000	0.000000	1.000000
34	204	142
-1.000000	0.000000	0.000000	2.879938
0.000000	-1.000000	0.000000	-27.057489
0.000000	0.000000	1.000000	1.955593
0.000000	0.000000	0.000000	1.000000
49	199	142
0.818738	-0.358214	-0.448722	-3.607705
-0.562170	-0.659051	-0.499616	5.045753
-0.116761	0.661312	-0.740967	2.596979
0.000000	0.000000	0.000000	1.000000
94	134	142
0.959142	0.252085	0.128449	1.297713
-0.269938	0.951339	0.148621	1.549310
-0.084733	-0.177222	0.980516	1.084000
0.000000	0.000000	0.000000	1.000000
24	164	142
0.644676	-0.717473	-0.263866	7.064499
0.689071	0.395927	0.606978	-2.477344
-0.331019	-0.573127	0.749635	7.638112
0.000000	0.000000	0.000000	1.000000
4	49	142
0.322170	-0.944785	0.059892	13.528913
0.940335	0.326683	0.095120	-5.342547
-0.109433	0.025674	0.993663	-0.102755
0.000000	0.000000	0.000000	1.000000
169	199	142
0.716785	-0.470272	0.514843	-11.252985
0.467404	-0.223870	-0.855228	19.040845
0.517448	0.853655	0.059340	-4.574195
0.000000	0.000000	0.000000	1.000000
149	199	142
-0.446821	0.701866	-0.554739	23.408444
-0.771600	-0.616154	-0.158075	-2.256755
-0.452752	0.357405	0.816871	-1.008873
0.000000	0.000000	0.000000	1.000000
94	154	142
0.915596	-0.365386	0.167862	-4.525040
0.169046	0.728558	0.663797	-0.084659
-0.364839	-0.579393	0.728832	8.974188
0.000000	0.000000	0.000000	1.000000
134	154	142
0.985102	-0.036749	0.167996	-45.775698
-0.050069	-0.995869	0.075749	-11.876289
0.164519	-0.083032	-0.982873	5.176049
0.000000	0.000000	0.000000	1.000000
19	64	142
0.464976	-0.707474	-0.532238	-3.614433
0.862059	0.224894	0.454177	2.709545
-0.201621	-0.670003	0.714455	-2.880816
0.000000	0.000000	0.000000	1.000000
4	29	142
0.927104	-0.304064	-0.219144	35.822013
0.373287	0.801644	0.466930	-2.872215
0.033699	-0.514696	0.856710	7.642622
0.000000	0.000000	0.000000	1.000000
34	149	142
-0.547267	0.836200	-0.035621	-6.034512
-0.828063	-0.547148	-0.122231	4.645605
-0.121700	-0.037397	0.991862	0.971114
0.000000	0.000000	0.000000	1.000000
4	219	142
0.961038	-0.215800	0.172731	5.885543
0.216039	0.976225	0.017642	-3.349072
-0.172432	0.020362	0.984811	-2.150132
0.000000	0.000000	0.000000	1.000000
119	239	142
0.999550	0.004146	0.029720	-1.562824
-0.005094	0.999478	0.031907	-29.839505
-0.029572	-0.032044	0.999049	0.997577
0.000000	0.000000	0.000000	1.000000
4	94	142
0.974976	0.217030	-0.048169	6.522075
-0.213790	0.974746	0.064530	-0.168547
0.060958	-0.052617	0.996753	-0.783965
0.000000	0.000000	0.000000	1.000000
74	154	142
0.995039	0.084176	0.053017	-4.470564
-0.089583	0.989932	0.109586	-1.004626
-0.043259	-0.113792	0.992562	0.209881
0.000000	0.000000	0.000000	1.000000
29	169	142
-0.634697	0.772241	-0.028347	-8.844038
0.629339	0.495265	-0.598869	-11.739043
-0.448432	-0.397941	-0.800345	11.550003
0.000000	0.000000	0.000000	1.000000
29	69	142
-0.557185	-0.813001	0.169039	-21.993616
0.589344	-0.530575	-0.609232	11.169474
0.584994	-0.239833	0.774766	13.158123
0.000000	0.000000	0.000000	1.000000
29	199	142
0.344301	-0.936919	0.060329	-0.573777
0.595108	0.168089	-0.785871	-6.319019
0.726157	0.306478	0.615441	-6.144457
0.000000	0.000000	0.000000	1.000000
49	69	142
0.665219	0.746604	-0.008144	12.430067
-0.746604	0.665259	0.003575	-29.932099
0.008087	0.003702	0.999960	0.994361
0.000000	0.000000	0.000000	1.000000
4	129	142
0.999978	0.002789	0.006016	23.635091
-0.002739	0.999962	-0.008251	-0.909757
-0.006039	0.008234	0.999948	0.124981
0.000000	0.000000	0.000000	1.000000
134	224	142
-0.463942	0.033889	-0.885217	26.947944
0.469374	-0.838068	-0.278083	-0.642983
-0.751296	-0.544512	0.372909	4.744874
0.000000	0.000000	0.000000	1.000000
69	94	142
0.854627	0.511509	0.089277	-18.737998
-0.513945	0.857808	0.005092	7.891186
-0.073978	-0.050235	0.995994	0.973190
0.000000	0.000000	0.000000	1.000000
4	9	142
-0.427003	-0.225290	-0.875735	-4.637393
-0.245078	0.961051	-0.127740	-6.142419
0.870405	0.160078	-0.465586	21.855538
0.000000	0.000000	0.000000	1.000000
4	184	142
0.996796	-0.023649	0.076407	4.825071
-0.005880	0.931040	0.364870	6.865753
-0.079767	-0.364151	0.927918	-1.310024
0.000000	0.000000	0.000000	1.000000
49	154	142
0.931401	0.234305	-0.278556	10.658056
-0.303564	0.922285	-0.239248	-11.412548
0.200851	0.307396	0.930143	3.485071
0.000000	0.000000	0.000000	1.000000
64	119	142
-0.254684	0.845843	0.468706	-1.711480
-0.523366	-0.528133	0.668703	-2.445286
0.813157	-0.074996	0.577192	16.278853
0.000000	0.000000	0.000000	1.000000
34	49	142
-1.000000	0.000000	0.000000	4.144802
0.000000	-1.000000	0.000000	-38.246079
0.000000	0.000000	1.000000	1.576583
0.000000	0.000000	0.000000	1.000000
29	219	142
-0.678844	0.490397	-0.546518	17.547416
-0.712030	-0.621477	0.326773	4.020602
-0.179399	0.610965	0.771063	13.036298
0.000000	0.000000	0.000000	1.000000
154	159	142
0.346555	0.664811	-0.661760	23.035357
0.456993	-0.735753	-0.499825	-14.631466
-0.819181	-0.129203	-0.558793	-9.963886
0.000000	0.000000	0.000000	1.000000
139	184	142
-0.913100	0.237324	0.331550	-3.038895
0.122407	-0.616085	0.778110	-9.354344
0.388927	0.751077	0.533497	7.983914
0.000000	0.000000	0.000000	1.000000
139	144	142
0.999856	-0.016569	0.003788	-3.685206
0.016468	0.999542	0.025404	-1.820200
-0.004208	-0.025338	0.999670	-0.456130
0.000000	0.000000	0.000000	1.000000
134	139	142
-0.999554	-0.025787	-0.015092	2.389863
0.024664	-0.997216	0.070370	-17.954004
-0.016865	0.069967	0.997407	0.774049
0.000000	0.000000	0.000000	1.000000
104	134	142
0.812961	0.580074	0.051062	-25.243304
-0.581242	0.813661	0.010634	13.315868
-0.035379	-0.038325	0.998639	0.671852
0.000000	0.000000	0.000000	1.000000
139	229	142
-0.028739	0.998017	-0.055993	0.246982
-0.998265	-0.025776	0.052945	-7.039056
0.051397	0.057418	0.997026	0.707600
0.000000	0.000000	0.000000	1.000000
99	219	142
0.999767	0.004025	0.021226	23.893682
-0.004001	0.999991	-0.001185	-4.140274
-0.021230	0.001099	0.999774	-0.152763
0.000000	0.000000	0.000000	1.000000
4	199	142
0.739166	-0.525028	-0.421877	0.752943
-0.401913	0.158792	-0.901804	0.500947
0.540463	0.836140	-0.093642	0.644756
0.000000	0.000000	0.000000	1.000000
49	149	142
-0.928646	0.332992	-0.163498	21.194956
-0.153461	-0.746095	-0.647913	-10.441663
-0.337736	-0.576592	0.743960	0.992215
0.000000	0.000000	0.000000	1.000000
34	94	142
0.594635	-0.764954	0.247496	15.891839
0.740648	0.640951	0.201551	-5.522444
-0.312810	0.063458	0.947694	-3.249437
0.000000	0.000000	0.000000	1.000000
4	149	142
0.829806	-0.285063	0.479751	5.735666
0.344112	0.938170	-0.037746	-6.658320
-0.439328	0.196410	0.876592	7.359520
0.000000	0.000000	0.000000	1.000000
39	229	142
-0.035878	0.812284	-0.582158	0.954909
0.111155	-0.575674	-0.810089	8.913369
-0.993155	-0.093774	-0.069635	-11.613988
0.000000	0.000000	0.000000	1.000000
84	189	142
-0.216971	-0.896868	-0.385423	6.144985
0.970670	-0.156335	-0.182645	-15.319013
0.103553	-0.413747	0.904483	-1.951164
0.000000	0.000000	0.000000	1.000000
9	184	142
-0.557935	-0.805455	-0.199877	-10.797551
0.829701	-0.536326	-0.154757	-4.678699
0.017451	-0.252183	0.967522	3.749936
0.000000	0.000000	0.000000	1.000000
69	219	142
0.127719	0.709639	0.692893	-33.926496
-0.676711	-0.448388	0.583961	9.960493
0.725086	-0.543471	0.422953	3.045012
0.000000	0.000000	0.000000	1.000000
34	199	142
0.634640	-0.595123	0.493011	-7.720360
0.759781	0.597123	-0.257248	-8.314673
-0.141294	0.537841	0.831122	7.809987
0.000000	0.000000	0.000000	1.000000
154	214	142
0.310306	0.798190	-0.516336	1.298131
-0.917263	0.394051	0.057898	-27.081948
0.249677	0.455650	0.854427	8.886543
0.000000	0.000000	0.000000	1.000000
184	204	142
0.074265	0.761117	-0.644349	11.419965
-0.984318	0.159618	0.075095	-3.428895
0.160006	0.628668	0.761035	8.450206
0.000000	0.000000	0.000000	1.000000
19	24	142
0.813199	0.285559	0.507112	-3.177543
-0.023411	0.886694	-0.461763	3.811900
-0.581514	0.363634	0.727744	-0.817367
0.000000	0.000000	0.000000	1.000000
134	164	142
0.973137	0.152680	0.172319	4.409923
-0.181628	0.969070	0.167080	-2.741990
-0.141479	-0.193889	0.970768	-2.270847
0.000000	0.000000	0.000000	1.000000
44	124	142
0.895256	-0.250122	-0.368721	-0.338752
0.420447	0.748124	0.513357	-5.950884
0.147447	-0.614614	0.774925	1.823590
0.000000	0.000000	0.000000	1.000000
19	134	142
-0.734534	0.671387	0.098479	25.512388
-0.037307	-0.184863	0.982056	16.883155
0.677545	0.717680	0.160836	2.551832
0.000000	0.000000	0.000000	1.000000
69	214	142
-0.776411	-0.425815	0.464615	-46.486687
-0.058940	-0.684928	-0.726223	-2.822701
0.627464	-0.591232	0.506688	15.939311
0.000000	0.000000	0.000000	1.000000
24	134	142
-0.811603	-0.559220	0.169036	-8.679244
0.583747	-0.787773	0.196602	-8.018681
0.023219	0.258237	0.965802	-1.207054
0.000000	0.000000	0.000000	1.000000
159	224	142
0.962617	-0.185362	-0.197506	-5.662631
0.268794	0.743699	0.612096	-9.503331
0.033426	-0.642302	0.765722	4.784397
0.000000	0.000000	0.000000	1.000000
94	184	142
0.150005	0.976537	0.154509	19.290669
-0.988240	0.152787	-0.006223	-2.557281
-0.029684	-0.151758	0.987972	-4.678523
0.000000	0.000000	0.000000	1.000000
94	169	142
0.840796	-0.445130	0.308093	7.505200
-0.536349	-0.762159	0.362551	14.187796
0.073433	-0.470077	-0.879565	7.869030
0.000000	0.000000	0.000000	1.000000
34	89	142
-0.414582	0.056172	-0.908277	-13.484183
-0.190094	-0.981420	0.026072	-19.304421
-0.889936	0.183467	0.417557	-9.622347
0.000000	0.000000	0.000000	1.000000
19	124	142
-0.950824	0.214811	0.223137	-0.402632
-0.182380	-0.970578	0.157213	4.855953
0.250343	0.108786	0.962026	-2.218427
0.000000	0.000000	0.000000	1.000000
129	199	142
-0.838582	0.399640	-0.370227	2.681683
-0.144854	0.491560	0.858712	-8.942624
0.525165	0.773729	-0.354324	5.401670
0.000000	0.000000	0.000000	1.000000
39	124	142
-0.802712	-0.474339	-0.361464	-10.353865
0.536604	-0.838943	-0.090727	7.684238
-0.260212	-0.266791	0.927961	-0.114383
0.000000	0.000000	0.000000	1.000000
199	204	142
-0.363164	-0.091257	0.927246	9.459828
-0.751075	-0.560244	-0.349303	13.233122
0.551360	-0.823285	0.134919	-14.822417
0.000000	0.000000	0.000000	1.000000
14	144	142
0.983547	0.138203	-0.116343	7.957764
0.100270	-0.953331	-0.284791	-1.694669
-0.150272	0.268440	-0.951503	-1.637936
0.000000	0.000000	0.000000	1.000000
69	74	142
0.999958	-0.008978	-0.001821	-44.323285
0.008983	0.999957	0.002325	22.728931
0.001800	-0.002342	0.999996	-1.092983
0.000000	0.000000	0.000000	1.000000
149	204	142
-0.034051	0.995596	-0.087341	37.734564
-0.997851	-0.028971	0.058779	2.336735
0.055990	0.089155	0.994443	1.320555
0.000000	0.000000	0.000000	1.000000
19	159	142
-0.386298	0.899703	0.203243	1.764949
-0.130456	0.164840	-0.977655	-12.147838
-0.913102	-0.404181	0.053694	9.326696
0.000000	0.000000	0.000000	1.000000
89	124	142
0.976266	0.213325	0.037368	-17.774872
-0.216572	0.960951	0.172247	7.916377
0.000836	-0.176252	0.984345	-0.543504
0.000000	0.000000	0.000000	1.000000
154	164	142
-0.366239	-0.586447	-0.722460	-1.847048
0.860909	0.081099	-0.502254	-10.328812
0.353136	-0.805917	0.475176	5.194633
0.000000	0.000000	0.000000	1.000000
19	164	142
0.509289	-0.279264	0.814025	-3.507065
0.858413	0.097524	-0.503603	8.480898
0.061251	0.955249	0.289391	-9.399215
0.000000	0.000000	0.000000	1.000000
74	159	142
0.975506	0.208549	0.069967	1.753243
-0.219767	0.910193	0.351073	-1.459761
0.009532	-0.357850	0.933730	-0.412749
0.000000	0.000000	0.000000	1.000000
89	229	142
-0.114889	0.993038	0.026002	-7.814613
-0.928389	-0.116648	0.352827	-8.827608
0.353403	0.016396	0.935327	4.050426
0.000000	0.000000	0.000000	1.000000
74	184	142
0.503955	0.582101	0.638113	19.655148
-0.775391	0.630377	0.037329	-7.382109
-0.380522	-0.513599	0.769037	-3.691022
0.000000	0.000000	0.000000	1.000000
64	89	142
-0.491373	-0.472515	0.731630	20.221285
-0.823532	-0.021326	-0.566869	-13.315926
0.283457	-0.881065	-0.378652	9.943387
0.000000	0.000000	0.000000	1.000000
179	184	142
0.998938	-0.044178	-0.013110	-4.161125
0.044846	0.997425	0.055958	3.919992
0.010604	-0.056487	0.998347	0.090053
0.000000	0.000000	0.000000	1.000000
119	224	142
0.043813	-0.521886	0.851889	10.183880
-0.471232	-0.762686	-0.443002	-7.214687
0.880920	-0.382029	-0.279345	7.352685
0.000000	0.000000	0.000000	1.000000
194	199	142
-0.847817	-0.521785	0.094582	0.759027
0.529233	-0.843808	0.088882	-0.983008
0.033431	0.125411	0.991541	-0.051765
0.000000	0.000000	0.000000	1.000000
84	174	142
0.304093	-0.110819	-0.946175	17.252137
-0.951602	-0.081735	-0.296265	13.570547
-0.044504	0.990474	-0.130310	8.899547
0.000000	0.000000	0.000000	1.000000
34	129	142
0.874655	0.482737	0.044084	-8.737660
-0.483726	0.875094	0.014823	-22.834376
-0.031422	-0.034289	0.998918	0.151510
0.000000	0.000000	0.000000	1.000000
169	189	142
0.966432	-0.227008	-0.120321	22.213960
0.172638	0.920608	-0.350252	8.033052
0.190278	0.317723	0.928895	3.197947
0.000000	0.000000	0.000000	1.000000
144	184	142
-0.973596	-0.227952	0.012238	17.029418
-0.198521	0.818993	-0.538367	-5.203069
0.112699	-0.526581	-0.842622	8.560661
0.000000	0.000000	0.000000	1.000000
14	184	142
-0.697433	0.602429	0.388158	0.237655
0.443413	0.788251	-0.426667	-5.455089
-0.563003	-0.125457	-0.816877	4.027546
0.000000	0.000000	0.000000	1.000000
9	144	142
0.965831	0.237083	0.104700	-9.632128
0.259092	-0.893306	-0.367255	-2.111082
0.006459	0.381833	-0.924209	5.828933
0.000000	0.000000	0.000000	1.000000
174	189	142
-0.218510	0.966366	-0.135609	-7.417732
-0.779878	-0.256466	-0.570977	5.148693
-0.586552	-0.019006	0.809688	5.278469
0.000000	0.000000	0.000000	1.000000
4	204	142
-0.111546	-0.292237	0.949818	3.211888
0.332981	0.889540	0.312796	10.345511
-0.936313	0.351163	-0.001915	17.959771
0.000000	0.000000	0.000000	1.000000
64	239	142
-0.041545	0.987146	0.154324	5.641727
-0.760821	0.068862	-0.645298	-21.442658
-0.647631	-0.144222	0.748181	-8.346113
0.000000	0.000000	0.000000	1.000000
49	214	142
-0.150397	-0.251890	-0.955998	-5.761335
0.945386	0.246211	-0.213600	20.305095
0.289181	-0.935912	0.201104	7.309258
0.000000	0.000000	0.000000	1.000000
24	94	142
0.149051	0.552612	0.820002	9.225387
-0.946250	0.320436	-0.043947	19.969168
-0.287044	-0.769377	0.570671	-3.312676
0.000000	0.000000	0.000000	1.000000
14	129	142
0.887998	0.440310	-0.132615	38.810147
-0.435816	0.897844	0.062777	-4.900821
0.146709	0.002050	0.989178	3.300307
0.000000	0.000000	0.000000	1.000000
74	134	142
0.874934	-0.317881	-0.365299	1.360600
0.271713	0.946697	-0.173024	-12.775921
0.400828	0.052128	0.914669	-1.841195
0.000000	0.000000	0.000000	1.000000
94	229	142
0.318988	-0.797977	0.511351	4.085561
0.081336	0.560596	0.824086	5.568845
-0.944262	-0.221282	0.243728	-7.146832
0.000000	0.000000	0.000000	1.000000
19	224	142
-0.231141	-0.868903	-0.437701	-15.310493
0.971837	-0.184973	-0.146007	11.433514
0.045903	-0.459122	0.887186	3.131827
0.000000	0.000000	0.000000	1.000000
94	214	142
0.999964	0.004845	-0.006964	26.400140
-0.004827	0.999985	0.002578	-2.667734
0.006976	-0.002544	0.999972	-0.135072
0.000000	0.000000	0.000000	1.000000
69	159	142
0.980904	-0.182951	-0.066004	-20.776104
0.184509	0.982661	0.018292	-12.214875
0.061513	-0.030121	0.997652	-1.091179
0.000000	0.000000	0.000000	1.000000
19	89	142
0.985386	0.170327	0.001852	0.318172
-0.169654	0.982348	-0.078798	2.427567
-0.015241	0.077332	0.996889	-0.171638
0.000000	0.000000	0.000000	1.000000
44	164	142
0.999830	0.001587	-0.018351	-22.241052
-0.001509	0.999990	0.004246	12.920046
0.018358	-0.004218	0.999823	-0.909731
0.000000	0.000000	0.000000	1.000000
19	104	142
-0.014585	0.996114	-0.086859	3.683792
-0.967862	-0.035875	-0.248909	11.704790
-0.251057	0.080437	0.964624	2.024492
0.000000	0.000000	0.000000	1.000000
114	149	142
-0.238462	-0.969125	-0.062719	7.692042
0.968764	-0.241905	0.054580	-26.463239
-0.068067	-0.047745	0.996538	3.806920
0.000000	0.000000	0.000000	1.000000
219	229	142
0.389271	-0.894076	0.221578	-3.243524
0.896583	0.422930	0.131412	6.283893
-0.211205	0.147508	0.966247	-3.178866
0.000000	0.000000	0.000000	1.000000
59	184	142
0.999899	-0.000024	0.014210	-20.016373
-0.000095	0.999965	0.008352	-19.823745
-0.014210	-0.008353	0.999864	-1.250602
0.000000	0.000000	0.000000	1.000000
29	179	142
0.154345	0.986650	0.051948	-3.358712
-0.984052	0.158218	-0.081295	-17.383265
-0.088429	-0.038572	0.995335	-0.814725
0.000000	0.000000	0.000000	1.000000
39	89	142
-0.497710	-0.502299	0.707093	10.732413
0.675408	0.287019	0.679297	-25.165014
-0.544159	0.815669	0.196405	5.696041
0.000000	0.000000	0.000000	1.000000
174	194	142
0.510761	0.818055	0.264406	3.544604
0.841432	-0.412563	-0.348975	-2.232898
-0.176396	0.400722	-0.899059	10.918656
0.000000	0.000000	0.000000	1.000000
84	199	142
-0.811758	0.473664	0.341601	13.133603
0.572487	0.760969	0.305262	7.375436
-0.115356	0.443361	-0.888889	4.079479
0.000000	0.000000	0.000000	1.000000
54	59	142
0.699131	0.106785	0.706975	-6.833124
0.208526	0.915345	-0.344471	-3.718197
-0.683910	0.388253	0.617679	-5.456544
0.000000	0.000000	0.000000	1.000000
124	214	142
0.995523	-0.025563	0.090999	0.212162
0.091320	0.508574	-0.856162	-5.314770
-0.024394	0.860639	0.508631	-1.843129
0.000000	0.000000	0.000000	1.000000
99	179	142
0.390499	0.912547	-0.121527	19.105496
-0.919841	0.381388	-0.091852	14.434750
-0.037471	0.147654	0.988329	-3.508083
0.000000	0.000000	0.000000	1.000000
59	224	142
-0.668369	0.734787	-0.115634	-3.631806
-0.743600	-0.656177	0.128415	-14.719071
0.018481	0.171814	0.984956	1.338303
0.000000	0.000000	0.000000	1.000000
99	229	142
0.358255	-0.864438	-0.352705	9.097198
-0.876206	-0.180867	-0.446711	-3.239252
0.322361	0.469079	-0.822222	3.581590
0.000000	0.000000	0.000000	1.000000
29	189	142
0.658035	-0.711193	0.247374	-10.406163
-0.725424	-0.686834	-0.044940	4.411493
0.201866	-0.149879	-0.967877	0.933164
0.000000	0.000000	0.000000	1.000000
39	139	142
0.845558	0.522159	-0.111275	14.356815
-0.533868	0.828596	-0.168565	-6.948117
0.004184	0.201937	0.979390	-0.053655
0.000000	0.000000	0.000000	1.000000
64	124	142
-0.995011	0.039131	-0.091768	-18.975741
-0.086445	-0.797355	0.597288	-2.388087
-0.049799	0.602241	0.796759	2.007088
0.000000	0.000000	0.000000	1.000000
164	239	142
-0.516398	0.820365	-0.245632	-6.407558
-0.738970	-0.571836	-0.356268	5.260578
-0.432731	-0.002462	0.901520	-2.332707
0.000000	0.000000	0.000000	1.000000
39	44	142
0.998296	-0.012806	0.056930	43.647882
0.014355	0.999536	-0.026874	-25.760879
-0.056559	0.027645	0.998016	-0.072216
0.000000	0.000000	0.000000	1.000000
79	84	142
-0.758508	-0.371274	-0.535557	21.391610
0.055100	-0.855426	0.514985	27.741449
-0.649330	0.361111	0.669305	-0.606192
0.000000	0.000000	0.000000	1.000000
24	44	142
-0.352580	-0.353341	-0.866509	18.316476
-0.566864	-0.656098	0.498197	25.455241
-0.744548	0.666847	0.031031	14.523822
0.000000	0.000000	0.000000	1.000000
84	169	142
-0.750254	-0.534065	-0.389734	17.778377
-0.630716	0.754935	0.179642	-2.223556
0.198283	0.380589	-0.903236	5.937108
0.000000	0.000000	0.000000	1.000000
189	219	142
-0.967611	0.234841	-0.092624	13.611406
-0.041006	0.215819	0.975572	4.210529
0.249094	0.947772	-0.199199	-6.957450
0.000000	0.000000	0.000000	1.000000
79	209	142
0.876302	-0.089552	-0.473366	-12.890459
-0.481622	-0.186473	-0.856310	31.015654
-0.011586	0.978370	-0.206537	-11.134678
0.000000	0.000000	0.000000	1.000000
59	179	142
0.999985	-0.002863	0.004743	14.699652
0.002814	0.999941	0.010458	22.328109
-0.004772	-0.010445	0.999934	1.072353
0.000000	0.000000	0.000000	1.000000
189	194	142
-0.925946	0.359483	-0.115741	-2.372724
-0.310581	-0.899205	-0.308171	6.221212
-0.214857	-0.249403	0.944264	2.237737
0.000000	0.000000	0.000000	1.000000
104	124	142
0.972920	0.217799	0.077402	-12.987219
-0.229116	0.864448	0.447476	8.721454
0.030550	-0.453092	0.890940	-1.895287
0.000000	0.000000	0.000000	1.000000
104	214	142
-0.565737	-0.824582	-0.002440	-26.030164
0.540517	-0.373074	0.754093	23.445470
-0.622722	0.425299	0.656763	-16.275869
0.000000	0.000000	0.000000	1.000000
19	119	142
-0.167097	0.985634	0.024585	-17.355442
-0.985457	-0.167744	0.027126	8.766327
0.030860	-0.019695	0.999330	0.852195
0.000000	0.000000	0.000000	1.000000
99	139	142
0.999360	-0.016690	0.031643	7.099151
-0.032078	-0.026502	0.999134	-7.767295
-0.015837	-0.999509	-0.027021	6.860298
0.000000	0.000000	0.000000	1.000000
104	114	142
-0.874878	-0.480519	0.060745	-15.615852
-0.480519	0.845388	-0.233284	12.909917
0.060745	-0.233284	-0.970509	4.833342
0.000000	0.000000	0.000000	1.000000
54	184	142
0.595453	0.635575	-0.491406	6.207857
0.795143	-0.378821	0.473542	-1.290468
0.114816	-0.672711	-0.730943	-2.722016
0.000000	0.000000	0.000000	1.000000
34	209	142
0.218404	0.823113	-0.524199	1.093754
-0.974615	0.211093	-0.074602	-13.042337
0.049248	0.527186	0.848322	2.763183
0.000000	0.000000	0.000000	1.000000
69	209	142
-0.926303	-0.356106	-0.123092	1.771902
0.339907	-0.930752	0.134775	6.331707
-0.162562	0.083003	0.983201	2.039220
0.000000	0.000000	0.000000	1.000000
94	99	142
0.992412	-0.042952	-0.115207	-24.916740
0.049516	0.997273	0.054727	3.199422
0.112542	-0.060016	0.991833	-1.781593
0.000000	0.000000	0.000000	1.000000
59	104	142
-0.774834	-0.361104	-0.518880	-3.579648
-0.033202	0.842912	-0.537027	11.791480
0.631292	-0.398879	-0.665106	13.590282
0.000000	0.000000	0.000000	1.000000
119	164	142
-0.826659	-0.468282	-0.312004	7.186577
0.416289	-0.882008	0.220827	25.919334
-0.378599	0.052665	0.924061	0.522277
0.000000	0.000000	0.000000	1.000000
154	234	142
-0.180074	0.983072	0.033797	7.748370
-0.961828	-0.168777	-0.215410	-8.947657
-0.206060	-0.071297	0.975939	-1.803523
0.000000	0.000000	0.000000	1.000000
204	209	142
0.725529	0.377158	-0.575638	-3.514993
0.396585	-0.912734	-0.098169	-5.575293
-0.562430	-0.157065	-0.811790	21.363130
0.000000	0.000000	0.000000	1.000000
184	209	142
-0.991653	0.038287	-0.123116	30.713045
-0.104406	-0.798737	0.592553	2.417903
-0.075650	0.600461	0.796068	-6.754108
0.000000	0.000000	0.000000	1.000000
129	144	142
0.972552	0.183460	0.143129	-0.731987
0.183460	-0.982937	0.013312	-18.362910
0.143129	0.013312	-0.989615	1.874232
0.000000	0.000000	0.000000	1.000000
44	149	142
0.816578	-0.422337	0.393487	-7.690532
0.575133	0.537150	-0.617002	-1.374933
0.049221	0.730137	0.681525	13.080969
0.000000	0.000000	0.000000	1.000000
54	99	142
0.706064	-0.676730	0.208593	-2.064018
0.707695	0.684848	-0.173643	5.522343
-0.025345	0.270223	0.962464	-0.098863
0.000000	0.000000	0.000000	1.000000
44	239	142
-0.903562	-0.426610	0.039736	12.917296
0.346381	-0.781913	-0.518297	-15.338254
0.252181	-0.454549	0.854277	-2.700456
0.000000	0.000000	0.000000	1.000000
79	204	142
0.999973	-0.005705	-0.004634	-13.364207
0.005812	0.999709	0.023431	28.079460
0.004499	-0.023457	0.999715	-0.253526
0.000000	0.000000	0.000000	1.000000
134	239	142
0.017972	0.998859	0.044254	0.526134
-0.985287	0.010170	0.170607	2.111295
0.169962	-0.046669	0.984345	-1.091106
0.000000	0.000000	0.000000	1.000000
34	79	142
0.173583	-0.117362	-0.977801	-2.362238
-0.875331	0.436598	-0.207795	-10.609065
0.451293	0.891969	-0.026945	-11.052634
0.000000	0.000000	0.000000	1.000000
174	209	142
-0.808760	0.560991	0.176625	5.734218
-0.229406	-0.577423	0.783553	8.935328
0.541554	0.593188	0.595691	-19.997513
0.000000	0.000000	0.000000	1.000000
194	204	142
0.623223	-0.760795	-0.181063	-23.735914
-0.781995	-0.608826	-0.133467	-2.457353
-0.008695	0.224770	-0.974373	8.555502
0.000000	0.000000	0.000000	1.000000
54	174	142
0.999975	-0.003391	-0.006126	2.503614
0.003436	0.999966	0.007443	18.234118
0.006101	-0.007464	0.999954	-0.017068
0.000000	0.000000	0.000000	1.000000
184	194	142
-0.290860	-0.956012	0.037965	-0.387385
0.956591	-0.291335	-0.007526	-9.219224
0.018256	0.034128	0.999251	-0.387544
0.000000	0.000000	0.000000	1.000000
69	109	142
-1.000000	0.000000	0.000000	-18.628514
0.000000	-1.000000	0.000000	18.995338
0.000000	0.000000	1.000000	0.261147
0.000000	0.000000	0.000000	1.000000
214	234	142
-0.216933	-0.962330	-0.163895	2.452442
0.971406	-0.229401	0.061196	2.517050
-0.096489	-0.145933	0.984578	-0.543838
0.000000	0.000000	0.000000	1.000000
114	214	142
-0.075206	-0.612099	0.787197	13.315999
0.018510	-0.790154	-0.612629	0.723130
0.996996	-0.031502	0.070755	24.504869
0.000000	0.000000	0.000000	1.000000
114	164	142
-0.810467	0.575952	-0.106879	-26.557671
0.576145	0.750785	-0.323078	0.813925
-0.105835	-0.323422	-0.940318	1.855150
0.000000	0.000000	0.000000	1.000000
14	109	142
-0.053752	0.990143	-0.129333	-29.658779
-0.998511	-0.052093	0.016179	-4.638403
0.009283	0.130010	0.991469	-0.817682
0.000000	0.000000	0.000000	1.000000
79	214	142
0.446313	0.870180	-0.208788	17.903637
-0.707918	0.486046	0.512456	-3.493853
0.547410	-0.080911	0.832944	14.216158
0.000000	0.000000	0.000000	1.000000
44	114	142
-0.763693	0.605681	0.223436	4.409574
-0.566606	-0.794720	0.217663	-8.256793
0.309403	0.039628	0.950105	0.959285
0.000000	0.000000	0.000000	1.000000
69	234	142
0.834825	0.525601	0.163741	-12.401871
-0.550476	0.800590	0.236710	14.175525
-0.006675	-0.287747	0.957683	-4.545653
0.000000	0.000000	0.000000	1.000000
124	234	142
0.664075	-0.613003	0.428056	1.511974
0.038541	0.599828	0.799201	6.724475
-0.746672	-0.514231	0.421956	0.214139
0.000000	0.000000	0.000000	1.000000
109	234	142
0.999959	-0.004637	0.007833	-5.798860
0.004649	0.999988	-0.001428	33.646963
-0.007827	0.001465	0.999968	0.209902
0.000000	0.000000	0.000000	1.000000
34	109	142
0.669499	0.742744	-0.010148	-5.420058
0.742744	-0.669560	-0.004515	-12.222604
-0.010148	-0.004515	-0.999938	5.962119
0.000000	0.000000	0.000000	1.000000
109	209	142
0.351618	-0.912017	-0.211162	-1.865254
0.935240	0.352133	0.036448	-14.503042
0.041116	-0.210304	0.976771	-1.162692
0.000000	0.000000	0.000000	1.000000
