94	219	142
72.000000	0.000000	0.000000	0.000000	178.467950	-971.291421
0.000000	72.000000	0.000000	-178.467950	0.000000	-1772.330097
0.000000	0.000000	72.000000	971.291421	1772.330097	0.000000
0.000000	-178.467950	971.291421	29962.153670	28373.644913	4605.699465
178.467950	0.000000	1772.330097	28373.644913	64110.536720	-1962.879621
-971.291421	-1772.330097	0.000000	4605.699465	-1962.879621	91654.571818
104	224	142
5.000000	0.000000	0.000000	0.000000	-4.079862	-135.372114
0.000000	5.000000	0.000000	4.079862	0.000000	-80.066388
0.000000	0.000000	5.000000	135.372114	80.066388	0.000000
0.000000	4.079862	135.372114	3798.902322	2172.838085	-65.661924
-4.079862	0.000000	80.066388	2172.838085	1325.180615	70.071726
-135.372114	-80.066388	0.000000	-65.661924	70.071726	5041.521252
129	149	142
6.000000	0.000000	0.000000	0.000000	66.083622	115.551598
0.000000	6.000000	0.000000	-66.083622	0.000000	65.981912
0.000000	0.000000	6.000000	-115.551598	-65.981912	0.000000
0.000000	-66.083622	-115.551598	2981.400809	1252.387372	-781.486550
66.083622	0.000000	-65.981912	1252.387372	2032.987814	1273.527469
115.551598	65.981912	0.000000	-781.486550	1273.527469	3504.435080
14	139	142
118.000000	0.000000	0.000000	0.000000	361.918929	461.866967
0.000000	118.000000	0.000000	-361.918929	0.000000	2842.286499
0.000000	0.000000	118.000000	-461.866967	-2842.286499	0.000000
0.000000	-361.918929	-461.866967	32519.164943	6826.496125	-9387.146086
361.918929	0.000000	-2842.286499	6826.496125	114150.559024	2121.771561
461.866967	2842.286499	0.000000	-9387.146086	2121.771561	141353.953631
124	164	142
3.000000	0.000000	0.000000	0.000000	22.527551	121.143581
0.000000	3.000000	0.000000	-22.527551	0.000000	87.528551
0.000000	0.000000	3.000000	-121.143581	-87.528551	0.000000
0.000000	-22.527551	-121.143581	5061.411511	3534.044018	-656.477088
22.527551	0.000000	-87.528551	3534.044018	2728.145270	909.738300
121.143581	87.528551	0.000000	-656.477088	909.738300	7450.673587
9	14	142
7.000000	0.000000	0.000000	0.000000	61.961244	151.820114
0.000000	7.000000	0.000000	-61.961244	0.000000	-51.220201
0.000000	0.000000	7.000000	-151.820114	51.220201	0.000000
0.000000	-61.961244	-151.820114	3874.987238	-1132.814496	426.110538
61.961244	0.000000	51.220201	-1132.814496	1160.632857	1342.873398
151.820114	-51.220201	0.000000	426.110538	1342.873398	3877.112794
54	179	142
94.000000	0.000000	0.000000	0.000000	627.251805	2070.590542
0.000000	94.000000	0.000000	-627.251805	0.000000	-2413.881516
0.000000	0.000000	94.000000	-2070.590542	2413.881516	0.000000
0.000000	-627.251805	-2070.590542	70611.986174	-45572.784354	17523.236893
627.251805	0.000000	2413.881516	-45572.784354	90687.346860	13425.438071
2070.590542	-2413.881516	0.000000	17523.236893	13425.438071	149181.017527
49	169	142
79.000000	0.000000	0.000000	0.000000	333.151188	-2901.454715
0.000000	79.000000	0.000000	-333.151188	0.000000	-739.133148
0.000000	0.000000	79.000000	2901.454715	739.133148	0.000000
0.000000	-333.151188	2901.454715	125999.038593	19441.625064	4757.479072
333.151188	0.000000	739.133148	19441.625064	24985.567656	-10485.378986
-2901.454715	-739.133148	0.000000	4757.479072	-10485.378986	143636.641880
69	154	142
7.000000	0.000000	0.000000	0.000000	32.027774	120.882771
0.000000	7.000000	0.000000	-32.027774	0.000000	-308.822506
0.000000	0.000000	7.000000	-120.882771	308.822506	0.000000
0.000000	-32.027774	-120.882771	2258.786707	-5362.183378	1411.545402
32.027774	0.000000	308.822506	-5362.183378	13822.069657	552.411940
120.882771	-308.822506	0.000000	1411.545402	552.411940	15775.961958
9	129	142
92.000000	0.000000	0.000000	0.000000	524.686684	1048.067232
0.000000	92.000000	0.000000	-524.686684	0.000000	-2258.107331
0.000000	0.000000	92.000000	-1048.067232	2258.107331	0.000000
0.000000	-524.686684	-1048.067232	43928.633429	-20692.924233	13025.076115
524.686684	0.000000	2258.107331	-20692.924233	80180.465487	9531.292597
1048.067232	-2258.107331	0.000000	13025.076115	9531.292597	110584.258100
29	94	142
8.000000	0.000000	0.000000	0.000000	47.066730	68.351176
0.000000	8.000000	0.000000	-47.066730	0.000000	-165.726965
0.000000	0.000000	8.000000	-68.351176	165.726965	0.000000
0.000000	-47.066730	-68.351176	975.650200	-1118.250018	958.625802
47.066730	0.000000	165.726965	-1118.250018	4723.885785	402.879195
68.351176	-165.726965	0.000000	958.625802	402.879195	5110.672343
49	219	142
12.000000	0.000000	0.000000	0.000000	89.867246	153.662149
0.000000	12.000000	0.000000	-89.867246	0.000000	-79.299078
0.000000	0.000000	12.000000	-153.662149	79.299078	0.000000
0.000000	-89.867246	-153.662149	2655.969272	-1017.463546	592.793305
89.867246	0.000000	79.299078	-1017.463546	1240.560984	1150.612196
153.662149	-79.299078	0.000000	592.793305	1150.612196	2527.719392
169	219	142
9.000000	0.000000	0.000000	0.000000	127.209332	-302.580975
0.000000	9.000000	0.000000	-127.209332	0.000000	-145.658076
0.000000	0.000000	9.000000	302.580975	145.658076	0.000000
0.000000	-127.209332	302.580975	11990.634054	4905.634163	2062.852913
127.209332	0.000000	145.658076	4905.634163	4173.195734	-4278.475402
-302.580975	-145.658076	0.000000	2062.852913	-4278.475402	12552.256609
49	94	142
12.000000	0.000000	0.000000	0.000000	91.358876	144.829617
0.000000	12.000000	0.000000	-91.358876	0.000000	-101.433076
0.000000	0.000000	12.000000	-144.829617	101.433076	0.000000
0.000000	-91.358876	-144.829617	3115.706957	-665.892012	899.215651
91.358876	0.000000	101.433076	-665.892012	2138.420479	953.096080
144.829617	-101.433076	0.000000	899.215651	953.096080	3777.176038
24	124	142
7.000000	0.000000	0.000000	0.000000	40.231172	-188.871525
0.000000	7.000000	0.000000	-40.231172	0.000000	-76.462564
0.000000	0.000000	7.000000	188.871525	76.462564	0.000000
0.000000	-40.231172	188.871525	5715.751309	1073.105924	539.136436
40.231172	0.000000	76.462564	1073.105924	5808.518981	-1147.216124
-188.871525	-76.462564	0.000000	539.136436	-1147.216124	10885.730509
34	204	142
7.000000	0.000000	0.000000	0.000000	84.643345	161.640757
0.000000	7.000000	0.000000	-84.643345	0.000000	-278.955734
0.000000	0.000000	7.000000	-161.640757	278.955734	0.000000
0.000000	-84.643345	-161.640757	4765.133826	-6443.488217	3374.951688
84.643345	0.000000	278.955734	-6443.488217	12149.677399	1958.915822
161.640757	-278.955734	0.000000	3374.951688	1958.915822	14861.108830
49	199	142
8.000000	0.000000	0.000000	0.000000	70.693776	119.071626
0.000000	8.000000	0.000000	-70.693776	0.000000	-72.028798
0.000000	0.000000	8.000000	-119.071626	72.028798	0.000000
0.000000	-70.693776	-119.071626	2721.510499	-1188.968748	695.621089
70.693776	0.000000	72.028798	-1188.968748	1417.298638	1164.297960
119.071626	-72.028798	0.000000	695.621089	1164.297960	2734.451410
94	134	142
5.000000	0.000000	0.000000	0.000000	10.449410	-23.582041
0.000000	5.000000	0.000000	-10.449410	0.000000	151.214670
0.000000	0.000000	5.000000	23.582041	-151.214670	0.000000
0.000000	-10.449410	23.582041	607.646364	-1312.076458	-197.631306
10.449410	0.000000	-151.214670	-1312.076458	6459.605744	30.663070
-23.582041	151.214670	0.000000	-197.631306	30.663070	6948.774248
24	164	142
9.000000	0.000000	0.000000	0.000000	56.418130	-217.708423
0.000000	9.000000	0.000000	-56.418130	0.000000	7.805596
0.000000	0.000000	9.000000	217.708423	-7.805596	0.000000
0.000000	-56.418130	217.708423	9494.232390	-4316.266100	-51.804245
56.418130	0.000000	-7.805596	-4316.266100	4789.208820	-1370.681963
-217.708423	7.805596	0.000000	-51.804245	-1370.681963	13556.136864
4	49	142
7.000000	0.000000	0.000000	0.000000	26.960583	-57.817616
0.000000	7.000000	0.000000	-26.960583	0.000000	-21.581330
0.000000	0.000000	7.000000	57.817616	21.581330	0.000000
0.000000	-26.960583	57.817616	657.030687	182.075800	126.208243
26.960583	0.000000	21.581330	182.075800	304.210771	-226.215025
-57.817616	-21.581330	0.000000	126.208243	-226.215025	610.874378
169	199	142
7.000000	0.000000	0.000000	0.000000	89.257786	-230.525658
0.000000	7.000000	0.000000	-89.257786	0.000000	-118.881524
0.000000	0.000000	7.000000	230.525658	118.881524	0.000000
0.000000	-89.257786	230.525658	8743.123943	3918.392538	1503.178091
89.257786	0.000000	118.881524	3918.392538	3190.635344	-2937.347607
-230.525658	-118.881524	0.000000	1503.178091	-2937.347607	9642.169034
149	199	142
7.000000	0.000000	0.000000	0.000000	42.924670	146.624251
0.000000	7.000000	0.000000	-42.924670	0.000000	327.987389
0.000000	0.000000	7.000000	-146.624251	-327.987389	0.000000
0.000000	-42.924670	-146.624251	4547.485594	6875.101637	-2019.960177
42.924670	0.000000	-327.987389	6875.101637	15708.275903	1106.001191
146.624251	327.987389	0.000000	-2019.960177	1106.001191	19596.747682
94	154	142
4.000000	0.000000	0.000000	0.000000	37.238442	-48.105143
0.000000	4.000000	0.000000	-37.238442	0.000000	83.641344
0.000000	0.000000	4.000000	48.105143	-83.641344	0.000000
0.000000	-37.238442	48.105143	979.719942	-748.490000	-784.071165
37.238442	0.000000	-83.641344	-748.490000	3348.835343	-446.975757
-48.105143	83.641344	0.000000	-784.071165	-446.975757	3632.649568
134	154	142
5.000000	0.000000	0.000000	0.000000	42.101045	116.770065
0.000000	5.000000	0.000000	-42.101045	0.000000	-223.992062
0.000000	0.000000	5.000000	-116.770065	223.992062	0.000000
0.000000	-42.101045	-116.770065	3101.393054	-5233.586735	1862.012387
42.101045	0.000000	223.992062	-5233.586735	10675.538086	983.277879
116.770065	-223.992062	0.000000	1862.012387	983.277879	13028.610722
19	64	142
4.000000	0.000000	0.000000	0.000000	21.824272	-10.948057
0.000000	4.000000	0.000000	-21.824272	0.000000	-11.309231
0.000000	0.000000	4.000000	10.948057	11.309231	0.000000
0.000000	-21.824272	10.948057	4895.301482	-3360.327195	-689.284138
21.824272	0.000000	11.309231	-3360.327195	2925.471601	-1052.258197
-10.948057	-11.309231	0.000000	-689.284138	-1052.258197	7134.277508
4	29	142
5.000000	0.000000	0.000000	0.000000	63.027356	85.755532
0.000000	5.000000	0.000000	-63.027356	0.000000	138.078526
0.000000	0.000000	5.000000	-85.755532	-138.078526	0.000000
0.000000	-63.027356	-85.755532	3570.552914	1694.060812	-1423.408226
63.027356	0.000000	-138.078526	1694.060812	5282.600718	1581.624409
85.755532	138.078526	0.000000	-1423.408226	1581.624409	6789.589797
34	149	142
8.000000	0.000000	0.000000	0.000000	73.304213	194.355949
0.000000	8.000000	0.000000	-73.304213	0.000000	-164.678299
0.000000	0.000000	8.000000	-194.355949	164.678299	0.000000
0.000000	-73.304213	-194.355949	8889.917329	-1897.926901	626.424640
73.304213	0.000000	164.678299	-1897.926901	6081.394485	3028.530473
194.355949	-164.678299	0.000000	626.424640	3028.530473	12574.581765
4	219	142
5.000000	0.000000	0.000000	0.000000	8.730329	-10.645321
0.000000	5.000000	0.000000	-8.730329	0.000000	-20.085375
0.000000	0.000000	5.000000	10.645321	20.085375	0.000000
0.000000	-8.730329	10.645321	871.001881	1059.182741	16.724532
8.730329	0.000000	20.085375	1059.182741	1488.617418	-28.373552
-10.645321	-20.085375	0.000000	16.724532	-28.373552	2293.200558
119	239	142
45.000000	0.000000	0.000000	0.000000	418.286552	1092.175122
0.000000	45.000000	0.000000	-418.286552	0.000000	716.319126
0.000000	0.000000	45.000000	-1092.175122	-716.319126	0.000000
0.000000	-418.286552	-1092.175122	36633.667172	17972.437296	-7472.557378
418.286552	0.000000	-716.319126	17972.437296	26703.574160	11344.222171
1092.175122	716.319126	0.000000	-7472.557378	11344.222171	52052.245736
4	94	142
6.000000	0.000000	0.000000	0.000000	5.848449	81.445511
0.000000	6.000000	0.000000	-5.848449	0.000000	65.451534
0.000000	0.000000	6.000000	-81.445511	-65.451534	0.000000
0.000000	-5.848449	-81.445511	1133.019623	884.444496	-77.807522
5.848449	0.000000	-65.451534	884.444496	752.707845	74.921644
81.445511	65.451534	0.000000	-77.807522	74.921644	1837.530008
74	154	142
5.000000	0.000000	0.000000	0.000000	17.936579	-42.150305
0.000000	5.000000	0.000000	-17.936579	0.000000	49.528952
0.000000	0.000000	5.000000	42.150305	-49.528952	0.000000
0.000000	-17.936579	42.150305	1537.635724	1044.098465	173.924528
17.936579	0.000000	-49.528952	1044.098465	2643.821779	-405.140636
-42.150305	49.528952	0.000000	173.924528	-405.140636	3926.259942
29	169	142
6.000000	0.000000	0.000000	0.000000	29.758703	105.985784
0.000000	6.000000	0.000000	-29.758703	0.000000	-4.782310
0.000000	0.000000	6.000000	-105.985784	4.782310	0.000000
0.000000	-29.758703	-105.985784	2831.025664	1752.397740	-510.973456
29.758703	0.000000	4.782310	1752.397740	4768.086174	742.342612
105.985784	-4.782310	0.000000	-510.973456	742.342612	7175.923912
29	69	142
7.000000	0.000000	0.000000	0.000000	37.815379	58.211239
0.000000	7.000000	0.000000	-37.815379	0.000000	-152.464855
0.000000	0.000000	7.000000	-58.211239	152.464855	0.000000
0.000000	-37.815379	-58.211239	786.769881	-1080.900205	933.920276
37.815379	0.000000	152.464855	-1080.900205	4217.530727	273.453539
58.211239	-152.464855	0.000000	933.920276	273.453539	4532.940472
29	199	142
6.000000	0.000000	0.000000	0.000000	46.057596	30.135909
0.000000	6.000000	0.000000	-46.057596	0.000000	-63.530902
0.000000	0.000000	6.000000	-30.135909	63.530902	0.000000
0.000000	-46.057596	-30.135909	1172.319897	-1334.419005	-373.834757
46.057596	0.000000	63.530902	-1334.419005	4753.421930	-21.261939
30.135909	-63.530902	0.000000	-373.834757	-21.261939	4781.245626
49	69	142
8.000000	0.000000	0.000000	0.000000	63.474225	193.222991
0.000000	8.000000	0.000000	-63.474225	0.000000	12.541429
0.000000	0.000000	8.000000	-193.222991	-12.541429	0.000000
0.000000	-63.474225	-193.222991	5733.140338	1010.237984	147.451665
63.474225	0.000000	-12.541429	1010.237984	1826.489366	1370.154732
193.222991	12.541429	0.000000	147.451665	1370.154732	6427.050932
4	129	142
68.000000	0.000000	0.000000	0.000000	327.703406	-515.152879
0.000000	68.000000	0.000000	-327.703406	0.000000	1556.912730
0.000000	0.000000	68.000000	515.152879	-1556.912730	0.000000
0.000000	-327.703406	515.152879	17301.282362	-12241.387460	-6921.831052
327.703406	0.000000	-1556.912730	-12241.387460	51464.865966	-806.464290
-515.152879	1556.912730	0.000000	-6921.831052	-806.464290	63237.227645
134	224	142
4.000000	0.000000	0.000000	0.000000	0.513770	-37.368822
0.000000	4.000000	0.000000	-0.513770	0.000000	186.157391
0.000000	0.000000	4.000000	37.368822	-186.157391	0.000000
0.000000	-0.513770	37.368822	1098.433833	-1483.396807	-24.671670
0.513770	0.000000	-186.157391	-1483.396807	8762.359599	2.639249
-37.368822	186.157391	0.000000	-24.671670	2.639249	9859.847366
69	94	142
10.000000	0.000000	0.000000	0.000000	37.989805	-19.094063
0.000000	10.000000	0.000000	-37.989805	0.000000	-327.988097
0.000000	0.000000	10.000000	19.094063	327.988097	0.000000
0.000000	-37.989805	19.094063	655.506623	460.301392	1503.203875
37.989805	0.000000	327.988097	460.301392	12866.711120	-141.005303
-19.094063	-327.988097	0.000000	1503.203875	-141.005303	13107.165315
4	9	142
6.000000	0.000000	0.000000	0.000000	17.759077	104.312832
0.000000	6.000000	0.000000	-17.759077	0.000000	50.636889
0.000000	0.000000	6.000000	-104.312832	-50.636889	0.000000
0.000000	-17.759077	-104.312832	2262.461859	510.881199	43.584839
17.759077	0.000000	-50.636889	510.881199	1009.210716	470.090227
104.312832	50.636889	0.000000	43.584839	470.090227	2997.496349
4	184	142
8.000000	0.000000	0.000000	0.000000	24.429159	-38.677512
0.000000	8.000000	0.000000	-24.429159	0.000000	83.614560
0.000000	0.000000	8.000000	38.677512	-83.614560	0.000000
0.000000	-24.429159	38.677512	1384.903005	-484.137898	-718.255725
24.429159	0.000000	-83.614560	-484.137898	10274.497471	200.043843
-38.677512	83.614560	0.000000	-718.255725	200.043843	11182.480255
49	154	142
10.000000	0.000000	0.000000	0.000000	60.576745	193.874661
0.000000	10.000000	0.000000	-60.576745	0.000000	-73.571523
0.000000	0.000000	10.000000	-193.874661	73.571523	0.000000
0.000000	-60.576745	-193.874661	4276.286273	-1382.415221	416.842488
60.576745	0.000000	73.571523	-1382.415221	985.526510	1214.873315
193.874661	-73.571523	0.000000	416.842488	1214.873315	4447.061490
64	119	142
7.000000	0.000000	0.000000	0.000000	78.744945	75.964018
0.000000	7.000000	0.000000	-78.744945	0.000000	340.741882
0.000000	0.000000	7.000000	-75.964018	-340.741882	0.000000
0.000000	-78.744945	-75.964018	1788.355998	3674.926029	-3860.500488
78.744945	0.000000	-340.741882	3674.926029	17535.916863	818.866143
75.964018	340.741882	0.000000	-3860.500488	818.866143	17473.436803
34	49	142
7.000000	0.000000	0.000000	0.000000	68.799917	225.685413
0.000000	7.000000	0.000000	-68.799917	0.000000	-43.922383
0.000000	0.000000	7.000000	-225.685413	43.922383	0.000000
0.000000	-68.799917	-225.685413	7960.070092	-1416.701549	434.657333
68.799917	0.000000	43.922383	-1416.701549	963.635626	2221.450829
225.685413	-43.922383	0.000000	434.657333	2221.450829	7564.843406
29	219	142
8.000000	0.000000	0.000000	0.000000	47.193131	39.651779
0.000000	8.000000	0.000000	-47.193131	0.000000	-84.661726
0.000000	0.000000	8.000000	-39.651779	84.661726	0.000000
0.000000	-47.193131	-39.651779	1742.604179	-1249.358421	139.140627
47.193131	0.000000	84.661726	-1249.358421	2050.810141	-230.450791
39.651779	-84.661726	0.000000	139.140627	-230.450791	2823.434822
154	159	142
10.000000	0.000000	0.000000	0.000000	141.112339	475.909485
0.000000	10.000000	0.000000	-141.112339	0.000000	137.735235
0.000000	0.000000	10.000000	-475.909485	-137.735235	0.000000
0.000000	-141.112339	-475.909485	24661.655380	6547.020250	-1928.703166
141.112339	0.000000	-137.735235	6547.020250	3968.434359	6725.586284
475.909485	137.735235	0.000000	-1928.703166	6725.586284	24628.844225
139	184	142
4.000000	0.000000	0.000000	0.000000	44.047815	46.972120
0.000000	4.000000	0.000000	-44.047815	0.000000	0.975896
0.000000	0.000000	4.000000	-46.972120	-0.975896	0.000000
0.000000	-44.047815	-46.972120	1698.917797	878.811728	-252.155034
44.047815	0.000000	-0.975896	878.811728	1819.559444	687.321856
46.972120	0.975896	0.000000	-252.155034	687.321856	2413.628688
139	144	142
8.000000	0.000000	0.000000	0.000000	5.624140	72.572353
0.000000	8.000000	0.000000	-5.624140	0.000000	-182.095568
0.000000	0.000000	8.000000	-72.572353	182.095568	0.000000
0.000000	-5.624140	-72.572353	2523.336124	-1889.230184	128.289303
5.624140	0.000000	182.095568	-1889.230184	6321.186416	111.718366
72.572353	-182.095568	0.000000	128.289303	111.718366	8770.312355
134	139	142
7.000000	0.000000	0.000000	0.000000	52.730908	105.358920
0.000000	7.000000	0.000000	-52.730908	0.000000	309.806692
0.000000	0.000000	7.000000	-105.358920	-309.806692	0.000000
0.000000	-52.730908	-105.358920	2140.587376	4605.975196	-2241.544757
52.730908	0.000000	-309.806692	4605.975196	15226.111370	791.774416
105.358920	309.806692	0.000000	-2241.544757	791.774416	16266.313015
104	134	142
5.000000	0.000000	0.000000	0.000000	-7.002274	-84.894643
0.000000	5.000000	0.000000	7.002274	0.000000	-112.772549
0.000000	0.000000	5.000000	84.894643	112.772549	0.000000
0.000000	7.002274	84.894643	1802.607140	2231.571718	-146.106855
-7.002274	0.000000	112.772549	2231.571718	2861.863814	111.657009
-84.894643	-112.772549	0.000000	-146.106855	111.657009	4641.137342
139	229	142
5.000000	0.000000	0.000000	0.000000	7.683171	-35.466298
0.000000	5.000000	0.000000	-7.683171	0.000000	-8.919462
0.000000	0.000000	5.000000	35.466298	8.919462	0.000000
0.000000	-7.683171	35.466298	1393.242558	-1612.902985	-54.839015
7.683171	0.000000	8.919462	-1612.902985	6751.082742	108.927666
-35.466298	-8.919462	0.000000	-54.839015	108.927666	8017.056336
99	219	142
78.000000	0.000000	0.000000	0.000000	268.978383	-368.368922
0.000000	78.000000	0.000000	-268.978383	0.000000	2261.521637
0.000000	0.000000	78.000000	368.368922	-2261.521637	0.000000
0.000000	-268.978383	368.368922	16831.851120	-5720.721088	-6946.796881
268.978383	0.000000	-2261.521637	-5720.721088	91714.041220	-2143.876352
-368.368922	2261.521637	0.000000	-6946.796881	-2143.876352	104728.920592
4	199	142
5.000000	0.000000	0.000000	0.000000	35.334841	104.356596
0.000000	5.000000	0.000000	-35.334841	0.000000	141.655926
0.000000	0.000000	5.000000	-104.356596	-141.655926	0.000000
0.000000	-35.334841	-104.356596	2533.489357	3131.953357	-1071.154117
35.334841	0.000000	-141.655926	3131.953357	4674.885244	775.797914
104.356596	141.655926	0.000000	-1071.154117	775.797914	6667.732711
49	149	142
9.000000	0.000000	0.000000	0.000000	43.859156	126.455373
0.000000	9.000000	0.000000	-43.859156	0.000000	0.947246
0.000000	0.000000	9.000000	-126.455373	-0.947246	0.000000
0.000000	-43.859156	-126.455373	2094.069879	158.519773	311.592340
43.859156	0.000000	-0.947246	158.519773	2115.412058	599.246612
126.455373	0.947246	0.000000	311.592340	599.246612	3633.257615
34	94	142
7.000000	0.000000	0.000000	0.000000	72.375843	248.340374
0.000000	7.000000	0.000000	-72.375843	0.000000	-47.083653
0.000000	0.000000	7.000000	-248.340374	47.083653	0.000000
0.000000	-72.375843	-248.340374	10603.089022	-575.158761	387.925613
72.375843	0.000000	47.083653	-575.158761	2255.980226	2666.315791
248.340374	-47.083653	0.000000	387.925613	2666.315791	11339.621919
4	149	142
8.000000	0.000000	0.000000	0.000000	8.500475	81.207264
0.000000	8.000000	0.000000	-8.500475	0.000000	316.671267
0.000000	0.000000	8.000000	-81.207264	-316.671267	0.000000
0.000000	-8.500475	-81.207264	1868.275478	2615.295099	-203.820217
8.500475	0.000000	-316.671267	2615.295099	13177.935421	187.263776
81.207264	316.671267	0.000000	-203.820217	187.263776	14678.206224
39	229	142
4.000000	0.000000	0.000000	0.000000	4.034585	-38.347515
0.000000	4.000000	0.000000	-4.034585	0.000000	44.506625
0.000000	0.000000	4.000000	38.347515	-44.506625	0.000000
0.000000	-4.034585	38.347515	439.826577	-310.718726	-37.493461
4.034585	0.000000	-44.506625	-310.718726	698.289905	-42.933267
-38.347515	44.506625	0.000000	-37.493461	-42.933267	1129.223703
84	189	142
5.000000	0.000000	0.000000	0.000000	9.634723	103.763168
0.000000	5.000000	0.000000	-9.634723	0.000000	85.985555
0.000000	0.000000	5.000000	-103.763168	-85.985555	0.000000
0.000000	-9.634723	-103.763168	4655.489179	2669.765880	-96.392968
9.634723	0.000000	-85.985555	2669.765880	1856.554405	26.301213
103.763168	85.985555	0.000000	-96.392968	26.301213	6400.629680
9	184	142
3.000000	0.000000	0.000000	0.000000	48.238978	70.066299
0.000000	3.000000	0.000000	-48.238978	0.000000	-35.463657
0.000000	0.000000	3.000000	-70.066299	35.463657	0.000000
0.000000	-48.238978	-70.066299	2436.075379	-965.151796	545.008084
48.238978	0.000000	35.463657	-965.151796	2610.152102	1124.952349
70.066299	-35.463657	0.000000	545.008084	1124.952349	3473.728907
69	219	142
4.000000	0.000000	0.000000	0.000000	33.203734	-25.126075
0.000000	4.000000	0.000000	-33.203734	0.000000	-218.637344
0.000000	0.000000	4.000000	25.126075	218.637344	0.000000
0.000000	-33.203734	25.126075	514.462739	1394.725895	1794.970027
33.203734	0.000000	218.637344	1394.725895	12274.433882	-168.811321
-25.126075	-218.637344	0.000000	1794.970027	-168.811321	12166.800467
34	199	142
8.000000	0.000000	0.000000	0.000000	94.594596	243.847614
0.000000	8.000000	0.000000	-94.594596	0.000000	-120.872197
0.000000	0.000000	8.000000	-243.847614	120.872197	0.000000
0.000000	-94.594596	-243.847614	8567.013683	-3687.958775	1435.256656
94.594596	0.000000	120.872197	-3687.958775	2960.343399	2890.404425
243.847614	-120.872197	0.000000	1435.256656	2890.404425	9275.917215
154	214	142
9.000000	0.000000	0.000000	0.000000	59.230376	218.612060
0.000000	9.000000	0.000000	-59.230376	0.000000	-136.125620
0.000000	0.000000	9.000000	-218.612060	136.125620	0.000000
0.000000	-59.230376	-218.612060	8482.253076	-2154.758177	737.361374
59.230376	0.000000	136.125620	-2154.758177	3008.370888	1817.210656
218.612060	-136.125620	0.000000	737.361374	1817.210656	10589.046890
184	204	142
6.000000	0.000000	0.000000	0.000000	44.843599	252.845181
0.000000	6.000000	0.000000	-44.843599	0.000000	12.960136
0.000000	0.000000	6.000000	-252.845181	-12.960136	0.000000
0.000000	-44.843599	-252.845181	11042.051379	538.430446	-91.322022
44.843599	0.000000	-12.960136	538.430446	413.405433	1904.371582
252.845181	12.960136	0.000000	-91.322022	1904.371582	10703.792054
19	24	142
6.000000	0.000000	0.000000	0.000000	48.976505	-216.929699
0.000000	6.000000	0.000000	-48.976505	0.000000	107.231723
0.000000	0.000000	6.000000	216.929699	-107.231723	0.000000
0.000000	-48.976505	216.929699	8268.779257	-3887.483084	-867.666382
48.976505	0.000000	-107.231723	-3887.483084	2338.428405	-1759.441945
-216.929699	107.231723	0.000000	-867.666382	-1759.441945	9788.032539
134	164	142
6.000000	0.000000	0.000000	0.000000	5.801198	63.278793
0.000000	6.000000	0.000000	-5.801198	0.000000	31.427783
0.000000	0.000000	6.000000	-63.278793	-31.427783	0.000000
0.000000	-5.801198	-63.278793	1620.471290	-528.940464	-256.023013
5.801198	0.000000	-31.427783	-528.940464	1792.892903	-30.255218
63.278793	31.427783	0.000000	-256.023013	-30.255218	3318.997399
44	124	142
4.000000	0.000000	0.000000	0.000000	62.271693	-20.331429
0.000000	4.000000	0.000000	-62.271693	0.000000	136.366545
0.000000	0.000000	4.000000	20.331429	-136.366545	0.000000
0.000000	-62.271693	20.331429	1078.266071	-697.625531	-2124.890893
62.271693	0.000000	-136.366545	-697.625531	5628.525097	-318.865485
-20.331429	136.366545	0.000000	-2124.890893	-318.865485	4764.735557
19	134	142
4.000000	0.000000	0.000000	0.000000	37.162477	-155.729626
0.000000	4.000000	0.000000	-37.162477	0.000000	87.952942
0.000000	0.000000	4.000000	155.729626	-87.952942	0.000000
0.000000	-37.162477	155.729626	6409.946058	-3424.488051	-816.674361
37.162477	0.000000	-87.952942	-3424.488051	2282.073279	-1446.544517
-155.729626	87.952942	0.000000	-816.674361	-1446.544517	8000.719948
69	214	142
6.000000	0.000000	0.000000	0.000000	37.583942	0.980377
0.000000	6.000000	0.000000	-37.583942	0.000000	-286.851101
0.000000	0.000000	6.000000	-0.980377	286.851101	0.000000
0.000000	-37.583942	-0.980377	251.436017	-47.246546	1800.554935
37.583942	0.000000	286.851101	-47.246546	13964.625072	10.878244
0.980377	-286.851101	0.000000	1800.554935	10.878244	13734.967691
24	134	142
7.000000	0.000000	0.000000	0.000000	55.364420	134.711560
0.000000	7.000000	0.000000	-55.364420	0.000000	-236.463415
0.000000	0.000000	7.000000	-134.711560	236.463415	0.000000
0.000000	-55.364420	-134.711560	3463.405042	-3954.219951	1661.041934
55.364420	0.000000	236.463415	-3954.219951	9411.862083	1198.694077
134.711560	-236.463415	0.000000	1661.041934	1198.694077	11899.162725
159	224	142
6.000000	0.000000	0.000000	0.000000	55.874032	46.131038
0.000000	6.000000	0.000000	-55.874032	0.000000	-226.857672
0.000000	0.000000	6.000000	-46.131038	226.857672	0.000000
0.000000	-55.874032	-46.131038	1099.015755	-2538.286130	2791.913920
55.874032	0.000000	226.857672	-2538.286130	14238.124283	539.716859
46.131038	-226.857672	0.000000	2791.913920	539.716859	14109.667902
94	184	142
4.000000	0.000000	0.000000	0.000000	7.035386	39.081853
0.000000	4.000000	0.000000	-7.035386	0.000000	133.231325
0.000000	0.000000	4.000000	-39.081853	-133.231325	0.000000
0.000000	-7.035386	-39.081853	1797.992419	378.700681	-97.770928
7.035386	0.000000	-133.231325	378.700681	6375.199121	200.453955
39.081853	133.231325	0.000000	-97.770928	200.453955	8119.686461
94	169	142
5.000000	0.000000	0.000000	0.000000	10.300197	-86.561496
0.000000	5.000000	0.000000	-10.300197	0.000000	-1.613857
0.000000	0.000000	5.000000	86.561496	1.613857	0.000000
0.000000	-10.300197	86.561496	1876.549782	1461.882973	-737.804001
10.300197	0.000000	1.613857	1461.882973	7718.774512	-39.247694
-86.561496	-1.613857	0.000000	-737.804001	-39.247694	9380.631898
34	89	142
7.000000	0.000000	0.000000	0.000000	116.438205	270.254791
0.000000	7.000000	0.000000	-116.438205	0.000000	-94.490329
0.000000	0.000000	7.000000	-270.254791	94.490329	0.000000
0.000000	-116.438205	-270.254791	12456.791160	-3702.282533	1666.742859
116.438205	0.000000	94.490329	-3702.282533	3423.554025	4532.501981
270.254791	-94.490329	0.000000	1666.742859	4532.501981	11882.692357
19	124	142
3.000000	0.000000	0.000000	0.000000	4.631497	-32.922174
0.000000	3.000000	0.000000	-4.631497	0.000000	-77.882511
0.000000	0.000000	3.000000	32.922174	77.882511	0.000000
0.000000	-4.631497	32.922174	384.027586	851.349026	113.431449
4.631497	0.000000	77.882511	851.349026	2046.438127	-55.154934
-32.922174	-77.882511	0.000000	113.431449	-55.154934	2390.363310
129	199	142
7.000000	0.000000	0.000000	0.000000	89.097310	154.492506
0.000000	7.000000	0.000000	-89.097310	0.000000	-158.465961
0.000000	0.000000	7.000000	-154.492506	158.465961	0.000000
0.000000	-89.097310	-154.492506	4851.421996	-3672.521975	2804.180589
89.097310	0.000000	158.465961	-3672.521975	7413.177501	2023.062571
154.492506	-158.465961	0.000000	2804.180589	2023.062571	9407.347149
39	124	142
6.000000	0.000000	0.000000	0.000000	21.258381	37.098936
0.000000	6.000000	0.000000	-21.258381	0.000000	-96.593571
0.000000	0.000000	6.000000	-37.098936	96.593571	0.000000
0.000000	-21.258381	-37.098936	1493.692822	-384.804948	309.585757
21.258381	0.000000	96.593571	-384.804948	1703.875183	315.793086
37.098936	-96.593571	0.000000	309.585757	315.793086	2985.137987
199	204	142
8.000000	0.000000	0.000000	0.000000	73.708546	-194.087352
0.000000	8.000000	0.000000	-73.708546	0.000000	125.805259
0.000000	0.000000	8.000000	194.087352	-125.805259	0.000000
0.000000	-73.708546	194.087352	6818.313442	-3635.130720	-1104.444142
73.708546	0.000000	-125.805259	-3635.130720	2931.026970	-1661.027617
-194.087352	125.805259	0.000000	-1104.444142	-1661.027617	8349.118336
14	144	142
5.000000	0.000000	0.000000	0.000000	-2.432411	63.449870
0.000000	5.000000	0.000000	2.432411	0.000000	28.102364
0.000000	0.000000	5.000000	-63.449870	-28.102364	0.000000
0.000000	2.432411	-63.449870	1549.607330	911.702226	76.984653
-2.432411	0.000000	-28.102364	911.702226	2277.562366	27.796222
63.449870	28.102364	0.000000	76.984653	27.796222	3801.193497
69	74	142
40.000000	0.000000	0.000000	0.000000	90.470643	-691.177012
0.000000	40.000000	0.000000	-90.470643	0.000000	-1960.766773
0.000000	0.000000	40.000000	691.177012	1960.766773	0.000000
0.000000	-90.470643	691.177012	19148.682302	31270.864062	5072.983022
90.470643	0.000000	1960.766773	31270.864062	98256.372111	-257.856967
-691.177012	-1960.766773	0.000000	5072.983022	-257.856967	115742.392539
149	204	142
7.000000	0.000000	0.000000	0.000000	43.026993	187.179932
0.000000	7.000000	0.000000	-43.026993	0.000000	328.206612
0.000000	0.000000	7.000000	-187.179932	-328.206612	0.000000
0.000000	-43.026993	-187.179932	5310.766059	8775.444258	-2026.178645
43.026993	0.000000	-328.206612	8775.444258	15704.069115	1141.973151
187.179932	328.206612	0.000000	-2026.178645	1141.973151	20414.729734
19	159	142
3.000000	0.000000	0.000000	0.000000	2.185841	76.847528
0.000000	3.000000	0.000000	-2.185841	0.000000	-9.230769
0.000000	0.000000	3.000000	-76.847528	9.230769	0.000000
0.000000	-2.185841	-76.847528	1970.985459	-237.231742	6.782813
2.185841	0.000000	9.230769	-237.231742	34.889797	55.944063
76.847528	-9.230769	0.000000	6.782813	55.944063	2001.232682
89	124	142
5.000000	0.000000	0.000000	0.000000	27.757346	-45.431757
0.000000	5.000000	0.000000	-27.757346	0.000000	-171.115333
0.000000	0.000000	5.000000	45.431757	171.115333	0.000000
0.000000	-27.757346	45.431757	797.057344	1736.873659	1118.601235
27.757346	0.000000	171.115333	1736.873659	6924.774048	-336.597351
-45.431757	-171.115333	0.000000	1118.601235	-336.597351	7071.721602
154	164	142
9.000000	0.000000	0.000000	0.000000	121.028176	292.517987
0.000000	9.000000	0.000000	-121.028176	0.000000	-32.556318
0.000000	0.000000	9.000000	-292.517987	32.556318	0.000000
0.000000	-121.028176	-292.517987	15205.033486	4012.022260	269.609416
121.028176	0.000000	32.556318	4012.022260	8094.646092	4071.181633
292.517987	-32.556318	0.000000	269.609416	4071.181633	20030.674789
19	164	142
8.000000	0.000000	0.000000	0.000000	69.724959	-283.577969
0.000000	8.000000	0.000000	-69.724959	0.000000	132.866067
0.000000	0.000000	8.000000	283.577969	-132.866067	0.000000
0.000000	-69.724959	283.577969	10674.394573	-4709.015519	-1163.539424
69.724959	0.000000	-132.866067	-4709.015519	2846.504406	-2472.068555
-283.577969	132.866067	0.000000	-1163.539424	-2472.068555	12283.880229
74	159	142
5.000000	0.000000	0.000000	0.000000	2.718928	41.431591
0.000000	5.000000	0.000000	-2.718928	0.000000	155.449059
0.000000	0.000000	5.000000	-41.431591	-155.449059	0.000000
0.000000	-2.718928	-41.431591	511.886975	1426.359302	-210.596550
2.718928	0.000000	-155.449059	1426.359302	5192.645292	96.307278
41.431591	155.449059	0.000000	-210.596550	96.307278	5516.107415
89	229	142
5.000000	0.000000	0.000000	0.000000	4.717443	-35.603220
0.000000	5.000000	0.000000	-4.717443	0.000000	-119.540449
0.000000	0.000000	5.000000	35.603220	119.540449	0.000000
0.000000	-4.717443	35.603220	345.883412	1077.259550	241.785052
4.717443	0.000000	119.540449	1077.259550	4430.570368	-56.645615
-35.603220	-119.540449	0.000000	241.785052	-56.645615	4719.627432
74	184	142
5.000000	0.000000	0.000000	0.000000	53.380855	200.260265
0.000000	5.000000	0.000000	-53.380855	0.000000	178.954704
0.000000	0.000000	5.000000	-200.260265	-178.954704	0.000000
0.000000	-53.380855	-200.260265	8638.747595	7192.862939	-1909.537283
53.380855	0.000000	-178.954704	7192.862939	7016.909766	2140.308727
200.260265	178.954704	0.000000	-1909.537283	2140.308727	14494.836511
64	89	142
6.000000	0.000000	0.000000	0.000000	51.077106	52.632890
0.000000	6.000000	0.000000	-51.077106	0.000000	288.312786
0.000000	0.000000	6.000000	-52.632890	-288.312786	0.000000
0.000000	-51.077106	-52.632890	2016.501027	1661.798492	-2518.296025
51.077106	0.000000	-288.312786	1661.798492	14987.068494	368.384144
52.632890	288.312786	0.000000	-2518.296025	368.384144	16114.211751
179	184	142
5.000000	0.000000	0.000000	0.000000	0.537553	-25.168310
0.000000	5.000000	0.000000	-0.537553	0.000000	-19.727432
0.000000	0.000000	5.000000	25.168310	19.727432	0.000000
0.000000	-0.537553	25.168310	2315.138865	-93.725004	-109.954876
0.537553	0.000000	19.727432	-93.725004	1525.645789	361.426564
-25.168310	-19.727432	0.000000	-109.954876	361.426564	3681.465072
119	224	142
3.000000	0.000000	0.000000	0.000000	12.013914	73.297264
0.000000	3.000000	0.000000	-12.013914	0.000000	51.358368
0.000000	0.000000	3.000000	-73.297264	-51.358368	0.000000
0.000000	-12.013914	-73.297264	1901.206963	1259.041574	-209.899801
12.013914	0.000000	-51.358368	1259.041574	959.504898	322.267838
73.297264	51.358368	0.000000	-209.899801	322.267838	2701.354033
194	199	142
8.000000	0.000000	0.000000	0.000000	70.355870	-37.119429
0.000000	8.000000	0.000000	-70.355870	0.000000	-144.334886
0.000000	0.000000	8.000000	37.119429	144.334886	0.000000
0.000000	-70.355870	37.119429	3834.161869	877.726877	1265.306671
70.355870	0.000000	144.334886	877.726877	3294.997828	-328.678500
-37.119429	-144.334886	0.000000	1265.306671	-328.678500	5784.479917
84	174	142
5.000000	0.000000	0.000000	0.000000	55.261998	-171.812763
0.000000	5.000000	0.000000	-55.261998	0.000000	134.108528
0.000000	0.000000	5.000000	171.812763	-134.108528	0.000000
0.000000	-55.261998	171.812763	6535.325845	-4605.769548	-1482.910816
55.261998	0.000000	-134.108528	-4605.769548	4249.824339	-1904.910429
-171.812763	134.108528	0.000000	-1482.910816	-1904.910429	9527.225923
34	129	142
9.000000	0.000000	0.000000	0.000000	78.806792	196.987922
0.000000	9.000000	0.000000	-78.806792	0.000000	-222.683876
0.000000	0.000000	9.000000	-196.987922	222.683876	0.000000
0.000000	-78.806792	-196.987922	5406.686492	-4086.235141	2217.822932
78.806792	0.000000	222.683876	-4086.235141	9156.931673	1722.218362
196.987922	-222.683876	0.000000	2217.822932	1722.218362	13055.660494
169	189	142
5.000000	0.000000	0.000000	0.000000	25.403930	-48.937766
0.000000	5.000000	0.000000	-25.403930	0.000000	85.625639
0.000000	0.000000	5.000000	48.937766	-85.625639	0.000000
0.000000	-25.403930	48.937766	710.587666	-470.214258	-366.372910
25.403930	0.000000	-85.625639	-470.214258	3110.949253	-262.971073
-48.937766	85.625639	0.000000	-366.372910	-262.971073	3540.270976
144	184	142
5.000000	0.000000	0.000000	0.000000	26.120299	115.064602
0.000000	5.000000	0.000000	-26.120299	0.000000	-29.436584
0.000000	0.000000	5.000000	-115.064602	29.436584	0.000000
0.000000	-26.120299	-115.064602	3327.699116	-46.178765	-298.812437
26.120299	0.000000	29.436584	-46.178765	1610.216365	857.902716
115.064602	-29.436584	0.000000	-298.812437	857.902716	4296.663291
14	184	142
3.000000	0.000000	0.000000	0.000000	6.670590	25.337580
0.000000	3.000000	0.000000	-6.670590	0.000000	-1.418298
0.000000	0.000000	3.000000	-25.337580	1.418298	0.000000
0.000000	-6.670590	-25.337580	1038.142629	-104.734062	-227.895590
6.670590	0.000000	1.418298	-104.734062	804.171141	175.115728
25.337580	-1.418298	0.000000	-227.895590	175.115728	1588.760461
9	144	142
4.000000	0.000000	0.000000	0.000000	43.529762	88.967987
0.000000	4.000000	0.000000	-43.529762	0.000000	-43.165996
0.000000	0.000000	4.000000	-88.967987	43.165996	0.000000
0.000000	-43.529762	-88.967987	2469.182459	-974.624933	482.290935
43.529762	0.000000	43.165996	-974.624933	1098.596005	966.768387
88.967987	-43.165996	0.000000	482.290935	966.768387	2591.090686
174	189	142
5.000000	0.000000	0.000000	0.000000	32.247965	3.582770
0.000000	5.000000	0.000000	-32.247965	0.000000	-44.193362
0.000000	0.000000	5.000000	-3.582770	44.193362	0.000000
0.000000	-32.247965	-3.582770	419.065355	156.847769	390.689337
32.247965	0.000000	44.193362	156.847769	979.049438	-69.200043
3.582770	-44.193362	0.000000	390.689337	-69.200043	841.298485
4	204	142
5.000000	0.000000	0.000000	0.000000	18.782295	16.070810
0.000000	5.000000	0.000000	-18.782295	0.000000	85.046128
0.000000	0.000000	5.000000	-16.070810	-85.046128	0.000000
0.000000	-18.782295	-16.070810	1600.914991	1094.603601	-539.637021
18.782295	0.000000	-85.046128	1094.603601	2110.661673	428.258717
16.070810	85.046128	0.000000	-539.637021	428.258717	3373.775512
64	239	142
9.000000	0.000000	0.000000	0.000000	90.919507	107.565178
0.000000	9.000000	0.000000	-90.919507	0.000000	408.845860
0.000000	0.000000	9.000000	-107.565178	-408.845860	0.000000
0.000000	-90.919507	-107.565178	2251.341919	4851.262358	-4132.490357
90.919507	0.000000	-408.845860	4851.262358	19627.301985	1090.835682
107.565178	408.845860	0.000000	-4132.490357	1090.835682	20025.330260
49	214	142
12.000000	0.000000	0.000000	0.000000	98.099220	142.995144
0.000000	12.000000	0.000000	-98.099220	0.000000	-93.216592
0.000000	0.000000	12.000000	-142.995144	93.216592	0.000000
0.000000	-98.099220	-142.995144	2547.799490	-1112.862871	763.866053
98.099220	0.000000	93.216592	-1112.862871	1565.378990	1161.473330
142.995144	-93.216592	0.000000	763.866053	1161.473330	2465.410406
24	94	142
5.000000	0.000000	0.000000	0.000000	27.572901	-174.548729
0.000000	5.000000	0.000000	-27.572901	0.000000	61.409778
0.000000	0.000000	5.000000	174.548729	-61.409778	0.000000
0.000000	-27.572901	174.548729	6257.738236	-2146.688416	-337.498611
27.572901	0.000000	-61.409778	-2146.688416	912.267017	-963.953453
-174.548729	61.409778	0.000000	-337.498611	-963.953453	6863.052082
14	129	142
7.000000	0.000000	0.000000	0.000000	9.862234	48.108445
0.000000	7.000000	0.000000	-9.862234	0.000000	280.461605
0.000000	0.000000	7.000000	-48.108445	-280.461605	0.000000
0.000000	-9.862234	-48.108445	1885.605433	1187.872016	-381.567201
9.862234	0.000000	-280.461605	1187.872016	11637.472366	95.416482
48.108445	280.461605	0.000000	-381.567201	95.416482	13454.682048
74	134	142
7.000000	0.000000	0.000000	0.000000	36.804955	200.624825
0.000000	7.000000	0.000000	-36.804955	0.000000	162.984685
0.000000	0.000000	7.000000	-200.624825	-162.984685	0.000000
0.000000	-36.804955	-200.624825	6994.064645	5621.303755	-1130.882254
36.804955	0.000000	-162.984685	5621.303755	5054.390368	1324.327141
200.624825	162.984685	0.000000	-1130.882254	1324.327141	11500.709314
94	229	142
5.000000	0.000000	0.000000	0.000000	48.790783	-94.089573
0.000000	5.000000	0.000000	-48.790783	0.000000	-46.333503
0.000000	0.000000	5.000000	94.089573	46.333503	0.000000
0.000000	-48.790783	94.089573	2343.228576	945.351120	505.770569
48.790783	0.000000	46.333503	945.351120	1037.472739	-958.048682
-94.089573	-46.333503	0.000000	505.770569	-958.048682	2351.869117
19	224	142
