0	1	242
1.000000	-0.000442	-0.000188	-1.891096
0.000442	1.000000	-0.000186	-3.232579
0.000188	0.000186	1.000000	-0.244228
0.000000	0.000000	0.000000	1.000000
1	2	242
0.999997	0.002184	0.000878	0.042023
-0.002186	0.999996	0.001584	-3.537800
-0.000874	-0.001586	0.999998	-0.168401
0.000000	0.000000	0.000000	1.000000
2	3	242
0.999999	0.000904	-0.000560	4.187042
-0.000904	0.999998	-0.001627	-3.394969
0.000558	0.001628	0.999999	-0.122006
0.000000	0.000000	0.000000	1.000000
3	4	242
0.999998	0.001002	-0.001596	5.381097
-0.001002	0.999999	0.000424	-2.087558
0.001596	-0.000422	0.999999	-0.056215
0.000000	0.000000	0.000000	1.000000
4	5	242
0.999998	-0.000386	0.002059	6.468865
0.000386	1.000000	0.000267	-1.065301
-0.002059	-0.000266	0.999998	-0.012583
0.000000	0.000000	0.000000	1.000000
5	6	242
0.999999	0.001300	-0.000106	10.899301
-0.001300	0.999998	0.001191	0.370438
0.000108	-0.001191	0.999999	-0.016683
0.000000	0.000000	0.000000	1.000000
6	7	242
1.000000	0.000134	-0.000088	10.424358
-0.000134	1.000000	0.000390	0.758022
0.000088	-0.000390	1.000000	-0.045438
0.000000	0.000000	0.000000	1.000000
7	8	242
0.999997	-0.000191	-0.002487	9.676480
0.000183	0.999994	-0.003359	0.803920
0.002488	0.003358	0.999991	-0.019685
0.000000	0.000000	0.000000	1.000000
8	9	242
1.000000	-0.000196	-0.000350	10.260656
0.000196	0.999999	0.001025	0.803936
0.000349	-0.001025	0.999999	-0.019535
0.000000	0.000000	0.000000	1.000000
9	10	242
0.999999	0.000516	-0.000940	10.031646
-0.000517	0.999999	-0.001228	0.681223
0.000940	0.001229	0.999999	0.055303
0.000000	0.000000	0.000000	1.000000
10	11	242
0.999998	0.000895	-0.001844	10.471786
-0.000897	0.999999	-0.000783	0.794968
0.001843	0.000784	0.999998	-0.014079
0.000000	0.000000	0.000000	1.000000
11	12	242
0.999999	0.000779	0.000642	10.624319
-0.000780	0.999998	0.001558	0.842058
-0.000641	-0.001559	0.999999	0.034570
0.000000	0.000000	0.000000	1.000000
12	13	242
0.999998	0.000580	-0.002129	10.761969
-0.000578	0.999999	0.000964	0.915580
0.002130	-0.000963	0.999997	0.092244
0.000000	0.000000	0.000000	1.000000
13	14	242
0.999999	0.000144	0.001130	9.909341
-0.000144	1.000000	-0.000187	0.690177
-0.001130	0.000187	0.999999	0.097769
0.000000	0.000000	0.000000	1.000000
14	15	242
0.999999	-0.001042	-0.000934	9.898432
0.001041	0.999999	-0.001166	0.936366
0.000935	0.001165	0.999999	0.042302
0.000000	0.000000	0.000000	1.000000
15	16	242
0.999999	0.000115	0.001017	9.174095
-0.000114	1.000000	-0.000983	1.021447
-0.001017	0.000982	0.999999	-0.010754
0.000000	0.000000	0.000000	1.000000
16	17	242
1.000000	-0.000145	-0.000663	8.943357
0.000145	1.000000	0.000181	1.070202
0.000663	-0.000181	1.000000	-0.004139
0.000000	0.000000	0.000000	1.000000
17	18	242
1.000000	0.000170	-0.000946	9.997023
-0.000171	1.000000	-0.000931	1.034682
0.000945	0.000931	0.999999	-0.002815
0.000000	0.000000	0.000000	1.000000
18	19	242
0.999999	-0.000591	0.000851	11.163672
0.000590	0.999998	0.001780	0.710391
-0.000852	-0.001779	0.999998	-0.016979
0.000000	0.000000	0.000000	1.000000
19	20	242
0.999999	-0.000948	-0.001133	11.535760
0.000948	1.000000	0.000186	0.658043
0.001133	-0.000187	0.999999	0.048220
0.000000	0.000000	0.000000	1.000000
20	21	242
0.999999	-0.001651	-0.000350	10.108577
0.001651	0.999998	-0.000573	0.300623
0.000351	0.000573	1.000000	-0.036723
0.000000	0.000000	0.000000	1.000000
21	22	242
1.000000	-0.000444	0.000709	9.099958
0.000444	1.000000	0.000127	-0.089467
-0.000709	-0.000127	1.000000	0.049885
0.000000	0.000000	0.000000	1.000000
22	23	242
0.999999	0.000910	0.000951	8.803374
-0.000908	0.999999	-0.001356	-0.545932
-0.000953	0.001355	0.999999	0.040287
0.000000	0.000000	0.000000	1.000000
23	24	242
0.999999	-0.000114	-0.001069	8.981775
0.000113	1.000000	-0.000122	-0.798868
0.001069	0.000121	0.999999	0.056752
0.000000	0.000000	0.000000	1.000000
24	25	242
1.000000	-0.000114	0.000265	10.479805
0.000114	1.000000	0.000231	-1.014569
-0.000265	-0.000231	1.000000	0.083360
0.000000	0.000000	0.000000	1.000000
25	26	242
0.999995	0.000047	-0.003116	11.112213
-0.000050	1.000000	-0.000815	-1.818721
0.003116	0.000816	0.999995	0.033453
0.000000	0.000000	0.000000	1.000000
26	27	242
0.999997	-0.002334	-0.000637	10.188372
0.002336	0.999995	0.002260	-2.444515
0.000631	-0.002262	0.999997	0.140844
0.000000	0.000000	0.000000	1.000000
27	28	242
0.999999	-0.001344	0.000596	9.481390
0.001343	0.999998	0.001489	-2.799662
-0.000598	-0.001488	0.999999	0.121164
0.000000	0.000000	0.000000	1.000000
28	29	242
1.000000	0.000181	-0.000316	8.948775
-0.000181	1.000000	0.000114	-2.935783
0.000316	-0.000114	1.000000	0.006632
0.000000	0.000000	0.000000	1.000000
29	30	242
0.999998	-0.000176	-0.001897	8.740234
0.000174	0.999999	-0.001208	-3.265508
0.001897	0.001207	0.999997	0.057968
0.000000	0.000000	0.000000	1.000000
30	31	242
1.000000	0.000287	-0.000897	9.266108
-0.000286	0.999999	0.001061	-4.065949
0.000898	-0.001061	0.999999	-0.010070
0.000000	0.000000	0.000000	1.000000
31	32	242
1.000000	0.000586	-0.000754	9.519097
-0.000586	1.000000	-0.000275	-4.318579
0.000754	0.000276	1.000000	0.050402
0.000000	0.000000	0.000000	1.000000
32	33	242
1.000000	-0.000684	0.000239	9.682487
0.000684	1.000000	-0.000115	-4.412564
-0.000239	0.000116	1.000000	-0.004349
0.000000	0.000000	0.000000	1.000000
33	34	242
1.000000	0.000238	0.000142	9.541821
-0.000238	1.000000	-0.000906	-4.392267
-0.000142	0.000906	1.000000	0.011494
0.000000	0.000000	0.000000	1.000000
34	35	242
1.000000	-0.000233	-0.000657	8.866900
0.000233	1.000000	0.000160	-4.399138
0.000657	-0.000160	1.000000	0.074096
0.000000	0.000000	0.000000	1.000000
35	36	242
0.999999	-0.000988	-0.001213	8.562093
0.000989	0.999999	0.000671	-4.383523
0.001212	-0.000672	0.999999	0.096769
0.000000	0.000000	0.000000	1.000000
36	37	242
1.000000	0.000559	0.000798	8.490785
-0.000557	0.999998	-0.001881	-4.428812
-0.000799	0.001881	0.999998	0.090900
0.000000	0.000000	0.000000	1.000000
37	38	242
1.000000	0.000835	0.000184	8.869885
-0.000835	0.999997	-0.002239	-4.705256
-0.000186	0.002239	0.999997	0.135240
0.000000	0.000000	0.000000	1.000000
38	39	242
0.999999	0.000529	-0.001195	8.890617
-0.000531	0.999999	-0.001596	-4.909691
0.001194	0.001596	0.999998	0.223365
0.000000	0.000000	0.000000	1.000000
39	40	242
0.999997	0.000220	-0.002422	8.952500
-0.000219	1.000000	0.000070	-5.338179
0.002422	-0.000069	0.999997	0.336794
0.000000	0.000000	0.000000	1.000000
40	41	242
0.999998	0.000693	-0.002003	9.022937
-0.000690	0.999998	0.001691	-5.427918
0.002004	-0.001690	0.999997	0.351979
0.000000	0.000000	0.000000	1.000000
41	42	242
0.999999	-0.001195	0.000395	8.554440
0.001196	0.999997	-0.002255	-5.282653
-0.000392	0.002255	0.999997	0.306031
0.000000	0.000000	0.000000	1.000000
42	43	242
0.999999	-0.000016	-0.001310	8.608653
0.000015	1.000000	-0.000309	-5.062389
0.001310	0.000309	0.999999	0.347195
0.000000	0.000000	0.000000	1.000000
43	44	242
0.999999	-0.000438	0.001435	8.553282
0.000436	0.999999	0.000968	-5.065069
-0.001436	-0.000968	0.999999	0.270247
0.000000	0.000000	0.000000	1.000000
44	45	242
0.999999	0.001114	0.000204	9.195562
-0.001115	0.999997	0.001966	-5.477794
-0.000202	-0.001966	0.999998	0.308679
0.000000	0.000000	0.000000	1.000000
45	46	242
0.999999	0.001133	0.001078	10.061115
-0.001133	0.999999	-0.000653	-5.577176
-0.001079	0.000652	0.999999	0.349045
0.000000	0.000000	0.000000	1.000000
46	47	242
0.999999	0.000372	-0.001269	9.881612
-0.000372	1.000000	0.000091	-5.723143
0.001269	-0.000091	0.999999	0.391406
0.000000	0.000000	0.000000	1.000000
47	48	242
1.000000	0.000047	0.000012	9.026151
-0.000047	0.999999	-0.001377	-6.340354
-0.000012	0.001377	0.999999	0.364073
0.000000	0.000000	0.000000	1.000000
48	49	242
0.999998	0.000816	0.002035	8.286159
-0.000813	0.999999	-0.001340	-14.275559
-0.002036	0.001338	0.999997	0.143492
0.000000	0.000000	0.000000	1.000000
49	50	242
0.999999	0.000630	-0.001147	0.569564
-0.000628	0.999999	0.001310	-6.054628
0.001148	-0.001309	0.999998	0.031416
0.000000	0.000000	0.000000	1.000000
50	51	242
1.000000	-0.000125	-0.000042	0.291878
0.000125	1.000000	0.000151	-4.403861
0.000042	-0.000151	1.000000	0.016479
0.000000	0.000000	0.000000	1.000000
51	52	242
0.999999	0.001168	-0.000981	0.034658
-0.001167	0.999999	0.000435	-4.012490
0.000981	-0.000434	0.999999	-0.014914
0.000000	0.000000	0.000000	1.000000
52	53	242
1.000000	0.000262	0.000584	-0.785237
-0.000262	1.000000	-0.000767	-4.239520
-0.000584	0.000767	1.000000	-0.058953
0.000000	0.000000	0.000000	1.000000
53	54	242
0.999999	-0.001207	0.000395	-2.342089
0.001208	0.999999	-0.001105	-4.946236
-0.000393	0.001106	0.999999	-0.145789
0.000000	0.000000	0.000000	1.000000
54	55	242
0.999999	0.000295	-0.000998	-6.848585
-0.000294	1.000000	0.000701	-9.487184
0.000999	-0.000700	0.999999	-0.228475
0.000000	0.000000	0.000000	1.000000
55	56	242
0.999999	0.000863	-0.000681	-7.560808
-0.000863	1.000000	0.000370	-10.544907
0.000681	-0.000370	1.000000	-0.290536
0.000000	0.000000	0.000000	1.000000
56	57	242
0.999999	-0.001279	-0.000498	-6.472318
0.001280	0.999997	0.001978	-9.162900
0.000495	-0.001979	0.999998	-0.301923
0.000000	0.000000	0.000000	1.000000
57	58	242
0.999999	-0.001500	0.000380	-6.073956
0.001501	0.999997	-0.001970	-9.102998
-0.000377	0.001971	0.999998	-0.483997
0.000000	0.000000	0.000000	1.000000
58	59	242
1.000000	0.000479	-0.000151	-6.366567
-0.000479	1.000000	0.000742	-9.079823
0.000151	-0.000742	1.000000	-0.490785
0.000000	0.000000	0.000000	1.000000
59	60	242
0.999999	0.001443	0.000703	-6.824822
-0.001444	0.999997	0.002164	-8.549280
-0.000699	-0.002165	0.999997	-0.402567
0.000000	0.000000	0.000000	1.000000
60	61	242
1.000000	-0.000207	0.000821	-6.881092
0.000208	0.999999	-0.001576	-6.348449
-0.000821	0.001576	0.999998	-0.391661
0.000000	0.000000	0.000000	1.000000
61	62	242
1.000000	0.000497	0.000301	-7.827638
-0.000497	1.000000	-0.000205	-5.200720
-0.000302	0.000205	1.000000	-0.356676
0.000000	0.000000	0.000000	1.000000
62	63	242
1.000000	-0.000008	0.000155	-8.021261
0.000009	0.999997	-0.002497	-4.009138
-0.000155	0.002497	0.999997	-0.298723
0.000000	0.000000	0.000000	1.000000
63	64	242
0.999999	-0.001028	0.000501	-8.098651
0.001028	0.999999	0.000838	-2.852426
-0.000502	-0.000838	1.000000	-0.235417
0.000000	0.000000	0.000000	1.000000
64	65	242
0.999987	0.001431	0.004819	-9.048923
-0.001452	0.999990	0.004236	-2.099326
-0.004812	-0.004243	0.999979	-0.248787
0.000000	0.000000	0.000000	1.000000
65	66	242
1.000000	0.000356	0.000197	-10.478645
-0.000356	0.999997	-0.002605	-1.093220
-0.000198	0.002605	0.999997	-0.372088
0.000000	0.000000	0.000000	1.000000
66	67	242
0.999997	-0.001083	0.002143	-9.351835
0.001094	0.999986	-0.005228	-0.176940
-0.002137	0.005231	0.999984	-0.309634
0.000000	0.000000	0.000000	1.000000
67	68	242
1.000000	0.000125	0.000542	-9.838634
-0.000124	0.999996	-0.002748	0.580527
-0.000542	0.002748	0.999996	-0.358090
0.000000	0.000000	0.000000	1.000000
68	69	242
0.999999	0.000205	0.001250	-10.370146
-0.000203	0.999999	-0.001379	1.977354
-0.001250	0.001379	0.999998	-0.409560
0.000000	0.000000	0.000000	1.000000
69	70	242
0.999998	0.001635	0.001430	-9.667940
-0.001638	0.999997	0.001613	3.094016
-0.001427	-0.001615	0.999998	-0.365882
0.000000	0.000000	0.000000	1.000000
70	71	242
0.999999	-0.001067	-0.001333	-8.691153
0.001066	0.999999	-0.000457	3.902838
0.001334	0.000456	0.999999	-0.275048
0.000000	0.000000	0.000000	1.000000
71	72	242
1.000000	0.000008	-0.000435	-8.762068
-0.000007	0.999996	0.002912	4.843807
0.000435	-0.002912	0.999996	-0.215914
0.000000	0.000000	0.000000	1.000000
72	73	242
0.999999	-0.000839	-0.000653	-8.682473
0.000837	0.999996	-0.002743	5.494527
0.000656	0.002742	0.999996	-0.065432
0.000000	0.000000	0.000000	1.000000
73	74	242
1.000000	-0.000308	0.000812	-8.529542
0.000304	0.999991	0.004261	5.596261
-0.000813	-0.004260	0.999991	-0.090550
0.000000	0.000000	0.000000	1.000000
74	75	242
1.000000	-0.000257	0.000624	-7.225966
0.000257	1.000000	0.000543	4.961244
-0.000624	-0.000543	1.000000	-0.042427
0.000000	0.000000	0.000000	1.000000
75	76	242
0.999998	0.000504	0.001717	-7.164571
-0.000507	0.999999	0.001239	5.903339
-0.001717	-0.001239	0.999998	-0.012512
0.000000	0.000000	0.000000	1.000000
76	77	242
0.999996	-0.000648	-0.002647	-6.129832
0.000652	0.999999	0.001499	6.022221
0.002646	-0.001500	0.999995	0.013036
0.000000	0.000000	0.000000	1.000000
77	78	242
0.999999	0.001545	-0.000341	-5.654705
-0.001545	0.999998	0.001175	6.976753
0.000342	-0.001174	0.999999	0.071873
0.000000	0.000000	0.000000	1.000000
78	79	242
0.999999	0.000672	0.000958	-6.085571
-0.000673	0.999999	0.000929	8.631113
-0.000958	-0.000929	0.999999	0.042304
0.000000	0.000000	0.000000	1.000000
79	80	242
0.999999	0.000376	0.001505	-5.986641
-0.000376	1.000000	0.000258	10.583814
-0.001504	-0.000258	0.999999	-0.031789
0.000000	0.000000	0.000000	1.000000
80	81	242
0.999999	-0.001706	-0.000248	-5.553992
0.001706	0.999999	0.000016	12.755676
0.000248	-0.000017	1.000000	0.100731
0.000000	0.000000	0.000000	1.000000
81	82	242
0.999998	-0.001719	-0.000511	-7.630709
0.001720	0.999997	0.001724	10.991191
0.000508	-0.001725	0.999998	0.096582
0.000000	0.000000	0.000000	1.000000
82	83	242
0.999997	-0.001924	0.001503	-5.680729
0.001923	0.999998	0.000676	3.162970
-0.001504	-0.000673	0.999999	0.027378
0.000000	0.000000	0.000000	1.000000
83	84	242
1.000000	0.000288	-0.000475	-5.025959
-0.000288	1.000000	-0.000850	1.947357
0.000475	0.000851	1.000000	-0.012185
0.000000	0.000000	0.000000	1.000000
84	85	242
0.999991	-0.000752	0.004112	-4.955494
0.000769	0.999992	-0.004038	1.369762
-0.004109	0.004041	0.999983	-0.009238
0.000000	0.000000	0.000000	1.000000
85	86	242
1.000000	0.000857	-0.000379	-4.540584
-0.000857	1.000000	0.000254	0.798921
0.000379	-0.000254	1.000000	0.035529
0.000000	0.000000	0.000000	1.000000
86	87	242
0.999999	-0.000099	0.001034	-7.631136
0.000097	0.999998	0.002012	-0.707529
-0.001034	-0.002012	0.999997	-0.014495
0.000000	0.000000	0.000000	1.000000
87	88	242
0.999998	0.001452	0.001596	-16.589246
-0.001452	0.999999	-0.000416	-4.229737
-0.001597	0.000414	0.999999	-0.067424
0.000000	0.000000	0.000000	1.000000
88	89	242
0.999999	-0.000793	0.000678	-10.727683
0.000794	1.000000	-0.000487	-2.104899
-0.000678	0.000488	1.000000	0.040166
0.000000	0.000000	0.000000	1.000000
89	90	242
0.999994	0.003501	-0.000858	-9.308777
-0.003503	0.999989	-0.003140	-1.077081
0.000847	0.003143	0.999995	0.036408
0.000000	0.000000	0.000000	1.000000
90	91	242
0.999995	-0.001640	0.002789	-8.826562
0.001637	0.999998	0.001151	-0.459632
-0.002791	-0.001146	0.999995	0.034662
0.000000	0.000000	0.000000	1.000000
91	92	242
0.999998	-0.001214	-0.001675	-9.411998
0.001216	0.999999	0.001206	0.149611
0.001673	-0.001208	0.999998	0.049961
0.000000	0.000000	0.000000	1.000000
92	93	242
1.000000	-0.000723	-0.000063	-8.897128
0.000723	0.999997	-0.002207	1.003777
0.000065	0.002207	0.999998	0.104950
0.000000	0.000000	0.000000	1.000000
93	94	242
1.000000	-0.000955	0.000249	-9.900647
0.000955	0.999997	0.002257	1.773748
-0.000251	-0.002257	0.999997	0.108621
0.000000	0.000000	0.000000	1.000000
94	95	242
0.999999	-0.000956	-0.000679	-10.490824
0.000954	0.999996	-0.002737	2.411143
0.000681	0.002736	0.999996	0.098547
0.000000	0.000000	0.000000	1.000000
95	96	242
0.999997	0.000665	-0.002216	-10.304298
-0.000665	1.000000	-0.000362	2.574985
0.002216	0.000363	0.999997	0.053187
0.000000	0.000000	0.000000	1.000000
96	97	242
1.000000	0.000553	-0.000701	-10.039381
-0.000552	0.999999	0.001044	2.633169
0.000702	-0.001044	0.999999	0.021536
0.000000	0.000000	0.000000	1.000000
97	98	242
0.999999	-0.000719	-0.001457	-9.648206
0.000714	0.999994	-0.003522	2.086607
0.001460	0.003521	0.999993	0.014564
0.000000	0.000000	0.000000	1.000000
98	99	242
1.000000	0.000134	-0.000440	-9.189435
-0.000134	1.000000	0.000128	1.562517
0.000440	-0.000128	1.000000	-0.049398
0.000000	0.000000	0.000000	1.000000
99	100	242
0.999997	0.000409	0.002270	-9.928587
-0.000411	1.000000	0.000878	0.929449
-0.002269	-0.000879	0.999997	0.037835
0.000000	0.000000	0.000000	1.000000
100	101	242
1.000000	-0.000509	0.000612	-11.498872
0.000510	1.000000	-0.000742	0.075032
-0.000611	0.000742	1.000000	0.025717
0.000000	0.000000	0.000000	1.000000
101	102	242
1.000000	0.000052	0.000079	-13.785161
-0.000052	0.999999	-0.001357	-1.031173
-0.000079	0.001357	0.999999	0.025442
0.000000	0.000000	0.000000	1.000000
102	103	242
0.999999	0.001055	-0.001206	-14.354575
-0.001053	0.999998	0.001723	-1.723719
0.001208	-0.001722	0.999998	-0.068456
0.000000	0.000000	0.000000	1.000000
103	104	242
1.000000	0.000388	-0.000431	-8.378491
-0.000387	0.999998	0.002069	2.493512
0.000432	-0.002069	0.999998	-0.012353
0.000000	0.000000	0.000000	1.000000
104	105	242
1.000000	0.000224	0.000255	-3.716848
-0.000224	1.000000	0.000392	2.692834
-0.000255	-0.000392	1.000000	0.058670
0.000000	0.000000	0.000000	1.000000
105	106	242
1.000000	-0.000816	0.000559	-2.808679
0.000816	0.999999	0.000836	2.421326
-0.000560	-0.000836	0.999999	-0.003551
0.000000	0.000000	0.000000	1.000000
106	107	242
0.999999	0.000551	-0.001108	-2.569736
-0.000550	1.000000	0.000185	2.463023
0.001108	-0.000185	0.999999	0.009953
0.000000	0.000000	0.000000	1.000000
107	108	242
0.999999	-0.000457	0.001138	-2.840278
0.000458	1.000000	-0.000328	3.851138
-0.001138	0.000328	0.999999	-0.007205
0.000000	0.000000	0.000000	1.000000
108	109	242
1.000000	-0.000299	0.000311	-4.180403
0.000299	0.999999	-0.001118	13.182576
-0.000310	0.001118	0.999999	0.094544
0.000000	0.000000	0.000000	1.000000
109	110	242
0.999999	0.000229	0.001493	-2.105502
-0.000229	1.000000	-0.000212	13.958770
-0.001493	0.000212	0.999999	0.108002
0.000000	0.000000	0.000000	1.000000
110	111	242
0.999999	0.000363	-0.001573	-2.263613
-0.000363	1.000000	-0.000152	13.049976
0.001573	0.000152	0.999999	0.168862
0.000000	0.000000	0.000000	1.000000
111	112	242
0.999991	0.000982	0.004195	-3.756045
-0.000981	1.000000	-0.000068	18.752428
-0.004195	0.000064	0.999991	-0.511641
0.000000	0.000000	0.000000	1.000000
112	113	242
0.999995	0.001739	-0.002527	-1.383537
-0.001738	0.999998	0.000253	4.890652
0.002528	-0.000249	0.999997	-0.118471
0.000000	0.000000	0.000000	1.000000
113	114	242
1.000000	-0.000269	0.000298	-1.257923
0.000269	1.000000	0.000069	5.473278
-0.000298	-0.000069	1.000000	-0.074198
0.000000	0.000000	0.000000	1.000000
114	115	242
1.000000	-0.000191	0.000855	-1.512108
0.000190	0.999999	0.001298	6.479740
-0.000856	-0.001297	0.999999	-0.016358
0.000000	0.000000	0.000000	1.000000
115	116	242
0.999999	0.000330	0.001677	-1.547951
-0.000332	0.999999	0.001560	8.893076
-0.001677	-0.001561	0.999997	-0.086107
0.000000	0.000000	0.000000	1.000000
116	117	242
0.999999	-0.001529	-0.000200	-0.744014
0.001530	0.999996	0.002305	5.051277
0.000196	-0.002305	0.999997	-0.076560
0.000000	0.000000	0.000000	1.000000
117	118	242
0.999997	0.001788	0.001558	-1.507245
-0.001790	0.999998	0.000934	15.827247
-0.001557	-0.000937	0.999998	0.014003
0.000000	0.000000	0.000000	1.000000
118	119	242
0.999998	-0.001764	-0.000039	2.940232
0.001764	0.999998	0.000363	7.327919
0.000039	-0.000363	1.000000	0.006318
0.000000	0.000000	0.000000	1.000000
119	120	242
0.999699	-0.013150	0.020690	28.256143
0.012441	0.999342	0.034059	-1.844079
-0.021124	-0.033791	0.999206	-1.257729
0.000000	0.000000	0.000000	1.000000
120	121	242
1.000000	-0.000391	0.000123	-3.796902
0.000391	1.000000	0.000001	-3.845031
-0.000123	-0.000001	1.000000	0.000883
0.000000	0.000000	0.000000	1.000000
121	122	242
0.999998	-0.001131	-0.001496	-3.314980
0.001131	0.999999	0.000545	-4.147945
0.001496	-0.000547	0.999999	-0.057863
0.000000	0.000000	0.000000	1.000000
122	123	242
0.999999	0.001324	-0.000981	-2.298653
-0.001325	0.999998	-0.001202	-2.248499
0.000979	0.001203	0.999999	-0.066997
0.000000	0.000000	0.000000	1.000000
123	124	242
0.999998	-0.002038	-0.000162	-1.162966
0.002038	0.999998	0.000400	-3.261848
0.000161	-0.000401	1.000000	-0.050473
0.000000	0.000000	0.000000	1.000000
124	125	242
1.000000	0.000620	0.000352	3.209834
-0.000620	1.000000	-0.000093	-4.269102
-0.000352	0.000093	1.000000	-0.008838
0.000000	0.000000	0.000000	1.000000
125	126	242
1.000000	-0.000875	0.000158	5.382678
0.000875	1.000000	0.000265	-2.701556
-0.000159	-0.000265	1.000000	0.033121
0.000000	0.000000	0.000000	1.000000
126	127	242
0.999999	0.000451	-0.001055	6.474230
-0.000451	1.000000	0.000478	-1.723133
0.001055	-0.000477	0.999999	0.063610
0.000000	0.000000	0.000000	1.000000
127	128	242
1.000000	-0.000174	-0.000334	8.830679
0.000174	1.000000	0.000145	-0.101549
0.000334	-0.000145	1.000000	0.066960
0.000000	0.000000	0.000000	1.000000
128	129	242
1.000000	-0.000716	0.000194	10.668974
0.000716	0.999998	-0.001861	0.740069
-0.000193	0.001861	0.999998	0.097445
0.000000	0.000000	0.000000	1.000000
129	130	242
0.999996	-0.002759	-0.000117	10.203956
0.002759	0.999994	0.001918	0.878564
0.000111	-0.001918	0.999998	0.023595
0.000000	0.000000	0.000000	1.000000
130	131	242
1.000000	-0.000611	-0.000657	10.181563
0.000613	0.999998	0.001989	0.863471
0.000656	-0.001990	0.999998	0.054948
0.000000	0.000000	0.000000	1.000000
131	132	242
1.000000	0.000199	-0.000845	10.053329
-0.000200	1.000000	-0.000975	0.710021
0.000845	0.000975	0.999999	0.107224
0.000000	0.000000	0.000000	1.000000
132	133	242
0.999999	0.001128	-0.000399	9.895489
-0.001127	0.999999	0.000591	0.540457
0.000399	-0.000590	1.000000	0.079118
0.000000	0.000000	0.000000	1.000000
133	134	242
0.999996	-0.000531	0.002721	9.990702
0.000531	1.000000	-0.000335	0.617691
-0.002720	0.000337	0.999996	0.089603
0.000000	0.000000	0.000000	1.000000
134	135	242
0.999999	0.000999	-0.000999	10.081640
-0.001001	0.999999	-0.001233	0.698207
0.000998	0.001234	0.999999	0.077220
0.000000	0.000000	0.000000	1.000000
135	136	242
0.999996	-0.000285	-0.002704	9.837188
0.000283	1.000000	-0.000587	0.640623
0.002704	0.000587	0.999996	0.112926
0.000000	0.000000	0.000000	1.000000
136	137	242
0.999999	-0.001353	0.000069	10.051296
0.001353	0.999999	0.000802	0.574340
-0.000070	-0.000802	1.000000	0.145963
0.000000	0.000000	0.000000	1.000000
137	138	242
1.000000	-0.000658	-0.000130	9.320278
0.000658	0.999999	-0.001201	0.937816
0.000131	0.001201	0.999999	0.074931
0.000000	0.000000	0.000000	1.000000
138	139	242
0.999999	-0.000855	0.000994	9.462891
0.000855	1.000000	-0.000422	0.915664
-0.000993	0.000423	0.999999	0.013091
0.000000	0.000000	0.000000	1.000000
139	140	242
0.999998	-0.000204	-0.002099	10.236205
0.000204	1.000000	-0.000059	1.073228
0.002099	0.000058	0.999998	0.030783
0.000000	0.000000	0.000000	1.000000
140	141	242
1.000000	0.000059	0.000615	11.669420
-0.000059	1.000000	-0.000046	0.780439
-0.000615	0.000046	1.000000	0.097414
0.000000	0.000000	0.000000	1.000000
141	142	242
0.999999	0.000342	-0.001032	12.496196
-0.000341	1.000000	0.000586	0.655373
0.001032	-0.000585	0.999999	0.160415
0.000000	0.000000	0.000000	1.000000
142	143	242
0.999995	0.000615	0.003155	12.652765
-0.000615	1.000000	0.000174	0.498477
-0.003154	-0.000176	0.999995	0.045248
0.000000	0.000000	0.000000	1.000000
143	144	242
0.999993	0.001190	-0.003505	13.777699
-0.001196	0.999998	-0.001848	0.134048
0.003503	0.001852	0.999992	-0.057848
0.000000	0.000000	0.000000	1.000000
144	145	242
0.999998	0.002149	0.000066	6.235026
-0.002149	0.999998	-0.000303	-0.068840
-0.000067	0.000303	1.000000	0.011412
0.000000	0.000000	0.000000	1.000000
145	146	242
0.999998	-0.000225	-0.002215	5.295454
0.000220	0.999997	-0.002381	-0.254730
0.002215	0.002380	0.999995	0.011451
0.000000	0.000000	0.000000	1.000000
146	147	242
0.999999	0.000983	0.000841	6.068459
-0.000983	1.000000	0.000140	-0.292210
-0.000841	-0.000141	1.000000	-0.021784
0.000000	0.000000	0.000000	1.000000
147	148	242
1.000000	-0.000302	0.000675	7.135034
0.000302	1.000000	-0.000097	-0.613967
-0.000675	0.000098	1.000000	-0.000753
0.000000	0.000000	0.000000	1.000000
148	149	242
0.999996	0.000188	0.002645	8.382808
-0.000192	0.999999	0.001558	-1.318382
-0.002644	-0.001558	0.999995	0.014623
0.000000	0.000000	0.000000	1.000000
149	150	242
0.999997	0.002405	-0.000353	15.409854
-0.002405	0.999997	0.000905	-3.287015
0.000356	-0.000904	1.000000	0.271492
0.000000	0.000000	0.000000	1.000000
150	151	242
0.999999	-0.001375	0.000023	10.896813
0.001375	0.999994	-0.003019	-3.045451
-0.000019	0.003019	0.999995	0.198478
0.000000	0.000000	0.000000	1.000000
151	152	242
0.999999	0.000497	-0.000886	8.974267
-0.000497	1.000000	-0.000133	-3.109153
0.000886	0.000134	1.000000	0.147079
0.000000	0.000000	0.000000	1.000000
152	153	242
0.999999	-0.001638	0.000444	8.789122
0.001638	0.999999	0.000363	-3.698993
-0.000444	-0.000363	1.000000	0.166992
0.000000	0.000000	0.000000	1.000000
153	154	242
0.999997	-0.000504	-0.002317	9.243410
0.000504	1.000000	0.000291	-4.346986
0.002317	-0.000292	0.999997	0.203649
0.000000	0.000000	0.000000	1.000000
154	155	242
0.999999	-0.000394	-0.001015	9.304308
0.000394	1.000000	-0.000221	-4.332871
0.001016	0.000220	0.999999	0.139503
0.000000	0.000000	0.000000	1.000000
155	156	242
1.000000	0.000060	0.000927	9.646325
-0.000060	1.000000	0.000030	-4.487735
-0.000927	-0.000030	1.000000	0.056585
0.000000	0.000000	0.000000	1.000000
156	157	242
0.999998	-0.001896	0.000747	8.920356
0.001897	0.999998	-0.001138	-4.371307
-0.000745	0.001139	0.999999	0.054786
0.000000	0.000000	0.000000	1.000000
157	158	242
0.999998	0.001107	-0.001622	8.489732
-0.001104	0.999998	0.001750	-4.407754
0.001624	-0.001748	0.999997	0.082380
0.000000	0.000000	0.000000	1.000000
158	159	242
1.000000	0.000914	0.000241	8.833239
-0.000914	0.999999	0.001114	-4.610394
-0.000240	-0.001114	0.999999	0.060575
0.000000	0.000000	0.000000	1.000000
159	160	242
1.000000	-0.000105	0.000386	8.664116
0.000105	1.000000	0.000096	-4.614167
-0.000386	-0.000096	1.000000	0.061378
0.000000	0.000000	0.000000	1.000000
160	161	242
0.999999	-0.001418	0.000008	8.693025
0.001418	0.999999	-0.000105	-4.691383
-0.000008	0.000105	1.000000	0.100173
0.000000	0.000000	0.000000	1.000000
161	162	242
0.999998	-0.000565	-0.002147	9.307315
0.000568	0.999999	0.001145	-5.415496
0.002146	-0.001146	0.999997	0.268195
0.000000	0.000000	0.000000	1.000000
162	163	242
1.000000	-0.000587	-0.000142	8.928059
0.000587	1.000000	0.000668	-5.418091
0.000142	-0.000669	1.000000	0.336595
0.000000	0.000000	0.000000	1.000000
163	164	242
0.999999	0.001466	0.000507	8.880737
-0.001467	0.999997	0.001965	-5.467360
-0.000504	-0.001966	0.999998	0.373620
0.000000	0.000000	0.000000	1.000000
164	165	242
0.999997	-0.002327	-0.000506	9.066148
0.002326	0.999996	-0.001320	-5.489638
0.000509	0.001319	0.999999	0.329991
0.000000	0.000000	0.000000	1.000000
165	166	242
1.000000	-0.000103	0.000235	8.599267
0.000103	0.999999	-0.001023	-5.037684
-0.000235	0.001023	0.999999	0.322531
0.000000	0.000000	0.000000	1.000000
166	167	242
1.000000	0.000112	0.000319	8.641789
-0.000112	1.000000	-0.000315	-5.016593
-0.000319	0.000315	1.000000	0.297833
0.000000	0.000000	0.000000	1.000000
167	168	242
0.999997	-0.000192	-0.002495	9.582703
0.000189	0.999999	-0.001278	-5.330901
0.002496	0.001277	0.999996	0.339450
0.000000	0.000000	0.000000	1.000000
168	169	242
0.999999	0.000411	0.001350	11.389114
-0.000411	1.000000	0.000470	-6.107679
-0.001350	-0.000470	0.999999	0.444316
0.000000	0.000000	0.000000	1.000000
169	170	242
0.999996	-0.002673	-0.000964	15.046530
0.002675	0.999994	0.002040	-9.019355
0.000958	-0.002042	0.999997	0.616470
0.000000	0.000000	0.000000	1.000000
170	171	242
1.000000	0.000005	0.000372	4.733695
-0.000006	1.000000	0.000860	-4.902305
-0.000372	-0.000860	1.000000	0.223479
0.000000	0.000000	0.000000	1.000000
171	172	242
1.000000	-0.000253	-0.000384	1.419096
0.000253	1.000000	-0.000482	-6.645012
0.000384	0.000482	1.000000	0.088704
0.000000	0.000000	0.000000	1.000000
172	173	242
1.000000	0.000803	-0.000452	0.354618
-0.000803	0.999999	0.001179	-4.051325
0.000453	-0.001179	0.999999	0.037811
0.000000	0.000000	0.000000	1.000000
173	174	242
0.999998	0.000862	0.001608	0.186259
-0.000862	1.000000	0.000126	-3.248666
-0.001608	-0.000127	0.999999	0.029996
0.000000	0.000000	0.000000	1.000000
174	175	242
0.999999	0.001281	0.000631	-0.199054
-0.001280	0.999998	-0.001579	-3.629167
-0.000633	0.001578	0.999999	-0.015639
0.000000	0.000000	0.000000	1.000000
175	176	242
0.999999	0.001610	-0.000198	-3.822418
-0.001610	0.999998	0.001102	-14.238587
0.000200	-0.001101	0.999999	-0.087355
0.000000	0.000000	0.000000	1.000000
176	177	242
1.000000	-0.000280	-0.000161	-5.009226
0.000280	1.000000	0.000539	-8.334082
0.000161	-0.000539	1.000000	-0.187802
0.000000	0.000000	0.000000	1.000000
177	178	242
1.000000	-0.000719	0.000248	-6.088227
0.000719	1.000000	-0.000475	-8.766437
-0.000248	0.000476	1.000000	-0.344336
0.000000	0.000000	0.000000	1.000000
178	179	242
1.000000	0.000549	-0.000593	-5.933140
-0.000550	1.000000	-0.000616	-8.461461
0.000593	0.000617	1.000000	-0.329214
0.000000	0.000000	0.000000	1.000000
179	180	242
0.999999	-0.001420	-0.000223	-5.731686
0.001420	0.999998	-0.001043	-8.279995
0.000224	0.001042	0.999999	-0.465685
0.000000	0.000000	0.000000	1.000000
180	181	242
0.999999	0.001144	0.000294	-6.043016
-0.001144	0.999999	0.000914	-8.872632
-0.000292	-0.000914	1.000000	-0.543646
0.000000	0.000000	0.000000	1.000000
181	182	242
0.999999	0.000743	-0.000790	-7.581649
-0.000745	0.999998	-0.001654	-10.671476
0.000789	0.001655	0.999998	-0.744139
0.000000	0.000000	0.000000	1.000000
182	183	242
0.999998	0.000985	-0.001717	-7.620178
-0.000986	0.999999	-0.000707	-8.632703
0.001716	0.000709	0.999998	-0.696902
0.000000	0.000000	0.000000	1.000000
183	184	242
0.999999	0.000326	0.001012	-7.851352
-0.000326	1.000000	0.000383	-5.693087
-0.001012	-0.000383	0.999999	-0.563895
0.000000	0.000000	0.000000	1.000000
184	185	242
0.999999	-0.000178	-0.001384	-7.096013
0.000178	1.000000	-0.000367	-3.611786
0.001384	0.000367	0.999999	-0.440876
0.000000	0.000000	0.000000	1.000000
185	186	242
1.000000	-0.000289	-0.000644	-6.498311
0.000289	1.000000	-0.000596	-2.543880
0.000644	0.000596	1.000000	-0.301251
0.000000	0.000000	0.000000	1.000000
186	187	242
1.000000	0.000015	-0.000152	-6.601271
-0.000015	0.999995	-0.003235	-1.873659
0.000151	0.003235	0.999995	-0.232425
0.000000	0.000000	0.000000	1.000000
187	188	242
0.999998	0.001695	-0.001007	-8.904839
-0.001700	0.999986	-0.005016	-1.361185
0.000998	0.005018	0.999987	-0.268526
0.000000	0.000000	0.000000	1.000000
188	189	242
1.000000	-0.000473	0.000455	-10.558824
0.000472	0.999995	0.003180	-0.631797
-0.000456	-0.003179	0.999995	-0.263061
0.000000	0.000000	0.000000	1.000000
189	190	242
0.999998	-0.000261	0.002160	-10.464450
0.000257	0.999999	0.001661	-0.096249
-0.002160	-0.001660	0.999996	-0.264697
0.000000	0.000000	0.000000	1.000000
190	191	242
0.999993	0.003754	0.000478	-10.345776
-0.003752	0.999984	-0.004274	0.793281
-0.000494	0.004273	0.999991	-0.272965
0.000000	0.000000	0.000000	1.000000
191	192	242
0.999998	-0.001074	-0.001927	-9.897290
0.001069	0.999996	-0.002586	1.885824
0.001930	0.002584	0.999995	-0.226564
0.000000	0.000000	0.000000	1.000000
192	193	242
0.999999	0.001086	-0.000510	-9.032290
-0.001086	0.999999	-0.000609	3.139929
0.000509	0.000610	1.000000	-0.276730
0.000000	0.000000	0.000000	1.000000
193	194	242
0.999997	0.001421	-0.001746	-8.867669
-0.001426	0.999996	-0.002331	4.250229
0.001742	0.002334	0.999996	-0.267923
0.000000	0.000000	0.000000	1.000000
194	195	242
0.999998	0.001671	0.001299	-8.594371
-0.001673	0.999996	0.002074	4.993417
-0.001295	-0.002076	0.999997	-0.189349
0.000000	0.000000	0.000000	1.000000
195	196	242
0.999995	-0.001119	0.002969	-8.303021
0.001115	0.999998	0.001327	5.392060
-0.002970	-0.001324	0.999995	-0.156941
0.000000	0.000000	0.000000	1.000000
196	197	242
0.999999	0.000349	0.000992	-8.429638
-0.000349	1.000000	0.000080	5.670849
-0.000992	-0.000081	1.000000	-0.069740
0.000000	0.000000	0.000000	1.000000
197	198	242
0.999994	0.001052	-0.003421	-8.310676
-0.001060	0.999997	-0.002171	6.334636
0.003418	0.002174	0.999992	-0.137032
0.000000	0.000000	0.000000	1.000000
198	199	242
0.999999	-0.000849	-0.001046	-8.249016
0.000850	0.999999	0.001012	8.239201
0.001045	-0.001013	0.999999	0.072408
0.000000	0.000000	0.000000	1.000000
199	200	242
1.000000	0.000045	0.000216	-6.021878
-0.000045	1.000000	0.000177	7.566507
-0.000216	-0.000177	1.000000	0.181702
0.000000	0.000000	0.000000	1.000000
200	201	242
0.999998	-0.000707	-0.001777	-4.856598
0.000706	1.000000	-0.000580	6.952956
0.001778	0.000578	0.999998	0.183148
0.000000	0.000000	0.000000	1.000000
201	202	242
0.999999	-0.000137	-0.001451	-4.283350
0.000136	1.000000	-0.000722	6.831195
0.001451	0.000722	0.999999	0.178788
0.000000	0.000000	0.000000	1.000000
202	203	242
1.000000	-0.000135	0.000278	-4.262019
0.000135	0.999999	0.001302	8.342498
-0.000278	-0.001302	0.999999	0.138809
0.000000	0.000000	0.000000	1.000000
203	204	242
0.999998	-0.001974	-0.000781	-7.217873
0.001974	0.999998	0.000289	14.571109
0.000781	-0.000290	1.000000	0.280878
0.000000	0.000000	0.000000	1.000000
204	205	242
1.000000	-0.000923	-0.000035	-7.045788
0.000923	0.999998	0.001654	7.242673
0.000033	-0.001654	0.999999	0.140066
0.000000	0.000000	0.000000	1.000000
205	206	242
1.000000	0.000400	0.000132	-5.556307
-0.000400	1.000000	-0.000583	3.319223
-0.000132	0.000583	1.000000	0.079784
0.000000	0.000000	0.000000	1.000000
206	207	242
1.000000	0.000144	-0.000005	-5.438503
-0.000144	1.000000	-0.000913	2.023189
0.000005	0.000913	1.000000	-0.014227
0.000000	0.000000	0.000000	1.000000
207	208	242
0.999988	-0.002333	0.004422	-4.796091
0.002341	0.999995	-0.001917	0.992679
-0.004418	0.001927	0.999988	0.018488
0.000000	0.000000	0.000000	1.000000
208	209	242
0.999995	0.000074	0.003115	-4.608362
-0.000062	0.999992	-0.003925	0.317230
-0.003115	0.003924	0.999987	-0.000021
0.000000	0.000000	0.000000	1.000000
209	210	242
0.999999	0.001013	-0.001249	-14.056870
-0.001007	0.999989	0.004501	-2.570318
0.001253	-0.004500	0.999989	0.019493
0.000000	0.000000	0.000000	1.000000
210	211	242
0.999994	0.002438	0.002500	-11.336151
-0.002441	0.999996	0.001385	-2.743260
-0.002496	-0.001391	0.999996	-0.007895
0.000000	0.000000	0.000000	1.000000
211	212	242
0.999990	0.001362	-0.004206	-9.654997
-0.001345	0.999991	0.003978	-1.721149
0.004212	-0.003973	0.999983	-0.011261
0.000000	0.000000	0.000000	1.000000
212	213	242
0.999999	-0.000957	0.000950	-9.701907
0.000961	0.999990	-0.004323	-1.020139
-0.000946	0.004324	0.999990	0.001638
0.000000	0.000000	0.000000	1.000000
213	214	242
1.000000	0.000058	-0.000587	-9.434366
-0.000059	0.999999	-0.001362	-0.260532
0.000587	0.001362	0.999999	-0.013842
0.000000	0.000000	0.000000	1.000000
214	215	242
1.000000	-0.000275	0.000187	-9.586384
0.000274	0.999997	0.002356	0.574176
-0.000187	-0.002356	0.999997	0.054818
0.000000	0.000000	0.000000	1.000000
215	216	242
0.999999	0.000367	0.001048	-9.865084
-0.000366	0.999999	-0.001559	1.519061
-0.001049	0.001558	0.999998	0.108039
0.000000	0.000000	0.000000	1.000000
216	217	242
0.999998	-0.000070	-0.001972	-11.122130
0.000070	1.000000	0.000018	2.371358
0.001972	-0.000018	0.999998	0.110793
0.000000	0.000000	0.000000	1.000000
217	218	242
0.999998	0.001483	0.001186	-11.428635
-0.001479	0.999995	-0.002929	2.752472
-0.001191	0.002927	0.999995	0.066434
0.000000	0.000000	0.000000	1.000000
218	219	242
0.999999	-0.000826	0.001325	-9.815542
0.000829	0.999995	-0.002907	2.464174
-0.001322	0.002908	0.999995	0.004924
0.000000	0.000000	0.000000	1.000000
219	220	242
0.999995	-0.000617	-0.003038	-8.511829
0.000592	0.999966	-0.008198	1.944617
0.003043	0.008196	0.999962	-0.034663
0.000000	0.000000	0.000000	1.000000
220	221	242
0.999999	0.000925	-0.000689	-8.875496
-0.000925	0.999999	0.000443	1.517995
0.000690	-0.000442	1.000000	-0.066120
0.000000	0.000000	0.000000	1.000000
221	222	242
0.999996	0.000475	-0.002738	-8.766020
-0.000479	0.999999	-0.001643	1.004030
0.002738	0.001644	0.999995	-0.083947
0.000000	0.000000	0.000000	1.000000
222	223	242
1.000000	0.000085	0.000488	-10.668164
-0.000087	0.999997	0.002615	0.456382
-0.000487	-0.002615	0.999996	-0.041605
0.000000	0.000000	0.000000	1.000000
223	224	242
0.999995	0.000119	-0.003047	-12.854831
-0.000118	1.000000	0.000081	-0.161803
0.003047	-0.000081	0.999995	-0.042548
0.000000	0.000000	0.000000	1.000000
224	225	242
0.999998	0.000790	0.001613	-17.485340
-0.000786	0.999998	-0.001971	-1.873971
-0.001615	0.001969	0.999997	0.013827
0.000000	0.000000	0.000000	1.000000
225	226	242
0.999995	-0.001125	-0.002938	-9.523747
0.001129	0.999998	0.001431	-1.104376
0.002936	-0.001434	0.999995	-0.122061
0.000000	0.000000	0.000000	1.000000
226	227	242
0.999998	-0.000121	-0.002189	-5.345885
0.000117	0.999998	-0.001751	2.366644
0.002189	0.001751	0.999996	0.000399
0.000000	0.000000	0.000000	1.000000
227	228	242
0.999999	0.000721	-0.001375	-3.314434
-0.000725	0.999996	-0.002702	2.226764
0.001373	0.002703	0.999995	0.002005
0.000000	0.000000	0.000000	1.000000
228	229	242
0.999999	0.000064	-0.001083	-2.915894
-0.000063	1.000000	0.000613	2.145250
0.001083	-0.000613	0.999999	-0.055471
0.000000	0.000000	0.000000	1.000000
229	230	242
0.999999	-0.000016	0.001691	-2.566960
0.000016	1.000000	0.000120	2.379257
-0.001691	-0.000120	0.999999	-0.076450
0.000000	0.000000	0.000000	1.000000
230	231	242
0.999998	0.000206	0.001960	-4.150470
-0.000207	1.000000	0.000432	7.330654
-0.001960	-0.000433	0.999998	-0.130686
0.000000	0.000000	0.000000	1.000000
231	232	242
0.999998	-0.001762	-0.000815	-4.626436
0.001761	0.999998	-0.001154	18.134591
0.000817	0.001153	0.999999	0.029611
0.000000	0.000000	0.000000	1.000000
232	233	242
0.999999	-0.001180	0.001006	-2.257269
0.001180	0.999999	-0.000089	12.433552
-0.001006	0.000090	0.999999	0.071357
0.000000	0.000000	0.000000	1.000000
233	234	242
0.999999	-0.000652	-0.001254	-2.387341
0.000652	1.000000	-0.000017	12.937578
0.001254	0.000016	0.999999	0.054746
0.000000	0.000000	0.000000	1.000000
234	235	242
0.999999	-0.000817	-0.000770	-2.590206
0.000817	1.000000	-0.000446	11.689198
0.000770	0.000445	1.000000	-0.077705
0.000000	0.000000	0.000000	1.000000
235	236	242
0.999997	-0.000091	0.002490	-1.202091
0.000089	1.000000	0.000858	5.575807
-0.002490	-0.000858	0.999997	-0.116294
0.000000	0.000000	0.000000	1.000000
236	237	242
0.999999	-0.000017	0.001168	-1.258321
0.000015	0.999999	0.001658	6.131855
-0.001169	-0.001658	0.999998	-0.007890
0.000000	0.000000	0.000000	1.000000
237	238	242
0.999999	0.000586	0.001261	-1.430443
-0.000585	1.000000	-0.000617	6.771142
-0.001261	0.000616	0.999999	0.012663
0.000000	0.000000	0.000000	1.000000
238	239	242
0.999999	0.000093	0.001090	-1.351852
-0.000092	1.000000	-0.000968	7.944355
-0.001090	0.000968	0.999999	-0.089899
0.000000	0.000000	0.000000	1.000000
239	240	242
0.999999	0.000458	0.001380	-1.356370
-0.000459	1.000000	0.000622	11.371928
-0.001380	-0.000622	0.999999	-0.093534
0.000000	0.000000	0.000000	1.000000
240	241	242
1.000000	0.000489	-0.000373	1.511665
-0.000486	0.999979	0.006412	17.885061
0.000376	-0.006412	0.999979	-0.106307
0.000000	0.000000	0.000000	1.000000
