1264	1739	1770
0.99994600 -0.00244900 -0.01007400 -1.21861400
0.00236300 0.99996000 -0.00857700 -0.57483700
0.01009400 0.00855300 0.99991200 0.00521300
0.00000000 0.00000000 0.00000000 1.00000000
234	1529	1770
0.99996600 0.00644500 0.00510000 2.11409200
-0.00643000 0.99997500 -0.00290100 -3.98705300
-0.00511800 0.00286800 0.99998300 -0.20776300
0.00000000 0.00000000 0.00000000 1.00000000
294	1469	1770
0.99961800 0.02573900 0.01009200 -4.90245300
-0.02582400 0.99963200 0.00833800 8.52586500
-0.00987400 -0.00859600 0.99991400 0.11383400
0.00000000 0.00000000 0.00000000 1.00000000
309	1454	1770
0.99995200 0.00753300 0.00630000 -4.39206300
-0.00751300 0.99996700 -0.00319700 1.43049100
-0.00632400 0.00314900 0.99997500 -0.00553700
0.00000000 0.00000000 0.00000000 1.00000000
1254	1729	1770
0.99992200 0.00163900 -0.01241200 -1.16093400
-0.00155800 0.99997700 0.00655600 0.25320300
0.01242200 -0.00653600 0.99990100 0.00260500
0.00000000 0.00000000 0.00000000 1.00000000
1269	1744	1770
0.99999900 0.00134700 0.00089700 0.22647900
-0.00134800 0.99999900 0.00095100 -1.41640700
-0.00089600 -0.00095200 0.99999900 -0.04333200
0.00000000 0.00000000 0.00000000 1.00000000
649	1114	1770
0.99543200 0.01865800 0.09362800 7.29698100
-0.00419000 0.98831000 -0.15239800 4.51155000
-0.09537700 0.15131000 0.98387400 -0.36164500
0.00000000 0.00000000 0.00000000 1.00000000
379	1384	1770
0.99997600 0.00572100 0.00395800 1.95844900
-0.00576400 0.99992300 0.01101500 7.15087000
-0.00389500 -0.01103800 0.99993100 0.07475200
0.00000000 0.00000000 0.00000000 1.00000000
644	1119	1770
0.99950700 -0.02602300 0.01755200 1.71192600
0.02582600 0.99960200 0.01133600 -0.84196300
-0.01784000 -0.01087700 0.99978200 0.09589400
0.00000000 0.00000000 0.00000000 1.00000000
944	1704	1770
0.99998500 0.00551200 0.00028200 -1.25968000
-0.00551200 0.99998400 -0.00114800 -2.41783000
-0.00028800 0.00114600 0.99999900 0.07691500
0.00000000 0.00000000 0.00000000 1.00000000
204	1559	1770
0.99998400 0.00570000 -0.00013000 -5.57459200
-0.00570000 0.99998300 -0.00097600 -1.23973400
0.00012500 0.00097700 1.00000000 -0.22856200
0.00000000 0.00000000 0.00000000 1.00000000
369	1394	1770
0.99987600 -0.01048100 0.01174200 2.10275900
0.01029900 0.99982800 0.01542800 1.10238500
-0.01190200 -0.01530500 0.99981200 -0.23805400
0.00000000 0.00000000 0.00000000 1.00000000
319	1444	1770
0.99993400 0.00779900 -0.00846100 -3.82536600
-0.00779500 0.99996900 0.00051000 -0.07143900
0.00846500 -0.00044400 0.99996400 -0.04206100
0.00000000 0.00000000 0.00000000 1.00000000
949	1709	1770
0.99997900 0.00624500 -0.00186700 -0.84853000
-0.00625100 0.99997500 -0.00333300 -4.77669400
0.00184700 0.00334400 0.99999300 0.07177200
0.00000000 0.00000000 0.00000000 1.00000000
624	1139	1770
0.99998500 -0.00408000 -0.00365100 3.30339200
0.00407500 0.99999100 -0.00138700 -6.87197000
0.00365600 0.00137200 0.99999200 -0.03118200
0.00000000 0.00000000 0.00000000 1.00000000
364	1399	1770
0.99996600 -0.00418700 -0.00706500 4.94204200
0.00416100 0.99998500 -0.00365600 1.68666600
0.00708100 0.00362600 0.99996800 0.12168600
0.00000000 0.00000000 0.00000000 1.00000000
359	1404	1770
0.99989100 -0.00622000 -0.01337700 6.17302200
0.00609600 0.99993800 -0.00926800 2.38144400
0.01343400 0.00918500 0.99986800 0.39887300
0.00000000 0.00000000 0.00000000 1.00000000
279	1484	1770
0.99959400 0.01687600 0.02295700 10.64064700
-0.01741000 0.99957700 0.02329100 2.52180000
-0.02255500 -0.02368200 0.99946500 0.09067500
0.00000000 0.00000000 0.00000000 1.00000000
799	964	1770
0.99995700 -0.00893500 -0.00245100 -3.01414600
0.00894500 0.99995300 0.00374600 6.10942500
0.00241800 -0.00376700 0.99999000 -0.03216500
0.00000000 0.00000000 0.00000000 1.00000000
284	1479	1770
0.99999500 -0.00256200 0.00173200 -1.60056100
0.00256600 0.99999300 -0.00266000 -4.46383400
-0.00172500 0.00266400 0.99999500 -0.19456300
0.00000000 0.00000000 0.00000000 1.00000000
774	989	1770
0.99984700 0.00630400 -0.01631200 -2.53270500
-0.00592000 0.99970600 0.02351700 3.34299000
0.01645600 -0.02341600 0.99959000 -0.12370600
0.00000000 0.00000000 0.00000000 1.00000000
314	1449	1770
1.00000000 0.00039100 0.00072000 -3.98881100
-0.00039000 0.99999900 -0.00159400 1.30609500
-0.00072100 0.00159400 0.99999800 0.01138000
0.00000000 0.00000000 0.00000000 1.00000000
934	1694	1770
0.99999100 0.00392400 0.00143400 -0.71593000
-0.00394800 0.99985500 0.01656800 -3.38594500
-0.00136800 -0.01657300 0.99986200 0.03488000
0.00000000 0.00000000 0.00000000 1.00000000
769	994	1770
0.99992400 -0.00944300 -0.00798700 -8.10963700
0.00947500 0.99994700 0.00400300 17.08234800
0.00794800 -0.00407800 0.99996000 -0.20232800
0.00000000 0.00000000 0.00000000 1.00000000
189	1574	1770
0.99992500 -0.01226300 0.00066600 -1.74431300
0.01227400 0.99968100 -0.02208400 -7.13508600
-0.00039500 0.02209000 0.99975600 -0.24558900
0.00000000 0.00000000 0.00000000 1.00000000
639	1124	1770
0.99994000 -0.01048200 0.00313600 -7.45726700
0.01047300 0.99994100 0.00276000 -1.57253100
-0.00316500 -0.00272700 0.99999100 -0.03588200
0.00000000 0.00000000 0.00000000 1.00000000
654	1109	1770
0.99998900 -0.00385000 0.00269500 7.13504300
0.00385700 0.99999000 -0.00230000 2.57989800
-0.00268600 0.00231000 0.99999400 0.05758600
0.00000000 0.00000000 0.00000000 1.00000000
254	1509	1770
0.99985500 0.01693500 0.00197800 5.49618100
-0.01694600 0.99984000 0.00566200 0.90940100
-0.00188200 -0.00569500 0.99998200 -0.03672900
0.00000000 0.00000000 0.00000000 1.00000000
1249	1724	1770
0.99999800 0.00198500 -0.00060000 -1.37465600
-0.00197800 0.99993800 0.01095000 6.05595000
0.00062200 -0.01094900 0.99994000 -0.21640600
0.00000000 0.00000000 0.00000000 1.00000000
249	1514	1770
0.99966000 0.02521000 0.00669200 2.41428200
-0.02519900 0.99968100 -0.00176900 -0.03863200
-0.00673400 0.00160000 0.99997600 -0.00655500
0.00000000 0.00000000 0.00000000 1.00000000
659	1104	1770
0.99999600 0.00288100 -0.00081800 6.69141800
-0.00287900 0.99999300 0.00236300 4.33393700
0.00082500 -0.00236100 0.99999700 -0.14261000
0.00000000 0.00000000 0.00000000 1.00000000
1244	1719	1770
0.99998800 0.00481700 0.00017300 -2.96519200
-0.00481800 0.99998300 0.00335500 0.01269500
-0.00015700 -0.00335500 0.99999400 -0.16253700
0.00000000 0.00000000 0.00000000 1.00000000
929	1689	1770
0.99998700 0.00119000 -0.00500000 -0.08182400
-0.00116300 0.99998500 0.00528300 -2.97670900
0.00500600 -0.00527700 0.99997400 -0.03407500
0.00000000 0.00000000 0.00000000 1.00000000
414	1349	1770
0.99996100 0.00715800 -0.00508800 -1.90643100
-0.00731300 0.99948600 -0.03119800 8.77984700
0.00486200 0.03123400 0.99950000 0.32600200
0.00000000 0.00000000 0.00000000 1.00000000
744	1024	1770
0.99970600 -0.01612500 0.01811000 39.17935900
0.01592700 0.99981200 0.01103900 15.78396200
-0.01828500 -0.01074700 0.99977500 -0.89922700
0.00000000 0.00000000 0.00000000 1.00000000
244	1519	1770
0.99971700 -0.02354900 0.00340400 3.22970900
0.02354300 0.99972100 0.00199000 -0.07492400
-0.00345000 -0.00190900 0.99999200 -0.02269900
0.00000000 0.00000000 0.00000000 1.00000000
954	1714	1770
0.99999200 -0.00258000 -0.00304500 -3.19476500
0.00258500 0.99999500 0.00192700 0.45001000
0.00304000 -0.00193500 0.99999400 -0.25345700
0.00000000 0.00000000 0.00000000 1.00000000
199	1564	1770
0.99924300 0.02263000 -0.03164500 -3.29516100
-0.02322200 0.99956000 -0.01846600 -0.35426800
0.03121300 0.01918700 0.99932900 -0.17116900
0.00000000 0.00000000 0.00000000 1.00000000
779	984	1770
0.99994000 -0.01093600 -0.00060600 -6.49431200
0.01093700 0.99994000 0.00103600 6.17850300
0.00059500 -0.00104200 0.99999900 0.04149500
0.00000000 0.00000000 0.00000000 1.00000000
329	1434	1770
0.99999800 -0.00193600 -0.00107800 -4.71893700
0.00193800 0.99999600 0.00195400 -0.74524300
0.00107400 -0.00195600 0.99999800 -0.06032300
0.00000000 0.00000000 0.00000000 1.00000000
919	1679	1770
0.99997300 0.00730700 -0.00115400 0.30704000
-0.00730100 0.99996000 0.00507500 0.59061000
0.00119100 -0.00506600 0.99998600 0.05184700
0.00000000 0.00000000 0.00000000 1.00000000
259	1504	1770
0.99705800 -0.07302900 0.02328300 0.84059100
0.07339400 0.99718700 -0.01522400 -0.86742800
-0.02210600 0.01688800 0.99961300 0.07235200
0.00000000 0.00000000 0.00000000 1.00000000
1614	1644	1770
0.99687700 -0.00088100 0.07896700 1.92534100
0.00065000 0.99999500 0.00295500 -4.92778200
-0.07896900 -0.00289400 0.99687300 -0.15978900
0.00000000 0.00000000 0.00000000 1.00000000
274	1489	1770
0.99966400 0.02408400 -0.00962500 4.61258700
-0.02397200 0.99964500 0.01159200 -1.39630200
0.00990100 -0.01135800 0.99988600 0.21338500
0.00000000 0.00000000 0.00000000 1.00000000
429	1334	1770
0.99999500 -0.00313300 -0.00009800 -5.25010900
0.00313200 0.99996800 -0.00736100 4.60594200
0.00012200 0.00736000 0.99997300 -0.04336000
0.00000000 0.00000000 0.00000000 1.00000000
269	1494	1770
0.99999700 0.00139000 0.00223300 4.25790900
-0.00138800 0.99999900 -0.00070200 -3.06243800
-0.00223400 0.00069900 0.99999700 0.03776700
0.00000000 0.00000000 0.00000000 1.00000000
1104	1129	1770
0.99915400 -0.01188500 -0.03937700 3.31516300
0.01523600 0.99618500 0.08592100 5.08593200
0.03820500 -0.08644900 0.99552300 -0.41862500
0.00000000 0.00000000 0.00000000 1.00000000
179	1584	1770
0.99872300 -0.01271900 0.04889100 -9.46932600
0.01269800 0.99991900 0.00074500 -3.17591600
-0.04889600 -0.00012300 0.99880400 0.24290200
0.00000000 0.00000000 0.00000000 1.00000000
809	954	1770
0.99996400 -0.00661300 0.00532100 1.77106500
0.00684600 0.99895800 -0.04513200 -9.73149500
-0.00501700 0.04516700 0.99896700 -0.31266100
0.00000000 0.00000000 0.00000000 1.00000000
794	969	1770
0.99999500 -0.00313900 -0.00012700 -4.33507300
0.00313900 0.99999500 -0.00025300 6.72757900
0.00012800 0.00025300 1.00000000 -0.03247200
0.00000000 0.00000000 0.00000000 1.00000000
824	939	1770
0.99997800 -0.00648100 -0.00122700 1.19177200
0.00647400 0.99996100 -0.00607400 -9.37422800
0.00126600 0.00606600 0.99998100 -0.14606000
0.00000000 0.00000000 0.00000000 1.00000000
809	1714	1770
0.99987300 0.01551200 -0.00355600 -1.31744300
-0.01556200 0.99977300 -0.01453200 -9.81753800
0.00333000 0.01458600 0.99988800 -0.73622500
0.00000000 0.00000000 0.00000000 1.00000000
634	1129	1770
0.99999800 0.00161400 -0.00088300 -7.81048800
-0.00161200 0.99999600 0.00234300 -5.32448600
0.00088600 -0.00234200 0.99999700 0.15196900
0.00000000 0.00000000 0.00000000 1.00000000
659	1129	1770
0.99977900 -0.01869500 0.00957600 9.27349800
0.01788700 0.99675900 0.07842900 9.38236100
-0.01101100 -0.07824000 0.99687400 -0.18790500
0.00000000 0.00000000 0.00000000 1.00000000
924	1684	1770
0.99999800 0.00044600 0.00180000 0.41084300
-0.00045600 0.99998600 0.00534700 -2.67888100
-0.00179800 -0.00534800 0.99998400 0.07535900
0.00000000 0.00000000 0.00000000 1.00000000
744	1019	1770
0.99995700 -0.00407900 0.00833200 -8.24362200
0.00404200 0.99998200 0.00446100 -3.41226000
-0.00835000 -0.00442700 0.99995500 0.12547100
0.00000000 0.00000000 0.00000000 1.00000000
664	1099	1770
0.99997500 0.00670400 -0.00229000 2.99250700
-0.00670400 0.99997800 0.00021000 1.45989500
0.00229200 -0.00019400 0.99999700 0.99173400
0.00000000 0.00000000 0.00000000 1.00000000
1619	1639	1770
0.99726600 0.00633300 0.07362300 9.65811900
-0.00846200 0.99955400 0.02864500 -7.00042200
-0.07340900 -0.02919000 0.99687500 -0.09828300
0.00000000 0.00000000 0.00000000 1.00000000
784	1224	1770
0.99878900 -0.01946300 -0.04517700 -25.17148200
0.01512600 0.99541700 -0.09443000 24.75151200
0.04680700 0.09363200 0.99450600 0.15661500
0.00000000 0.00000000 0.00000000 1.00000000
619	1144	1770
0.99997500 -0.00538600 -0.00459000 3.65345500
0.00544800 0.99989400 0.01351100 -6.04250100
0.00451700 -0.01353500 0.99989800 0.23136100
0.00000000 0.00000000 0.00000000 1.00000000
119	149	1770
0.99694400 -0.01004400 -0.07746700 -5.57144700
0.00762400 0.99947600 -0.03147100 16.60425200
0.07774300 0.03078400 0.99649800 0.11179500
0.00000000 0.00000000 0.00000000 1.00000000
354	1409	1770
0.99993200 0.01051300 0.00505900 0.57019800
-0.01051300 0.99994500 -0.00000900 0.70145000
-0.00505900 -0.00004400 0.99998700 0.01373000
0.00000000 0.00000000 0.00000000 1.00000000
779	1214	1770
0.99935400 -0.01386500 -0.03314400 10.34857800
0.01073800 0.99563600 -0.09270700 -15.11115100
0.03428500 0.09229100 0.99514200 -0.52779800
0.00000000 0.00000000 0.00000000 1.00000000
854	909	1770
0.99994400 -0.00617100 -0.00856900 -6.04621800
0.00635100 0.99975600 0.02116200 7.94169600
0.00843700 -0.02121500 0.99973900 -0.15911000
0.00000000 0.00000000 0.00000000 1.00000000
324	1439	1770
1.00000000 0.00016200 0.00075800 -5.76830100
-0.00016500 0.99999500 0.00317700 -1.33081800
-0.00075800 -0.00317700 0.99999500 0.01864900
0.00000000 0.00000000 0.00000000 1.00000000
1259	1734	1770
0.99999400 0.00346200 0.00093500 -1.76825800
-0.00346100 0.99999400 -0.00088900 -0.64791900
-0.00093900 0.00088600 0.99999900 -0.05338300
0.00000000 0.00000000 0.00000000 1.00000000
1404	1559	1770
0.99848900 -0.02912100 0.04660300 24.95109400
0.02525900 0.99636100 0.08140500 9.87399000
-0.04880400 -0.08010500 0.99559100 0.66091900
0.00000000 0.00000000 0.00000000 1.00000000
394	1369	1770
0.99999000 -0.00418700 -0.00150100 -1.58285500
0.00418300 0.99998800 -0.00263300 11.56033700
0.00151200 0.00262600 0.99999500 0.08237400
0.00000000 0.00000000 0.00000000 1.00000000
289	1474	1770
0.99999200 0.00125700 0.00378400 -2.56147000
-0.00125000 0.99999700 -0.00191400 -1.77822700
-0.00378600 0.00190900 0.99999100 -0.05763500
0.00000000 0.00000000 0.00000000 1.00000000
184	1579	1770
0.99969000 0.01937400 0.01566500 -0.99130400
-0.01973700 0.99953100 0.02339600 -5.27130400
-0.01520500 -0.02369800 0.99960400 -0.21615600
0.00000000 0.00000000 0.00000000 1.00000000
724	1039	1770
0.99930100 -0.00309400 -0.03725300 -2.32969500
0.00418200 0.99956600 0.02916200 -4.39364600
0.03714600 -0.02929700 0.99888000 0.04528300
0.00000000 0.00000000 0.00000000 1.00000000
339	1424	1770
0.99987900 0.01388800 0.00703100 -1.88727500
-0.01385700 0.99989400 -0.00439700 0.67885300
-0.00709100 0.00429900 0.99996600 0.02757000
0.00000000 0.00000000 0.00000000 1.00000000
784	979	1770
0.99995700 -0.00836700 -0.00399500 -7.32774700
0.00838700 0.99995300 0.00490800 9.03078800
0.00395400 -0.00494100 0.99998000 -0.12257500
0.00000000 0.00000000 0.00000000 1.00000000
334	1429	1770
1.00000000 0.00059200 0.00047600 -4.69815400
-0.00059100 0.99999200 -0.00393200 -0.45266300
-0.00047900 0.00393200 0.99999200 0.07010100
0.00000000 0.00000000 0.00000000 1.00000000
734	1034	1770
0.99929900 -0.02211400 0.03022100 33.84778900
0.02126800 0.99938100 0.02802600 21.54389300
-0.03082200 -0.02736400 0.99915000 -1.11586800
0.00000000 0.00000000 0.00000000 1.00000000
759	1004	1770
0.99994700 -0.00863900 -0.00552900 -3.21997600
0.00872200 0.99984700 0.01517900 8.67005900
0.00539700 -0.01522600 0.99987000 -0.10423300
0.00000000 0.00000000 0.00000000 1.00000000
224	344	1770
0.95210100 -0.04973900 -0.30171300 23.88626600
0.28687400 0.48689000 0.82501000 -4.29844100
0.10586600 -0.87204600 0.47783700 14.33016000
0.00000000 0.00000000 0.00000000 1.00000000
639	1109	1770
0.99763400 -0.00232600 -0.06871000 -3.94487700
-0.00369000 0.99617500 -0.08730700 -7.62328000
0.06865000 0.08735400 0.99380900 -1.61912300
0.00000000 0.00000000 0.00000000 1.00000000
409	1354	1770
0.99997000 -0.00761500 0.00121900 -1.08497400
0.00763000 0.99989100 -0.01267700 10.00766800
-0.00112200 0.01268600 0.99991900 0.16377900
0.00000000 0.00000000 0.00000000 1.00000000
779	1219	1770
0.99842900 -0.00943800 -0.05523100 -26.90359600
0.00421000 0.99556300 -0.09400800 20.84772100
0.05587300 0.09362800 0.99403800 0.48126400
0.00000000 0.00000000 0.00000000 1.00000000
874	889	1770
0.99998900 -0.00304000 -0.00359700 -2.56658100
0.00307300 0.99995300 0.00919300 8.53095600
0.00356900 -0.00920400 0.99995100 -0.00645100
0.00000000 0.00000000 0.00000000 1.00000000
1399	1559	1770
0.99902200 -0.00467900 -0.04397700 -21.97630200
0.00783800 0.99737900 0.07192700 -3.21031400
0.04352500 -0.07220100 0.99644000 -0.51796000
0.00000000 0.00000000 0.00000000 1.00000000
299	1464	1770
0.99999900 0.00086300 0.00141300 -4.30722100
-0.00085100 0.99996400 -0.00843300 1.09218200
-0.00142000 0.00843200 0.99996300 -0.08243800
0.00000000 0.00000000 0.00000000 1.00000000
389	1374	1770
0.99998000 0.00282600 -0.00558900 0.59007800
-0.00247600 0.99808900 0.06173800 -3.53227900
0.00575300 -0.06172300 0.99807700 0.62770800
0.00000000 0.00000000 0.00000000 1.00000000
209	1554	1770
0.99992300 0.01167000 -0.00411700 -0.53966800
-0.01168800 0.99992200 -0.00445000 -0.06842700
0.00406500 0.00449800 0.99998200 0.07074300
0.00000000 0.00000000 0.00000000 1.00000000
344	1419	1770
0.99973100 0.02030300 0.01120900 2.95765400
-0.02011700 0.99966300 -0.01639700 -0.63475300
-0.01153800 0.01616700 0.99980300 -0.59053200
0.00000000 0.00000000 0.00000000 1.00000000
939	1699	1770
0.99993500 0.01082100 -0.00348600 -0.74429700
-0.01078900 0.99989900 0.00923100 -2.51405800
0.00358500 -0.00919200 0.99995100 0.07589100
0.00000000 0.00000000 0.00000000 1.00000000
749	1014	1770
0.99973300 -0.00871700 0.02138300 1.63843400
0.00904400 0.99984300 -0.01523400 -0.14392300
-0.02124600 0.01542300 0.99965500 -0.15158800
0.00000000 0.00000000 0.00000000 1.00000000
204	1399	1770
0.99540400 0.09562500 0.00524900 16.13910000
-0.09449900 0.98962900 -0.10818300 0.22884500
-0.01553900 0.10719000 0.99411700 -0.38442300
0.00000000 0.00000000 0.00000000 1.00000000
729	1034	1770
0.99990000 -0.00248000 0.01390500 -9.03362900
0.00238400 0.99997300 0.00691300 -5.63109400
-0.01392100 -0.00687900 0.99987900 0.20450700
0.00000000 0.00000000 0.00000000 1.00000000
1114	1124	1770
0.99999900 -0.00152800 -0.00021400 26.08465500
0.00152800 0.99999500 0.00294100 8.20718600
0.00021000 -0.00294200 0.99999600 0.48971700
0.00000000 0.00000000 0.00000000 1.00000000
869	894	1770
0.99996200 -0.00801600 -0.00344600 -2.14547400
0.00801200 0.99996700 -0.00119700 8.33294800
0.00345500 0.00116900 0.99999300 0.07499800
0.00000000 0.00000000 0.00000000 1.00000000
979	1224	1770
0.99641500 0.00352000 -0.08453100 -17.72093700
-0.00857200 0.99819300 -0.05948000 16.09889800
0.08416900 0.05999100 0.99464400 -0.61306000
0.00000000 0.00000000 0.00000000 1.00000000
364	1559	1770
0.99952100 0.01922400 -0.02426900 -17.48899900
-0.01708600 0.99620100 0.08539500 -1.69041900
0.02581900 -0.08493900 0.99605200 -0.24557800
0.00000000 0.00000000 0.00000000 1.00000000
399	1364	1770
0.99999800 -0.00213900 0.00032200 -0.94754200
0.00213900 0.99999800 -0.00061400 6.63783900
-0.00032100 0.00061500 1.00000000 0.08385900
0.00000000 0.00000000 0.00000000 1.00000000
819	944	1770
0.99997600 -0.00507500 -0.00472500 1.04030400
0.00502300 0.99992700 -0.01103000 -10.68509700
0.00478100 0.01100600 0.99992800 -0.14105100
0.00000000 0.00000000 0.00000000 1.00000000
879	884	1770
0.99966600 -0.02249700 0.01274100 4.20827300
0.02265400 0.99966800 -0.01230600 5.25295700
-0.01246000 0.01259100 0.99984300 0.73178800
0.00000000 0.00000000 0.00000000 1.00000000
784	1219	1770
0.99643200 -0.01714600 -0.08263700 8.50651300
0.01267700 0.99844400 -0.05430000 -12.52213800
0.08343900 0.05305900 0.99509900 0.14448600
0.00000000 0.00000000 0.00000000 1.00000000
369	1564	1770
0.99990400 0.00575600 -0.01263000 -21.25677700
-0.00342000 0.98407500 0.17772200 0.45892200
0.01345100 -0.17766200 0.98400000 -0.08721500
0.00000000 0.00000000 0.00000000 1.00000000
634	1104	1770
0.99994700 -0.00224100 0.01009000 -10.99449500
0.00350000 0.99196400 -0.12647100 -10.26131800
-0.00972500 0.12650000 0.99191900 0.02480200
0.00000000 0.00000000 0.00000000 1.00000000
424	1339	1770
0.99997100 0.00724300 -0.00232800 -0.97069500
-0.00724000 0.99997300 0.00137900 1.38855500
0.00233800 -0.00136200 0.99999600 0.02098600
0.00000000 0.00000000 0.00000000 1.00000000
639	654	1770
0.99879300 0.01866200 0.04543800 -11.82801500
-0.01495600 0.99663600 -0.08057400 -10.22210700
-0.04678900 0.07979700 0.99571200 -0.38252800
0.00000000 0.00000000 0.00000000 1.00000000
819	1704	1770
0.99997800 0.00599200 -0.00279400 -0.21735000
-0.00601100 0.99995900 -0.00674200 -13.13615800
0.00275400 0.00675900 0.99997300 -0.06385300
0.00000000 0.00000000 0.00000000 1.00000000
789	974	1770
0.99998300 -0.00578000 0.00078700 -5.71400400
0.00577600 0.99997400 0.00442800 7.27443400
-0.00081300 -0.00442400 0.99999000 0.04439400
0.00000000 0.00000000 0.00000000 1.00000000
824	1699	1770
0.99999200 0.00380400 -0.00152200 0.41405300
-0.00379500 0.99997400 0.00605100 -11.93979100
0.00154500 -0.00604500 0.99998100 -0.04832700
0.00000000 0.00000000 0.00000000 1.00000000
434	1329	1770
0.99997900 -0.00505500 0.00414400 -4.36743100
0.00508100 0.99996600 -0.00645400 2.42289200
-0.00411100 0.00647400 0.99997100 0.04466600
0.00000000 0.00000000 0.00000000 1.00000000
199	1394	1770
0.99948600 0.00525900 -0.03161900 20.60846200
-0.00946500 0.99088300 -0.13439400 0.28773500
0.03062400 0.13462400 0.99042300 0.77007600
0.00000000 0.00000000 0.00000000 1.00000000
1394	1564	1770
0.99795500 0.05653500 0.02982200 -23.99268700
-0.05931500 0.99296500 0.10247900 -0.09065400
-0.02381900 -0.10403800 0.99428800 0.09579200
0.00000000 0.00000000 0.00000000 1.00000000
229	1534	1770
0.99979600 0.02016100 -0.00103200 1.42021400
-0.02017100 0.99974600 -0.01004300 -4.74940100
0.00082900 0.01006200 0.99994900 0.64264900
0.00000000 0.00000000 0.00000000 1.00000000
814	949	1770
0.99970400 0.00994100 -0.02222700 1.13932700
-0.00986500 0.99994500 0.00352900 -10.16883800
0.02226000 -0.00330800 0.99974700 0.85031300
0.00000000 0.00000000 0.00000000 1.00000000
124	144	1770
0.99597000 0.01127400 -0.08897500 -10.82090800
-0.01270500 0.99979900 -0.01552800 11.66625900
0.08878200 0.01659600 0.99591300 -0.49699900
0.00000000 0.00000000 0.00000000 1.00000000
629	1134	1770
0.99997000 0.00513700 0.00586300 -0.50847900
-0.00517400 0.99996700 0.00631500 -4.01596400
-0.00583100 -0.00634500 0.99996300 0.04279200
0.00000000 0.00000000 0.00000000 1.00000000
754	1169	1770
0.91356400 0.21106600 0.34763700 -9.82192400
-0.24169600 0.96922800 0.04669700 -6.73853100
-0.32708300 -0.12668300 0.93646600 1.08251200
0.00000000 0.00000000 0.00000000 1.00000000
669	1094	1770
0.99992400 -0.01230200 -0.00027100 8.94632300
0.01230000 0.99989800 -0.00721400 1.47158900
0.00035900 0.00721000 0.99997400 -0.04744500
0.00000000 0.00000000 0.00000000 1.00000000
384	1379	1770
0.99990600 -0.00044700 0.01367300 0.74978500
-0.00016100 0.99901400 0.04438600 5.60288900
-0.01367900 -0.04438400 0.99892100 0.09933300
0.00000000 0.00000000 0.00000000 1.00000000
404	1359	1770
0.99999000 -0.00416500 0.00190000 -0.91753800
0.00417300 0.99998100 -0.00456700 5.98906500
-0.00188100 0.00457500 0.99998800 0.11521600
0.00000000 0.00000000 0.00000000 1.00000000
829	1694	1770
0.99994800 0.00001900 -0.01021000 1.34411600
0.00012400 0.99990200 0.01398500 -12.57810000
0.01020900 -0.01398500 0.99985000 0.11358300
0.00000000 0.00000000 0.00000000 1.00000000
349	1414	1770
0.99942000 0.00198900 0.03398500 6.41247900
-0.00243400 0.99991200 0.01304200 0.75036700
-0.03395600 -0.01311800 0.99933700 -1.92423900
0.00000000 0.00000000 0.00000000 1.00000000
609	614	1770
0.99704000 0.01475400 0.07545300 20.08279900
-0.01249300 0.99946100 -0.03034400 -45.36521700
-0.07586000 0.02931100 0.99668800 -1.34150000
0.00000000 0.00000000 0.00000000 1.00000000
199	369	1770
0.99593100 0.05301300 -0.07288400 18.04270700
-0.06111100 0.99162300 -0.11379200 -1.57710900
0.06624100 0.11778300 0.99082800 1.54491800
0.00000000 0.00000000 0.00000000 1.00000000
754	1009	1770
0.99995300 0.00881000 -0.00402900 -4.53404100
-0.00875200 0.99986000 0.01425700 10.58294700
0.00415400 -0.01422100 0.99989000 -0.13942000
0.00000000 0.00000000 0.00000000 1.00000000
829	934	1770
0.99999000 -0.00367000 -0.00236100 2.07282100
0.00366800 0.99999300 -0.00087400 -9.12168000
0.00236400 0.00086500 0.99999700 0.06261400
0.00000000 0.00000000 0.00000000 1.00000000
844	919	1770
0.99999300 -0.00367300 0.00096500 0.69531900
0.00368900 0.99984500 -0.01723000 -17.23773100
-0.00090200 0.01723300 0.99985100 -0.28166800
0.00000000 0.00000000 0.00000000 1.00000000
719	1044	1770
0.99996500 0.00084200 -0.00833800 -4.29319100
-0.00078200 0.99997400 0.00713900 7.55237600
0.00834400 -0.00713300 0.99994000 0.18075900
0.00000000 0.00000000 0.00000000 1.00000000
839	924	1770
0.99999600 -0.00235500 0.00178100 -0.16514400
0.00238400 0.99986100 -0.01651900 -7.09665400
-0.00174200 0.01652300 0.99986200 -0.12090800
0.00000000 0.00000000 0.00000000 1.00000000
79	84	1770
0.99999800 -0.00163700 -0.00071500 0.63669800
0.00163800 0.99999800 0.00139100 -40.01007000
0.00071300 -0.00139200 0.99999900 -0.00726600
0.00000000 0.00000000 0.00000000 1.00000000
859	904	1770
0.99999400 -0.00333900 -0.00057800 -4.04423800
0.00334600 0.99991700 0.01244900 7.66431100
0.00053700 -0.01245100 0.99992200 0.00322300
0.00000000 0.00000000 0.00000000 1.00000000
304	1459	1770
0.99997000 -0.00422500 -0.00647900 -4.59623500
0.00426900 0.99996700 0.00689900 1.02792100
0.00645000 -0.00692700 0.99995500 -0.05984100
0.00000000 0.00000000 0.00000000 1.00000000
264	1499	1770
0.99999500 -0.00255700 0.00173800 1.49286600
0.00255700 0.99999700 0.00031900 -1.84876900
-0.00173900 -0.00031400 0.99999800 -0.01710600
0.00000000 0.00000000 0.00000000 1.00000000
814	1709	1770
0.99921100 -0.02745100 0.02868900 0.06068100
0.02914700 0.99774400 -0.06048300 -14.50305500
-0.02696400 0.06127200 0.99775700 0.41259200
0.00000000 0.00000000 0.00000000 1.00000000
374	1389	1770
0.99999500 -0.00309000 0.00057400 1.79406300
0.00312300 0.99736100 -0.07253100 3.73677300
-0.00034800 0.07253200 0.99736600 -1.35279100
0.00000000 0.00000000 0.00000000 1.00000000
834	1694	1770
0.99596500 0.08899600 0.01154900 -5.58941500
-0.08919900 0.99584300 0.01842100 38.90509800
-0.00986200 -0.01937700 0.99976400 0.06929100
0.00000000 0.00000000 0.00000000 1.00000000
184	1379	1770
0.99815100 -0.00024200 0.06078200 4.26461300
-0.00087600 0.99983100 0.01837700 11.19158500
-0.06077600 -0.01839600 0.99798200 -0.59101600
0.00000000 0.00000000 0.00000000 1.00000000
844	924	1770
0.99298900 -0.10142400 0.06071400 -3.05244700
0.10003200 0.99465600 0.02554500 36.20747600
-0.06298100 -0.01929200 0.99782800 -0.64891700
0.00000000 0.00000000 0.00000000 1.00000000
134	139	1770
0.99999300 -0.00356200 0.00082500 -9.09029900
0.00356300 0.99999300 -0.00084900 -10.25220200
-0.00082200 0.00085200 0.99999900 -0.08883800
0.00000000 0.00000000 0.00000000 1.00000000
809	1244	1770
0.99913800 -0.04144100 0.00254200 -7.84099500
0.04151800 0.99767000 -0.05413700 41.15164500
-0.00029200 0.05419600 0.99853000 1.32546700
0.00000000 0.00000000 0.00000000 1.00000000
844	1679	1770
0.99992400 0.00168300 -0.01220200 1.05846600
-0.00194400 0.99976900 -0.02142100 -16.49379000
0.01216300 0.02144300 0.99969600 -0.25525200
0.00000000 0.00000000 0.00000000 1.00000000
189	379	1770
0.99127500 -0.07428100 0.10888900 4.05576500
0.09964000 0.96308200 -0.25009000 6.87719600
-0.08629200 0.25875800 0.96208000 2.94933500
0.00000000 0.00000000 0.00000000 1.00000000
