1264	1739	1770
0.99994600 -0.00244900 -0.01007400 -1.21861400
0.00236300 0.99996000 -0.00857700 -0.57483700
0.01009400 0.00855300 0.99991200 0.00521300
0.00000000 0.00000000 0.00000000 1.00000000
549	1214	1770
0.99999400 0.00147700 0.00297900 1.32836300
-0.00147700 0.99999900 0.00016800 -2.45277300
-0.00297800 -0.00017300 0.99999600 0.07782700
0.00000000 0.00000000 0.00000000 1.00000000
234	1529	1770
0.99996600 0.00644500 0.00510000 2.11409200
-0.00643000 0.99997500 -0.00290100 -3.98705300
-0.00511800 0.00286800 0.99998300 -0.20776300
0.00000000 0.00000000 0.00000000 1.00000000
294	1469	1770
0.99961800 0.02573900 0.01009200 -4.90245300
-0.02582400 0.99963200 0.00833800 8.52586500
-0.00987400 -0.00859600 0.99991400 0.11383400
0.00000000 0.00000000 0.00000000 1.00000000
309	1454	1770
0.99995200 0.00753300 0.00630000 -4.39206300
-0.00751300 0.99996700 -0.00319700 1.43049100
-0.00632400 0.00314900 0.99997500 -0.00553700
0.00000000 0.00000000 0.00000000 1.00000000
24	499	1770
0.99998300 0.00157600 0.00556700 4.53530900
-0.00160100 0.99998900 0.00438600 1.60049300
-0.00556000 -0.00439500 0.99997500 -0.04493400
0.00000000 0.00000000 0.00000000 1.00000000
1254	1729	1770
0.99992200 0.00163900 -0.01241200 -1.16093400
-0.00155800 0.99997700 0.00655600 0.25320300
0.01242200 -0.00653600 0.99990100 0.00260500
0.00000000 0.00000000 0.00000000 1.00000000
1269	1744	1770
0.99999900 0.00134700 0.00089700 0.22647900
-0.00134800 0.99999900 0.00095100 -1.41640700
-0.00089600 -0.00095200 0.99999900 -0.04333200
0.00000000 0.00000000 0.00000000 1.00000000
649	1114	1770
0.99543200 0.01865800 0.09362800 7.29698100
-0.00419000 0.98831000 -0.15239800 4.51155000
-0.09537700 0.15131000 0.98387400 -0.36164500
0.00000000 0.00000000 0.00000000 1.00000000
69	829	1770
0.99999800 0.00080100 0.00167700 0.19590300
-0.00080800 0.99999200 0.00395200 2.49747400
-0.00167400 -0.00395300 0.99999100 0.02547200
0.00000000 0.00000000 0.00000000 1.00000000
19	494	1770
0.99994600 0.00128000 -0.01026900 -0.07282900
-0.00130100 0.99999700 -0.00203700 1.49784400
0.01026600 0.00205000 0.99994500 -0.56456100
0.00000000 0.00000000 0.00000000 1.00000000
169	1594	1770
0.99989100 0.00609000 0.01344800 -1.20110300
-0.00643100 0.99965500 0.02546800 0.34845700
-0.01328800 -0.02555200 0.99958500 0.05261700
0.00000000 0.00000000 0.00000000 1.00000000
379	1384	1770
0.99997600 0.00572100 0.00395800 1.95844900
-0.00576400 0.99992300 0.01101500 7.15087000
-0.00389500 -0.01103800 0.99993100 0.07475200
0.00000000 0.00000000 0.00000000 1.00000000
119	1644	1770
0.99997800 0.00611600 0.00261500 -2.33408600
-0.00611200 0.99998000 -0.00137500 7.69184700
-0.00262300 0.00135900 0.99999600 -0.01699200
0.00000000 0.00000000 0.00000000 1.00000000
94	1669	1770
0.99999300 0.00364700 0.00046800 1.92588700
-0.00364700 0.99999300 0.00110900 -8.57888800
-0.00046400 -0.00111100 0.99999900 -0.13141300
0.00000000 0.00000000 0.00000000 1.00000000
149	1614	1770
0.99996500 0.00801700 0.00237500 1.36507100
-0.00804000 0.99991800 0.00999500 -4.34371900
-0.00229500 -0.01001400 0.99994700 -0.05506600
0.00000000 0.00000000 0.00000000 1.00000000
24	1739	1770
0.99999500 -0.00238000 0.00226800 9.14651300
0.00237100 0.99998900 0.00402400 3.30107300
-0.00227700 -0.00401900 0.99998900 -0.07602600
0.00000000 0.00000000 0.00000000 1.00000000
644	1119	1770
0.99950700 -0.02602300 0.01755200 1.71192600
0.02582600 0.99960200 0.01133600 -0.84196300
-0.01784000 -0.01087700 0.99978200 0.09589400
0.00000000 0.00000000 0.00000000 1.00000000
594	1169	1770
0.99982700 -0.00940800 0.01604000 1.55173000
0.00974000 0.99973700 -0.02078200 -0.02566200
-0.01584100 0.02093500 0.99965500 -0.08230700
0.00000000 0.00000000 0.00000000 1.00000000
944	1704	1770
0.99998500 0.00551200 0.00028200 -1.25968000
-0.00551200 0.99998400 -0.00114800 -2.41783000
-0.00028800 0.00114600 0.99999900 0.07691500
0.00000000 0.00000000 0.00000000 1.00000000
474	1289	1770
0.99999600 0.00273700 -0.00002700 6.33401000
-0.00273700 0.99998700 -0.00425100 4.52580800
0.00001500 0.00425100 0.99999100 -0.02926500
0.00000000 0.00000000 0.00000000 1.00000000
204	1559	1770
0.99998400 0.00570000 -0.00013000 -5.57459200
-0.00570000 0.99998300 -0.00097600 -1.23973400
0.00012500 0.00097700 1.00000000 -0.22856200
0.00000000 0.00000000 0.00000000 1.00000000
369	1394	1770
0.99987600 -0.01048100 0.01174200 2.10275900
0.01029900 0.99982800 0.01542800 1.10238500
-0.01190200 -0.01530500 0.99981200 -0.23805400
0.00000000 0.00000000 0.00000000 1.00000000
29	504	1770
0.99998800 -0.00404000 -0.00271800 3.60434400
0.00405300 0.99998100 0.00475000 1.16974800
0.00269900 -0.00476100 0.99998500 0.11074100
0.00000000 0.00000000 0.00000000 1.00000000
319	1444	1770
0.99993400 0.00779900 -0.00846100 -3.82536600
-0.00779500 0.99996900 0.00051000 -0.07143900
0.00846500 -0.00044400 0.99996400 -0.04206100
0.00000000 0.00000000 0.00000000 1.00000000
84	844	1770
0.99999200 0.00403500 -0.00023500 -0.03140500
-0.00403400 0.99997100 0.00642900 3.01332200
0.00026100 -0.00642800 0.99997900 -0.00108600
0.00000000 0.00000000 0.00000000 1.00000000
949	1709	1770
0.99997900 0.00624500 -0.00186700 -0.84853000
-0.00625100 0.99997500 -0.00333300 -4.77669400
0.00184700 0.00334400 0.99999300 0.07177200
0.00000000 0.00000000 0.00000000 1.00000000
624	1139	1770
0.99998500 -0.00408000 -0.00365100 3.30339200
0.00407500 0.99999100 -0.00138700 -6.87197000
0.00365600 0.00137200 0.99999200 -0.03118200
0.00000000 0.00000000 0.00000000 1.00000000
59	819	1770
0.99999800 0.00193800 -0.00071600 1.00938100
-0.00193300 0.99998200 0.00572300 3.26233400
0.00072700 -0.00572200 0.99998300 0.01216600
0.00000000 0.00000000 0.00000000 1.00000000
364	1399	1770
0.99996600 -0.00418700 -0.00706500 4.94204200
0.00416100 0.99998500 -0.00365600 1.68666600
0.00708100 0.00362600 0.99996800 0.12168600
0.00000000 0.00000000 0.00000000 1.00000000
24	1744	1770
0.91419800 -0.40360100 -0.03671600 -9.16267800
0.40355300 0.89826300 0.17397800 -18.79451900
-0.03723700 -0.17386800 0.98406500 -1.07619600
0.00000000 0.00000000 0.00000000 1.00000000
24	1264	1770
0.99985500 -0.00089000 0.01700500 10.45960600
0.00074400 0.99996300 0.00858900 3.95148000
-0.01701200 -0.00857500 0.99981900 -0.18439100
0.00000000 0.00000000 0.00000000 1.00000000
359	1404	1770
0.99989100 -0.00622000 -0.01337700 6.17302200
0.00609600 0.99993800 -0.00926800 2.38144400
0.01343400 0.00918500 0.99986800 0.39887300
0.00000000 0.00000000 0.00000000 1.00000000
564	1199	1770
0.99999800 0.00026900 -0.00214500 -1.62487000
-0.00028200 0.99998100 -0.00610400 -2.65963700
0.00214400 0.00610400 0.99997900 0.06146300
0.00000000 0.00000000 0.00000000 1.00000000
279	1484	1770
0.99959400 0.01687600 0.02295700 10.64064700
-0.01741000 0.99957700 0.02329100 2.52180000
-0.02255500 -0.02368200 0.99946500 0.09067500
0.00000000 0.00000000 0.00000000 1.00000000
144	1619	1770
0.99999200 0.00393800 -0.00023300 2.89031200
-0.00393700 0.99999200 0.00066400 -3.78281200
0.00023500 -0.00066300 1.00000000 -0.23097100
0.00000000 0.00000000 0.00000000 1.00000000
799	964	1770
0.99995700 -0.00893500 -0.00245100 -3.01414600
0.00894500 0.99995300 0.00374600 6.10942500
0.00241800 -0.00376700 0.99999000 -0.03216500
0.00000000 0.00000000 0.00000000 1.00000000
284	1479	1770
0.99999500 -0.00256200 0.00173200 -1.60056100
0.00256600 0.99999300 -0.00266000 -4.46383400
-0.00172500 0.00266400 0.99999500 -0.19456300
0.00000000 0.00000000 0.00000000 1.00000000
1119	1124	1770
-0.86313300 -0.16935200 -0.47573200 1.26447600
-0.41950700 -0.28394400 0.86220100 12.25687900
-0.28109700 0.94376700 0.17403700 -9.41914700
0.00000000 0.00000000 0.00000000 1.00000000
774	989	1770
0.99984700 0.00630400 -0.01631200 -2.53270500
-0.00592000 0.99970600 0.02351700 3.34299000
0.01645600 -0.02341600 0.99959000 -0.12370600
0.00000000 0.00000000 0.00000000 1.00000000
314	1449	1770
1.00000000 0.00039100 0.00072000 -3.98881100
-0.00039000 0.99999900 -0.00159400 1.30609500
-0.00072100 0.00159400 0.99999800 0.01138000
0.00000000 0.00000000 0.00000000 1.00000000
934	1694	1770
0.99999100 0.00392400 0.00143400 -0.71593000
-0.00394800 0.99985500 0.01656800 -3.38594500
-0.00136800 -0.01657300 0.99986200 0.03488000
0.00000000 0.00000000 0.00000000 1.00000000
769	994	1770
0.99992400 -0.00944300 -0.00798700 -8.10963700
0.00947500 0.99994700 0.00400300 17.08234800
0.00794800 -0.00407800 0.99996000 -0.20232800
0.00000000 0.00000000 0.00000000 1.00000000
189	1574	1770
0.99992500 -0.01226300 0.00066600 -1.74431300
0.01227400 0.99968100 -0.02208400 -7.13508600
-0.00039500 0.02209000 0.99975600 -0.24558900
0.00000000 0.00000000 0.00000000 1.00000000
504	1734	1770
0.99995600 0.00623500 0.00695000 4.96259400
-0.00627600 0.99996300 0.00593900 2.23241500
-0.00691300 -0.00598300 0.99995800 -0.00240100
0.00000000 0.00000000 0.00000000 1.00000000
494	499	1770
0.75424200 0.49651500 0.42964100 -15.43287300
0.65659400 -0.57197200 -0.49166300 14.51453700
0.00162400 0.65293300 -0.75741400 -7.36092100
0.00000000 0.00000000 0.00000000 1.00000000
124	1639	1770
0.99992400 0.00834900 0.00911300 1.44382100
-0.00843800 0.99991700 0.00978200 0.51974300
-0.00903100 -0.00985800 0.99991100 -0.06836000
0.00000000 0.00000000 0.00000000 1.00000000
159	1604	1770
0.99998400 0.00016000 -0.00559600 1.37628500
-0.00018300 0.99999100 -0.00414600 -4.29414500
0.00559600 0.00414700 0.99997600 0.06684000
0.00000000 0.00000000 0.00000000 1.00000000
604	1159	1770
0.99999600 0.00127900 -0.00256200 5.38119200
-0.00127300 0.99999700 0.00217300 -11.70394500
0.00256500 -0.00216900 0.99999400 -0.07366400
0.00000000 0.00000000 0.00000000 1.00000000
79	839	1770
0.99998200 0.00601200 -0.00043200 -0.04931500
-0.00600400 0.99986900 0.01500900 5.86764300
0.00052200 -0.01500600 0.99988700 0.02993400
0.00000000 0.00000000 0.00000000 1.00000000
34	509	1770
0.99999500 -0.00296500 -0.00061000 -0.49938800
0.00296800 0.99998600 0.00430100 0.04467900
0.00059700 -0.00430300 0.99999100 -0.30124000
0.00000000 0.00000000 0.00000000 1.00000000
219	1544	1770
0.99989800 0.01122900 0.00884800 -10.04561700
-0.01125600 0.99993200 0.00308600 -4.64470400
-0.00881300 -0.00318500 0.99995600 -0.08997400
0.00000000 0.00000000 0.00000000 1.00000000
639	1124	1770
0.99994000 -0.01048200 0.00313600 -7.45726700
0.01047300 0.99994100 0.00276000 -1.57253100
-0.00316500 -0.00272700 0.99999100 -0.03588200
0.00000000 0.00000000 0.00000000 1.00000000
654	1109	1770
0.99998900 -0.00385000 0.00269500 7.13504300
0.00385700 0.99999000 -0.00230000 2.57989800
-0.00268600 0.00231000 0.99999400 0.05758600
0.00000000 0.00000000 0.00000000 1.00000000
499	1739	1770
0.99997000 -0.00733800 -0.00233800 4.76543000
0.00733300 0.99997100 -0.00221700 1.79595400
0.00235400 0.00220000 0.99999500 -0.05600900
0.00000000 0.00000000 0.00000000 1.00000000
254	1509	1770
0.99985500 0.01693500 0.00197800 5.49618100
-0.01694600 0.99984000 0.00566200 0.90940100
-0.00188200 -0.00569500 0.99998200 -0.03672900
0.00000000 0.00000000 0.00000000 1.00000000
1249	1724	1770
0.99999800 0.00198500 -0.00060000 -1.37465600
-0.00197800 0.99993800 0.01095000 6.05595000
0.00062200 -0.01094900 0.99994000 -0.21640600
0.00000000 0.00000000 0.00000000 1.00000000
249	1514	1770
0.99966000 0.02521000 0.00669200 2.41428200
-0.02519900 0.99968100 -0.00176900 -0.03863200
-0.00673400 0.00160000 0.99997600 -0.00655500
0.00000000 0.00000000 0.00000000 1.00000000
659	1104	1770
0.99999600 0.00288100 -0.00081800 6.69141800
-0.00287900 0.99999300 0.00236300 4.33393700
0.00082500 -0.00236100 0.99999700 -0.14261000
0.00000000 0.00000000 0.00000000 1.00000000
1244	1719	1770
0.99998800 0.00481700 0.00017300 -2.96519200
-0.00481800 0.99998300 0.00335500 0.01269500
-0.00015700 -0.00335500 0.99999400 -0.16253700
0.00000000 0.00000000 0.00000000 1.00000000
929	1689	1770
0.99998700 0.00119000 -0.00500000 -0.08182400
-0.00116300 0.99998500 0.00528300 -2.97670900
0.00500600 -0.00527700 0.99997400 -0.03407500
0.00000000 0.00000000 0.00000000 1.00000000
414	1349	1770
0.99996100 0.00715800 -0.00508800 -1.90643100
-0.00731300 0.99948600 -0.03119800 8.77984700
0.00486200 0.03123400 0.99950000 0.32600200
0.00000000 0.00000000 0.00000000 1.00000000
744	1024	1770
0.99970600 -0.01612500 0.01811000 39.17935900
0.01592700 0.99981200 0.01103900 15.78396200
-0.01828500 -0.01074700 0.99977500 -0.89922700
0.00000000 0.00000000 0.00000000 1.00000000
89	1674	1770
0.99998600 0.00507800 -0.00159200 -0.54214300
-0.00507600 0.99998600 0.00132400 -10.86412100
0.00159900 -0.00131600 0.99999800 0.39481500
0.00000000 0.00000000 0.00000000 1.00000000
244	1519	1770
0.99971700 -0.02354900 0.00340400 3.22970900
0.02354300 0.99972100 0.00199000 -0.07492400
-0.00345000 -0.00190900 0.99999200 -0.02269900
0.00000000 0.00000000 0.00000000 1.00000000
449	1314	1770
0.99997000 -0.00173400 0.00753300 -2.27952800
0.00184200 0.99989500 -0.01439100 3.06555500
-0.00750700 0.01440500 0.99986800 0.02585300
0.00000000 0.00000000 0.00000000 1.00000000
174	1589	1770
0.99994300 0.00566100 0.00903100 0.40559600
-0.00561300 0.99997000 -0.00535100 -0.03228800
-0.00906100 0.00530000 0.99994500 0.04040100
0.00000000 0.00000000 0.00000000 1.00000000
49	809	1770
0.99997500 0.00677800 -0.00219500 0.49808900
-0.00663900 0.99828600 0.05815300 6.37899700
0.00258600 -0.05813700 0.99830500 1.12767000
0.00000000 0.00000000 0.00000000 1.00000000
954	1714	1770
0.99999200 -0.00258000 -0.00304500 -3.19476500
0.00258500 0.99999500 0.00192700 0.45001000
0.00304000 -0.00193500 0.99999400 -0.25345700
0.00000000 0.00000000 0.00000000 1.00000000
199	1564	1770
0.99924300 0.02263000 -0.03164500 -3.29516100
-0.02322200 0.99956000 -0.01846600 -0.35426800
0.03121300 0.01918700 0.99932900 -0.17116900
0.00000000 0.00000000 0.00000000 1.00000000
779	984	1770
0.99994000 -0.01093600 -0.00060600 -6.49431200
0.01093700 0.99994000 0.00103600 6.17850300
0.00059500 -0.00104200 0.99999900 0.04149500
0.00000000 0.00000000 0.00000000 1.00000000
329	1434	1770
0.99999800 -0.00193600 -0.00107800 -4.71893700
0.00193800 0.99999600 0.00195400 -0.74524300
0.00107400 -0.00195600 0.99999800 -0.06032300
0.00000000 0.00000000 0.00000000 1.00000000
214	1409	1770
-0.97710800 -0.21020500 -0.03277100 -0.85865000
0.19068800 -0.93365600 0.30318900 -5.11242200
-0.09432900 0.29000000 0.95236700 2.25482900
0.00000000 0.00000000 0.00000000 1.00000000
919	1679	1770
0.99997300 0.00730700 -0.00115400 0.30704000
-0.00730100 0.99996000 0.00507500 0.59061000
0.00119100 -0.00506600 0.99998600 0.05184700
0.00000000 0.00000000 0.00000000 1.00000000
544	1219	1770
0.99999100 0.00148400 0.00395500 5.11003900
-0.00146300 0.99998500 -0.00525300 -5.27190500
-0.00396300 0.00524700 0.99997800 0.08949100
0.00000000 0.00000000 0.00000000 1.00000000
494	1744	1770
0.99988400 0.00430700 0.01460900 4.00408000
-0.00440500 0.99996800 0.00665800 3.89895200
-0.01458000 -0.00672100 0.99987100 -0.05373400
0.00000000 0.00000000 0.00000000 1.00000000
444	1319	1770
0.99995300 -0.00648500 0.00718800 -3.58048600
0.00651800 0.99996900 -0.00451400 4.50936900
-0.00715900 0.00456100 0.99996400 -0.00255600
0.00000000 0.00000000 0.00000000 1.00000000
639	1114	1770
0.73140400 -0.05263600 0.67991000 -31.07514000
-0.02336100 0.99449800 0.10212100 -9.83948800
-0.68154400 -0.09057500 0.72615000 13.09651900
0.00000000 0.00000000 0.00000000 1.00000000
519	1719	1770
0.99992500 0.01206000 -0.00208900 -0.57945700
-0.01205900 0.99992700 0.00023700 -3.48896200
0.00209200 -0.00021200 0.99999800 -0.09864600
0.00000000 0.00000000 0.00000000 1.00000000
259	1504	1770
0.99705800 -0.07302900 0.02328300 0.84059100
0.07339400 0.99718700 -0.01522400 -0.86742800
-0.02210600 0.01688800 0.99961300 0.07235200
0.00000000 0.00000000 0.00000000 1.00000000
1614	1644	1770
0.99687700 -0.00088100 0.07896700 1.92534100
0.00065000 0.99999500 0.00295500 -4.92778200
-0.07896900 -0.00289400 0.99687300 -0.15978900
0.00000000 0.00000000 0.00000000 1.00000000
19	1744	1770
0.99991600 0.00895900 0.00933900 3.92633200
-0.00900400 0.99994800 0.00480900 5.41528700
-0.00929500 -0.00489200 0.99994500 -0.56997900
0.00000000 0.00000000 0.00000000 1.00000000
274	1489	1770
0.99966400 0.02408400 -0.00962500 4.61258700
-0.02397200 0.99964500 0.01159200 -1.39630200
0.00990100 -0.01135800 0.99988600 0.21338500
0.00000000 0.00000000 0.00000000 1.00000000
429	1334	1770
0.99999500 -0.00313300 -0.00009800 -5.25010900
0.00313200 0.99996800 -0.00736100 4.60594200
0.00012200 0.00736000 0.99997300 -0.04336000
0.00000000 0.00000000 0.00000000 1.00000000
269	1494	1770
0.99999700 0.00139000 0.00223300 4.25790900
-0.00138800 0.99999900 -0.00070200 -3.06243800
-0.00223400 0.00069900 0.99999700 0.03776700
0.00000000 0.00000000 0.00000000 1.00000000
1104	1129	1770
0.99915400 -0.01188500 -0.03937700 3.31516300
0.01523600 0.99618500 0.08592100 5.08593200
0.03820500 -0.08644900 0.99552300 -0.41862500
0.00000000 0.00000000 0.00000000 1.00000000
29	1259	1770
0.99998400 -0.00090700 0.00555800 10.35613900
0.00088100 0.99998900 0.00468400 4.19558500
-0.00556200 -0.00467900 0.99997400 0.05542600
0.00000000 0.00000000 0.00000000 1.00000000
179	1584	1770
0.99872300 -0.01271900 0.04889100 -9.46932600
0.01269800 0.99991900 0.00074500 -3.17591600
-0.04889600 -0.00012300 0.99880400 0.24290200
0.00000000 0.00000000 0.00000000 1.00000000
499	1264	1770
0.99994700 -0.00321000 0.00975700 5.91783300
0.00314200 0.99997100 0.00695700 2.36914700
-0.00977900 -0.00692600 0.99992800 -0.08726100
0.00000000 0.00000000 0.00000000 1.00000000
29	1734	1770
0.99988700 0.00258600 0.01481000 8.63503800
-0.00270400 0.99996500 0.00792500 3.55196000
-0.01478900 -0.00796400 0.99985900 -0.07079700
0.00000000 0.00000000 0.00000000 1.00000000
1404	1439	1770
0.93003500 0.36412800 0.04944600 -0.51479100
-0.33971900 0.80068200 0.49345700 -1.57502300
0.14009100 -0.47573000 0.86836400 2.18273800
0.00000000 0.00000000 0.00000000 1.00000000
549	779	1770
0.99816200 0.00690400 0.06020600 -8.96875700
-0.01083600 0.99781100 0.06524100 12.69157600
-0.05962400 -0.06577400 0.99605200 0.30705200
0.00000000 0.00000000 0.00000000 1.00000000
519	1244	1770
1.00000000 -0.00026600 -0.00065000 2.50198100
0.00026400 0.99999500 -0.00320700 -3.57903600
0.00065100 0.00320700 0.99999500 0.04965200
0.00000000 0.00000000 0.00000000 1.00000000
614	1149	1770
0.99993600 -0.00996300 -0.00532900 2.19814100
0.01000200 0.99992300 0.00731200 -5.46336000
0.00525500 -0.00736400 0.99995900 0.08924900
0.00000000 0.00000000 0.00000000 1.00000000
809	954	1770
0.99996400 -0.00661300 0.00532100 1.77106500
0.00684600 0.99895800 -0.04513200 -9.73149500
-0.00501700 0.04516700 0.99896700 -0.31266100
0.00000000 0.00000000 0.00000000 1.00000000
509	1729	1770
0.99999900 -0.00026200 -0.00119100 1.46587200
0.00026500 0.99999600 0.00278300 -0.33660300
0.00119000 -0.00278400 0.99999500 0.02249300
0.00000000 0.00000000 0.00000000 1.00000000
599	1164	1770
0.99970200 -0.01571100 0.01869600 3.17908400
0.01537100 0.99971700 0.01817700 -4.56960000
-0.01897600 -0.01788500 0.99966000 -0.39885200
0.00000000 0.00000000 0.00000000 1.00000000
794	969	1770
0.99999500 -0.00313900 -0.00012700 -4.33507300
0.00313900 0.99999500 -0.00025300 6.72757900
0.00012800 0.00025300 1.00000000 -0.03247200
0.00000000 0.00000000 0.00000000 1.00000000
824	939	1770
0.99997800 -0.00648100 -0.00122700 1.19177200
0.00647400 0.99996100 -0.00607400 -9.37422800
0.00126600 0.00606600 0.99998100 -0.14606000
0.00000000 0.00000000 0.00000000 1.00000000
119	1614	1770
0.99983700 0.00816500 0.01609000 -4.29084100
-0.00817700 0.99996600 0.00071100 12.39478800
-0.01608300 -0.00084300 0.99987000 -0.62078800
0.00000000 0.00000000 0.00000000 1.00000000
809	1714	1770
0.99987300 0.01551200 -0.00355600 -1.31744300
-0.01556200 0.99977300 -0.01453200 -9.81753800
0.00333000 0.01458600 0.99988800 -0.73622500
0.00000000 0.00000000 0.00000000 1.00000000
634	1129	1770
0.99999800 0.00161400 -0.00088300 -7.81048800
-0.00161200 0.99999600 0.00234300 -5.32448600
0.00088600 -0.00234200 0.99999700 0.15196900
0.00000000 0.00000000 0.00000000 1.00000000
659	1129	1770
0.99977900 -0.01869500 0.00957600 9.27349800
0.01788700 0.99675900 0.07842900 9.38236100
-0.01101100 -0.07824000 0.99687400 -0.18790500
0.00000000 0.00000000 0.00000000 1.00000000
924	1684	1770
0.99999800 0.00044600 0.00180000 0.41084300
-0.00045600 0.99998600 0.00534700 -2.67888100
-0.00179800 -0.00534800 0.99998400 0.07535900
0.00000000 0.00000000 0.00000000 1.00000000
744	1019	1770
0.99995700 -0.00407900 0.00833200 -8.24362200
0.00404200 0.99998200 0.00446100 -3.41226000
-0.00835000 -0.00442700 0.99995500 0.12547100
0.00000000 0.00000000 0.00000000 1.00000000
664	1099	1770
0.99997500 0.00670400 -0.00229000 2.99250700
-0.00670400 0.99997800 0.00021000 1.45989500
0.00229200 -0.00019400 0.99999700 0.99173400
0.00000000 0.00000000 0.00000000 1.00000000
1619	1639	1770
0.99726600 0.00633300 0.07362300 9.65811900
-0.00846200 0.99955400 0.02864500 -7.00042200
-0.07340900 -0.02919000 0.99687500 -0.09828300
0.00000000 0.00000000 0.00000000 1.00000000
539	1224	1770
0.99999100 -0.00059300 -0.00412800 5.15002600
0.00061000 0.99999100 0.00417600 -6.59498900
0.00412500 -0.00417800 0.99998300 0.04881000
0.00000000 0.00000000 0.00000000 1.00000000
784	1224	1770
0.99878900 -0.01946300 -0.04517700 -25.17148200
0.01512600 0.99541700 -0.09443000 24.75151200
0.04680700 0.09363200 0.99450600 0.15661500
0.00000000 0.00000000 0.00000000 1.00000000
609	1154	1770
0.99999000 -0.00315500 -0.00328600 4.52724800
0.00316900 0.99998500 0.00439200 -9.77230200
0.00327200 -0.00440300 0.99998500 -0.08296500
0.00000000 0.00000000 0.00000000 1.00000000
509	1254	1770
0.99998000 0.00121400 0.00625100 2.64166000
-0.00117800 0.99998200 -0.00580000 -0.64668600
-0.00625800 0.00579300 0.99996400 -0.04845600
0.00000000 0.00000000 0.00000000 1.00000000
619	1144	1770
0.99997500 -0.00538600 -0.00459000 3.65345500
0.00544800 0.99989400 0.01351100 -6.04250100
0.00451700 -0.01353500 0.99989800 0.23136100
0.00000000 0.00000000 0.00000000 1.00000000
149	1644	1770
0.99610300 0.01388300 0.08709900 3.25066300
-0.01286500 0.99984200 -0.01224400 -9.22590000
-0.08725500 0.01107500 0.99612400 0.17569300
0.00000000 0.00000000 0.00000000 1.00000000
39	514	1770
0.99999500 0.00313900 0.00031600 0.97814500
-0.00314000 0.99998200 0.00503700 -6.02199400
-0.00030000 -0.00503800 0.99998700 0.02334200
0.00000000 0.00000000 0.00000000 1.00000000
119	149	1770
0.99694400 -0.01004400 -0.07746700 -5.57144700
0.00762400 0.99947600 -0.03147100 16.60425200
0.07774300 0.03078400 0.99649800 0.11179500
0.00000000 0.00000000 0.00000000 1.00000000
479	1284	1770
0.99999100 -0.00411400 -0.00092300 6.22934600
0.00412000 0.99996500 0.00723500 4.71668600
0.00089300 -0.00723800 0.99997300 0.00107800
0.00000000 0.00000000 0.00000000 1.00000000
354	1409	1770
0.99993200 0.01051300 0.00505900 0.57019800
-0.01051300 0.99994500 -0.00000900 0.70145000
-0.00505900 -0.00004400 0.99998700 0.01373000
0.00000000 0.00000000 0.00000000 1.00000000
779	1214	1770
0.99935400 -0.01386500 -0.03314400 10.34857800
0.01073800 0.99563600 -0.09270700 -15.11115100
0.03428500 0.09229100 0.99514200 -0.52779800
0.00000000 0.00000000 0.00000000 1.00000000
329	334	1770
0.96629500 -0.24920900 0.06456600 -48.86376700
0.24801800 0.96840700 0.02598100 -9.47108300
-0.06900100 -0.00909200 0.99757500 1.30211200
0.00000000 0.00000000 0.00000000 1.00000000
139	1624	1770
0.81944000 -0.56660700 0.08645500 -13.12604500
0.55576100 0.82235600 0.12190400 5.11680200
-0.14016800 -0.05184400 0.98876900 2.67648700
0.00000000 0.00000000 0.00000000 1.00000000
19	1269	1770
0.99998400 0.00447500 -0.00356800 3.70319100
-0.00445000 0.99996500 0.00702400 6.85776000
0.00359900 -0.00700800 0.99996900 -0.53585700
0.00000000 0.00000000 0.00000000 1.00000000
854	909	1770
0.99994400 -0.00617100 -0.00856900 -6.04621800
0.00635100 0.99975600 0.02116200 7.94169600
0.00843700 -0.02121500 0.99973900 -0.15911000
0.00000000 0.00000000 0.00000000 1.00000000
324	1439	1770
1.00000000 0.00016200 0.00075800 -5.76830100
-0.00016500 0.99999500 0.00317700 -1.33081800
-0.00075800 -0.00317700 0.99999500 0.01864900
0.00000000 0.00000000 0.00000000 1.00000000
1259	1734	1770
0.99999400 0.00346200 0.00093500 -1.76825800
-0.00346100 0.99999400 -0.00088900 -0.64791900
-0.00093900 0.00088600 0.99999900 -0.05338300
0.00000000 0.00000000 0.00000000 1.00000000
534	1229	1770
0.99997500 0.00051100 -0.00707100 4.34997000
-0.00046500 0.99997900 0.00652400 -6.03609100
0.00707400 -0.00652000 0.99995400 0.05098200
0.00000000 0.00000000 0.00000000 1.00000000
494	1269	1770
0.99998600 0.00177400 0.00495200 3.81124900
-0.00180100 0.99998300 0.00555100 5.34244900
-0.00494200 -0.00556000 0.99997200 0.04618400
0.00000000 0.00000000 0.00000000 1.00000000
34	1254	1770
0.99993800 0.01018400 -0.00440600 1.91801300
-0.01013200 0.99987900 0.01180600 -0.74062100
0.00452600 -0.01176000 0.99992100 -0.05518200
0.00000000 0.00000000 0.00000000 1.00000000
324	1559	1770
-0.17617700 -0.28986100 -0.94071400 -19.24384600
-0.50641000 -0.79280700 0.33912700 -1.43160800
-0.84410400 0.53613300 -0.00711400 11.43458200
0.00000000 0.00000000 0.00000000 1.00000000
1404	1559	1770
0.99848900 -0.02912100 0.04660300 24.95109400
0.02525900 0.99636100 0.08140500 9.87399000
-0.04880400 -0.08010500 0.99559100 0.66091900
0.00000000 0.00000000 0.00000000 1.00000000
359	1439	1770
0.49414400 -0.86619600 0.07434200 -1.09711000
0.86934100 0.49312200 -0.03281200 9.13039400
-0.00823800 0.08084300 0.99669300 -0.59805400
0.00000000 0.00000000 0.00000000 1.00000000
649	654	1770
0.95538700 0.27989800 0.09429900 25.77805100
-0.28546800 0.95699500 0.05166100 0.68606500
-0.07578400 -0.07627500 0.99420300 1.27846600
0.00000000 0.00000000 0.00000000 1.00000000
394	1369	1770
0.99999000 -0.00418700 -0.00150100 -1.58285500
0.00418300 0.99998800 -0.00263300 11.56033700
0.00151200 0.00262600 0.99999500 0.08237400
0.00000000 0.00000000 0.00000000 1.00000000
4	1759	1770
0.99999200 0.00251600 -0.00316900 -2.94843800
-0.00249100 0.99996600 0.00785000 5.92324500
0.00318800 -0.00784200 0.99996400 -0.09385900
0.00000000 0.00000000 0.00000000 1.00000000
1434	1554	1770
0.08408900 0.25758600 0.96258900 17.76050000
-0.60877100 0.77805200 -0.15502400 3.55980600
-0.78887700 -0.57296100 0.22223700 8.73015600
0.00000000 0.00000000 0.00000000 1.00000000
504	1259	1770
0.99998300 0.00162000 0.00559500 6.77148700
-0.00162300 0.99999800 0.00063500 2.92656900
-0.00559400 -0.00064400 0.99998400 0.01351200
0.00000000 0.00000000 0.00000000 1.00000000
289	1474	1770
0.99999200 0.00125700 0.00378400 -2.56147000
-0.00125000 0.99999700 -0.00191400 -1.77822700
-0.00378600 0.00190900 0.99999100 -0.05763500
0.00000000 0.00000000 0.00000000 1.00000000
44	519	1770
0.99999500 -0.00272100 -0.00134000 2.15548000
0.00272900 0.99997700 0.00628000 -5.84447000
0.00132300 -0.00628300 0.99997900 0.04403400
0.00000000 0.00000000 0.00000000 1.00000000
64	1699	1770
0.99999200 0.00335100 -0.00197600 0.93639100
-0.00333800 0.99997400 0.00635800 -9.44504400
0.00199700 -0.00635100 0.99997800 -0.03282800
0.00000000 0.00000000 0.00000000 1.00000000
64	824	1770
0.99999600 -0.00265300 0.00063200 0.48323800
0.00265100 0.99998900 0.00380800 2.38977100
-0.00064200 -0.00380600 0.99999300 0.03460400
0.00000000 0.00000000 0.00000000 1.00000000
34	1729	1770
0.99957400 0.01977000 -0.02148900 0.63640600
-0.01959000 0.99977200 0.00855100 -0.57867000
0.02165300 -0.00812600 0.99973300 -0.15611400
0.00000000 0.00000000 0.00000000 1.00000000
184	1579	1770
0.99969000 0.01937400 0.01566500 -0.99130400
-0.01973700 0.99953100 0.02339600 -5.27130400
-0.01520500 -0.02369800 0.99960400 -0.21615600
0.00000000 0.00000000 0.00000000 1.00000000
724	1039	1770
0.99930100 -0.00309400 -0.03725300 -2.32969500
0.00418200 0.99956600 0.02916200 -4.39364600
0.03714600 -0.02929700 0.99888000 0.04528300
0.00000000 0.00000000 0.00000000 1.00000000
39	1249	1770
0.99993900 0.01050100 -0.00339800 2.76371200
-0.01044600 0.99982200 0.01569200 -17.49964700
0.00356200 -0.01565500 0.99987100 0.38947200
0.00000000 0.00000000 0.00000000 1.00000000
544	784	1770
0.99693000 -0.00149200 0.07828100 -3.10761800
-0.00251200 0.99869400 0.05102500 7.16353700
-0.07825500 -0.05106500 0.99562500 -0.08853700
0.00000000 0.00000000 0.00000000 1.00000000
559	1204	1770
0.99998100 -0.00191400 -0.00593600 -6.06676800
0.00190100 0.99999600 -0.00221500 -2.46003100
0.00594100 0.00220400 0.99998000 0.04714400
0.00000000 0.00000000 0.00000000 1.00000000
339	1424	1770
0.99987900 0.01388800 0.00703100 -1.88727500
-0.01385700 0.99989400 -0.00439700 0.67885300
-0.00709100 0.00429900 0.99996600 0.02757000
0.00000000 0.00000000 0.00000000 1.00000000
784	979	1770
0.99995700 -0.00836700 -0.00399500 -7.32774700
0.00838700 0.99995300 0.00490800 9.03078800
0.00395400 -0.00494100 0.99998000 -0.12257500
0.00000000 0.00000000 0.00000000 1.00000000
574	1189	1770
0.99999100 -0.00194400 -0.00377800 6.19656300
0.00193400 0.99999400 -0.00283500 -4.69978000
0.00378300 0.00282700 0.99998900 -0.11939300
0.00000000 0.00000000 0.00000000 1.00000000
334	1429	1770
1.00000000 0.00059200 0.00047600 -4.69815400
-0.00059100 0.99999200 -0.00393200 -0.45266300
-0.00047900 0.00393200 0.99999200 0.07010100
0.00000000 0.00000000 0.00000000 1.00000000
734	1034	1770
0.99929900 -0.02211400 0.03022100 33.84778900
0.02126800 0.99938100 0.02802600 21.54389300
-0.03082200 -0.02736400 0.99915000 -1.11586800
0.00000000 0.00000000 0.00000000 1.00000000
124	1619	1770
0.99617600 0.00012300 -0.08737500 -8.22159200
-0.00200000 0.99976900 -0.02138800 7.91243600
0.08735200 0.02148100 0.99594600 -0.65481600
0.00000000 0.00000000 0.00000000 1.00000000
224	1539	1770
0.99951500 -0.02987200 0.00878900 -2.18121500
0.02986500 0.99955400 0.00093300 -2.13791500
-0.00881300 -0.00067000 0.99996100 0.15579500
0.00000000 0.00000000 0.00000000 1.00000000
759	1004	1770
0.99994700 -0.00863900 -0.00552900 -3.21997600
0.00872200 0.99984700 0.01517900 8.67005900
0.00539700 -0.01522600 0.99987000 -0.10423300
0.00000000 0.00000000 0.00000000 1.00000000
224	344	1770
0.95210100 -0.04973900 -0.30171300 23.88626600
0.28687400 0.48689000 0.82501000 -4.29844100
0.10586600 -0.87204600 0.47783700 14.33016000
0.00000000 0.00000000 0.00000000 1.00000000
639	1109	1770
0.99763400 -0.00232600 -0.06871000 -3.94487700
-0.00369000 0.99617500 -0.08730700 -7.62328000
0.06865000 0.08735400 0.99380900 -1.61912300
0.00000000 0.00000000 0.00000000 1.00000000
409	1354	1770
0.99997000 -0.00761500 0.00121900 -1.08497400
0.00763000 0.99989100 -0.01267700 10.00766800
-0.00112200 0.01268600 0.99991900 0.16377900
0.00000000 0.00000000 0.00000000 1.00000000
779	1219	1770
0.99842900 -0.00943800 -0.05523100 -26.90359600
0.00421000 0.99556300 -0.09400800 20.84772100
0.05587300 0.09362800 0.99403800 0.48126400
0.00000000 0.00000000 0.00000000 1.00000000
14	1749	1770
0.99998900 0.00320300 0.00331300 -2.41628600
-0.00318100 0.99997300 -0.00663800 10.40462600
-0.00333400 0.00662800 0.99997200 0.21198500
0.00000000 0.00000000 0.00000000 1.00000000
44	1719	1770
0.99988200 0.01525000 0.00179300 1.41649500
-0.01525700 0.99987600 0.00400400 -9.39254400
-0.00173200 -0.00403000 0.99999000 -0.15709700
0.00000000 0.00000000 0.00000000 1.00000000
554	1209	1770
0.99993100 -0.00029600 0.01170500 -7.40255800
0.00051400 0.99982600 -0.01865000 -15.33481000
-0.01169800 0.01865500 0.99975800 -0.00325500
0.00000000 0.00000000 0.00000000 1.00000000
459	1304	1770
0.99998700 -0.00235600 0.00458600 1.31339500
0.00270800 0.99692600 -0.07829700 6.67089500
-0.00438700 0.07830900 0.99692000 0.01940300
0.00000000 0.00000000 0.00000000 1.00000000
544	779	1770
0.99863900 -0.04186900 -0.03108400 31.92838000
0.04493500 0.99339700 0.10556500 -25.24377000
0.02645900 -0.10681800 0.99392700 1.41471500
0.00000000 0.00000000 0.00000000 1.00000000
559	1209	1770
-0.57687300 -0.54490500 -0.60852000 -1.84911900
-0.79852000 0.53306700 0.27965200 -6.40907600
0.17199800 0.64723900 -0.74263000 8.05533500
0.00000000 0.00000000 0.00000000 1.00000000
134	1629	1770
0.99986200 0.01633600 -0.00317400 -1.17415900
-0.01622900 0.99937700 0.03133600 0.75288300
0.00368400 -0.03128000 0.99950400 -0.03824200
0.00000000 0.00000000 0.00000000 1.00000000
874	889	1770
0.99998900 -0.00304000 -0.00359700 -2.56658100
0.00307300 0.99995300 0.00919300 8.53095600
0.00356900 -0.00920400 0.99995100 -0.00645100
0.00000000 0.00000000 0.00000000 1.00000000
534	974	1770
0.99732300 -0.01732200 0.07103800 20.16541000
0.01258500 0.99770000 0.06660500 -23.96885400
-0.07202900 -0.06553300 0.99524700 0.14264000
0.00000000 0.00000000 0.00000000 1.00000000
1399	1559	1770
0.99902200 -0.00467900 -0.04397700 -21.97630200
0.00783800 0.99737900 0.07192700 -3.21031400
0.04352500 -0.07220100 0.99644000 -0.51796000
0.00000000 0.00000000 0.00000000 1.00000000
699	1064	1770
0.99999800 -0.00068400 -0.00188600 -1.59759700
0.00069500 0.99998200 0.00595500 9.05358900
0.00188200 -0.00595600 0.99998000 -0.20224700
0.00000000 0.00000000 0.00000000 1.00000000
299	1464	1770
0.99999900 0.00086300 0.00141300 -4.30722100
-0.00085100 0.99996400 -0.00843300 1.09218200
-0.00142000 0.00843200 0.99996300 -0.08243800
0.00000000 0.00000000 0.00000000 1.00000000
54	949	1770
0.99990200 -0.01386300 0.00206000 3.57411000
0.01387500 0.99988700 -0.00581200 -9.69224900
-0.00197900 0.00584000 0.99998100 0.14570600
0.00000000 0.00000000 0.00000000 1.00000000
569	1194	1770
0.99999400 -0.00307700 0.00165700 4.04011000
0.00307900 0.99999500 -0.00071300 -6.58680200
-0.00165500 0.00071800 0.99999800 0.01822800
0.00000000 0.00000000 0.00000000 1.00000000
389	1374	1770
0.99998000 0.00282600 -0.00558900 0.59007800
-0.00247600 0.99808900 0.06173800 -3.53227900
0.00575300 -0.06172300 0.99807700 0.62770800
0.00000000 0.00000000 0.00000000 1.00000000
209	1554	1770
0.99992300 0.01167000 -0.00411700 -0.53966800
-0.01168800 0.99992200 -0.00445000 -0.06842700
0.00406500 0.00449800 0.99998200 0.07074300
0.00000000 0.00000000 0.00000000 1.00000000
114	1649	1770
0.99994600 -0.00078400 0.01035300 -3.69745800
0.00080300 0.99999800 -0.00183300 -0.20156800
-0.01035200 0.00184100 0.99994500 0.09948800
0.00000000 0.00000000 0.00000000 1.00000000
344	1419	1770
0.99973100 0.02030300 0.01120900 2.95765400
-0.02011700 0.99966300 -0.01639700 -0.63475300
-0.01153800 0.01616700 0.99980300 -0.59053200
0.00000000 0.00000000 0.00000000 1.00000000
939	1699	1770
0.99993500 0.01082100 -0.00348600 -0.74429700
-0.01078900 0.99989900 0.00923100 -2.51405800
0.00358500 -0.00919200 0.99995100 0.07589100
0.00000000 0.00000000 0.00000000 1.00000000
749	1014	1770
0.99973300 -0.00871700 0.02138300 1.63843400
0.00904400 0.99984300 -0.01523400 -0.14392300
-0.02124600 0.01542300 0.99965500 -0.15158800
0.00000000 0.00000000 0.00000000 1.00000000
204	1399	1770
0.99540400 0.09562500 0.00524900 16.13910000
-0.09449900 0.98962900 -0.10818300 0.22884500
-0.01553900 0.10719000 0.99411700 -0.38442300
0.00000000 0.00000000 0.00000000 1.00000000
729	1034	1770
0.99990000 -0.00248000 0.01390500 -9.03362900
0.00238400 0.99997300 0.00691300 -5.63109400
-0.01392100 -0.00687900 0.99987900 0.20450700
0.00000000 0.00000000 0.00000000 1.00000000
704	1059	1770
0.99991400 -0.01301700 0.00151900 -2.56555900
0.01301900 0.99991400 -0.00161300 7.67958100
-0.00149800 0.00163200 0.99999800 -0.01508400
0.00000000 0.00000000 0.00000000 1.00000000
54	1709	1770
0.99993100 -0.00919700 0.00735200 2.73148400
0.00917600 0.99995300 0.00298100 -14.49097400
-0.00737900 -0.00291300 0.99996900 0.27381500
0.00000000 0.00000000 0.00000000 1.00000000
1114	1124	1770
0.99999900 -0.00152800 -0.00021400 26.08465500
0.00152800 0.99999500 0.00294100 8.20718600
0.00021000 -0.00294200 0.99999600 0.48971700
0.00000000 0.00000000 0.00000000 1.00000000
84	919	1770
0.99995200 -0.00737500 -0.00641500 0.67214700
0.00736700 0.99997200 -0.00120200 -14.27832900
0.00642400 0.00115400 0.99997900 -0.00357600
0.00000000 0.00000000 0.00000000 1.00000000
464	1299	1770
0.99996500 0.00179400 -0.00814200 3.84471500
-0.00185700 0.99996800 -0.00773500 2.75953700
0.00812700 0.00774900 0.99993700 0.19043700
0.00000000 0.00000000 0.00000000 1.00000000
869	894	1770
0.99996200 -0.00801600 -0.00344600 -2.14547400
0.00801200 0.99996700 -0.00119700 8.33294800
0.00345500 0.00116900 0.99999300 0.07499800
0.00000000 0.00000000 0.00000000 1.00000000
979	1224	1770
0.99641500 0.00352000 -0.08453100 -17.72093700
-0.00857200 0.99819300 -0.05948000 16.09889800
0.08416900 0.05999100 0.99464400 -0.61306000
0.00000000 0.00000000 0.00000000 1.00000000
454	1309	1770
0.99983200 0.00148400 0.01825900 -8.57484000
-0.00178300 0.99986500 0.01636200 10.32780600
-0.01823200 -0.01639200 0.99969900 0.86873500
0.00000000 0.00000000 0.00000000 1.00000000
474	1294	1770
0.99877100 0.00024900 0.04955300 -19.28790600
0.00456700 0.99526800 -0.09705800 -14.53574200
-0.04934300 0.09716500 0.99404400 0.37193500
0.00000000 0.00000000 0.00000000 1.00000000
514	1249	1770
0.99999800 0.00208500 -0.00029300 1.86215500
-0.00208500 0.99999800 -0.00016200 -11.45737500
0.00029300 0.00016300 1.00000000 0.22784100
0.00000000 0.00000000 0.00000000 1.00000000
44	1244	1770
0.99998600 0.00476000 0.00241100 4.45125100
-0.00475600 0.99998700 -0.00165700 -9.48384900
-0.00241900 0.00164600 0.99999600 -0.00365200
0.00000000 0.00000000 0.00000000 1.00000000
364	1559	1770
0.99952100 0.01922400 -0.02426900 -17.48899900
-0.01708600 0.99620100 0.08539500 -1.69041900
0.02581900 -0.08493900 0.99605200 -0.24557800
0.00000000 0.00000000 0.00000000 1.00000000
399	1364	1770
0.99999800 -0.00213900 0.00032200 -0.94754200
0.00213900 0.99999800 -0.00061400 6.63783900
-0.00032100 0.00061500 1.00000000 0.08385900
0.00000000 0.00000000 0.00000000 1.00000000
79	924	1770
0.99999200 -0.00178400 -0.00360500 -0.18889300
0.00178200 0.99999800 -0.00067300 -1.15202300
0.00360600 0.00066700 0.99999300 0.03757000
0.00000000 0.00000000 0.00000000 1.00000000
1104	1109	1770
0.86723100 0.49561700 0.04767900 -7.15156100
-0.49780300 0.86501000 0.06284800 -17.37299400
-0.01009400 -0.07823900 0.99688400 3.96075900
0.00000000 0.00000000 0.00000000 1.00000000
1424	1429	1770
0.99741500 0.06301300 -0.03454900 44.82062100
-0.06313400 0.99800200 -0.00242800 -0.71914300
0.03432700 0.00460300 0.99940000 0.91739300
0.00000000 0.00000000 0.00000000 1.00000000
819	944	1770
0.99997600 -0.00507500 -0.00472500 1.04030400
0.00502300 0.99992700 -0.01103000 -10.68509700
0.00478100 0.01100600 0.99992800 -0.14105100
0.00000000 0.00000000 0.00000000 1.00000000
879	884	1770
0.99966600 -0.02249700 0.01274100 4.20827300
0.02265400 0.99966800 -0.01230600 5.25295700
-0.01246000 0.01259100 0.99984300 0.73178800
0.00000000 0.00000000 0.00000000 1.00000000
59	1704	1770
0.99999600 0.00266200 -0.00025900 0.73916500
-0.00266300 0.99997700 -0.00626800 -9.84620100
0.00024300 0.00626900 0.99998000 -0.04367600
0.00000000 0.00000000 0.00000000 1.00000000
784	1219	1770
0.99643200 -0.01714600 -0.08263700 8.50651300
0.01267700 0.99844400 -0.05430000 -12.52213800
0.08343900 0.05305900 0.99509900 0.14448600
0.00000000 0.00000000 0.00000000 1.00000000
59	944	1770
0.99999200 -0.00335900 0.00233000 2.00015400
0.00337600 0.99996800 -0.00723200 -7.40158500
-0.00230500 0.00724000 0.99997100 -0.10416900
0.00000000 0.00000000 0.00000000 1.00000000
369	1564	1770
0.99990400 0.00575600 -0.01263000 -21.25677700
