1264	1739	1770
256.000000	0.000000	0.000000	0.000000	1640.604868	-1522.308956
0.000000	256.000000	0.000000	-1640.604868	0.000000	-2265.349629
0.000000	0.000000	256.000000	1522.308956	2265.349629	0.000000
0.000000	-1640.604868	1522.308956	139213.843012	-40515.844894	17534.491654
1640.604868	0.000000	2265.349629	-40515.844894	248514.271003	-8873.958029
-1522.308956	-2265.349629	0.000000	17534.491654	-8873.958029	357158.126639
549	1214	1770
250.000000	0.000000	0.000000	0.000000	1494.611498	-3753.187072
0.000000	250.000000	0.000000	-1494.611498	0.000000	946.885452
0.000000	0.000000	250.000000	3753.187072	-946.885452	0.000000
0.000000	-1494.611498	3753.187072	183500.766838	28278.201812	-6739.502038
1494.611498	0.000000	-946.885452	28278.201812	212549.848780	-24005.220112
-3753.187072	946.885452	0.000000	-6739.502038	-24005.220112	369699.919690
234	1529	1770
155.000000	0.000000	0.000000	0.000000	845.725846	-1632.242055
0.000000	155.000000	0.000000	-845.725846	0.000000	-259.560801
0.000000	0.000000	155.000000	1632.242055	259.560801	0.000000
0.000000	-845.725846	1632.242055	102209.954883	-4509.382207	2753.463399
845.725846	0.000000	259.560801	-4509.382207	43931.939739	-10421.472038
-1632.242055	-259.560801	0.000000	2753.463399	-10421.472038	130086.322152
294	1469	1770
85.000000	0.000000	0.000000	0.000000	448.874081	-2194.710505
0.000000	85.000000	0.000000	-448.874081	0.000000	622.244927
0.000000	0.000000	85.000000	2194.710505	-622.244927	0.000000
0.000000	-448.874081	2194.710505	97400.406788	-4986.091821	-4044.163640
448.874081	0.000000	-622.244927	-4986.091821	31098.262779	-12152.079913
-2194.710505	622.244927	0.000000	-4044.163640	-12152.079913	120741.849655
309	1454	1770
111.000000	0.000000	0.000000	0.000000	865.874687	277.312458
0.000000	111.000000	0.000000	-865.874687	0.000000	-257.325906
0.000000	0.000000	111.000000	-277.312458	257.325906	0.000000
0.000000	-865.874687	-277.312458	69018.570615	-12247.335215	3105.705724
865.874687	0.000000	257.325906	-12247.335215	95432.161127	5573.400392
277.312458	-257.325906	0.000000	3105.705724	5573.400392	143103.689855
24	499	1770
216.000000	0.000000	0.000000	0.000000	1340.284977	-731.317712
0.000000	216.000000	0.000000	-1340.284977	0.000000	-866.305165
0.000000	0.000000	216.000000	731.317712	866.305165	0.000000
0.000000	-1340.284977	731.317712	117631.439060	-47783.668990	9455.011609
1340.284977	0.000000	866.305165	-47783.668990	164751.479180	-2981.854062
-731.317712	-866.305165	0.000000	9455.011609	-2981.854062	257388.795993
1254	1729	1770
227.000000	0.000000	0.000000	0.000000	1193.687580	-1065.658262
0.000000	227.000000	0.000000	-1193.687580	0.000000	-251.310130
0.000000	0.000000	227.000000	1065.658262	251.310130	0.000000
0.000000	-1193.687580	1065.658262	145590.999755	42940.505376	-2065.123343
1193.687580	0.000000	251.310130	42940.505376	186050.388740	870.376249
-1065.658262	-251.310130	0.000000	-2065.123343	870.376249	309098.611121
1269	1744	1770
247.000000	0.000000	0.000000	0.000000	1615.530306	-1676.149496
0.000000	247.000000	0.000000	-1615.530306	0.000000	2313.847020
0.000000	0.000000	247.000000	1676.149496	-2313.847020	0.000000
0.000000	-1615.530306	1676.149496	148080.231522	-43429.389011	-16235.385601
1615.530306	0.000000	-2313.847020	-43429.389011	170948.211463	-6125.443673
-1676.149496	2313.847020	0.000000	-16235.385601	-6125.443673	285315.104718
649	1114	1770
5.000000	0.000000	0.000000	0.000000	48.962325	-49.114334
0.000000	5.000000	0.000000	-48.962325	0.000000	165.673659
0.000000	0.000000	5.000000	49.114334	-165.673659	0.000000
0.000000	-48.962325	49.114334	4991.692642	-2775.473734	-1371.138786
48.962325	0.000000	-165.673659	-2775.473734	7418.474263	-231.806162
-49.114334	165.673659	0.000000	-1371.138786	-231.806162	11349.007808
69	829	1770
223.000000	0.000000	0.000000	0.000000	1877.789841	481.104011
0.000000	223.000000	0.000000	-1877.789841	0.000000	-471.760977
0.000000	0.000000	223.000000	-481.104011	471.760977	0.000000
0.000000	-1877.789841	-481.104011	207206.848547	10483.340010	245.892219
1877.789841	0.000000	471.760977	10483.340010	180536.739059	6584.160380
481.104011	-471.760977	0.000000	245.892219	6584.160380	334810.358496
19	494	1770
137.000000	0.000000	0.000000	0.000000	828.669529	-2135.565849
0.000000	137.000000	0.000000	-828.669529	0.000000	845.092476
0.000000	0.000000	137.000000	2135.565849	-845.092476	0.000000
0.000000	-828.669529	2135.565849	94347.159807	-13274.932429	-7355.144903
828.669529	0.000000	-845.092476	-13274.932429	58321.294876	-7675.604787
-2135.565849	845.092476	0.000000	-7355.144903	-7675.604787	136600.000128
169	1594	1770
71.000000	0.000000	0.000000	0.000000	247.517420	-658.087711
0.000000	71.000000	0.000000	-247.517420	0.000000	203.494018
0.000000	0.000000	71.000000	658.087711	-203.494018	0.000000
0.000000	-247.517420	658.087711	66454.826506	-7074.082554	-826.478483
247.517420	0.000000	-203.494018	-7074.082554	19516.169607	-1371.301876
-658.087711	203.494018	0.000000	-826.478483	-1371.301876	82767.285332
379	1384	1770
84.000000	0.000000	0.000000	0.000000	868.482822	-1353.951133
0.000000	84.000000	0.000000	-868.482822	0.000000	-928.110549
0.000000	0.000000	84.000000	1353.951133	928.110549	0.000000
0.000000	-868.482822	1353.951133	81153.267414	15113.442850	23457.342981
868.482822	0.000000	928.110549	15113.442850	78358.091451	-20787.398879
-1353.951133	-928.110549	0.000000	23457.342981	-20787.398879	130843.339220
119	1644	1770
70.000000	0.000000	0.000000	0.000000	309.508166	-776.973780
0.000000	70.000000	0.000000	-309.508166	0.000000	-544.473247
0.000000	0.000000	70.000000	776.973780	544.473247	0.000000
0.000000	-309.508166	776.973780	56017.306574	22112.237122	3368.840192
309.508166	0.000000	544.473247	22112.237122	23711.711519	-4011.969959
-776.973780	-544.473247	0.000000	3368.840192	-4011.969959	75177.801646
94	1669	1770
178.000000	0.000000	0.000000	0.000000	2253.221049	1966.441539
0.000000	178.000000	0.000000	-2253.221049	0.000000	-4336.351967
0.000000	0.000000	178.000000	-1966.441539	4336.351967	0.000000
0.000000	-2253.221049	-1966.441539	153164.232499	-35405.370595	54141.948806
2253.221049	0.000000	4336.351967	-35405.370595	173432.350611	28256.666761
1966.441539	-4336.351967	0.000000	54141.948806	28256.666761	262275.662356
149	1614	1770
61.000000	0.000000	0.000000	0.000000	211.773106	-225.840994
0.000000	61.000000	0.000000	-211.773106	0.000000	-101.979218
0.000000	0.000000	61.000000	225.840994	101.979218	0.000000
0.000000	-211.773106	225.840994	67633.435637	18361.112298	244.478995
211.773106	0.000000	101.979218	18361.112298	18629.677422	1210.267932
-225.840994	-101.979218	0.000000	244.478995	1210.267932	83260.433048
24	1739	1770
184.000000	0.000000	0.000000	0.000000	1199.253579	-1520.112742
0.000000	184.000000	0.000000	-1199.253579	0.000000	579.394995
0.000000	0.000000	184.000000	1520.112742	-579.394995	0.000000
0.000000	-1199.253579	1520.112742	105067.648303	-37956.559501	1666.530720
1199.253579	0.000000	-579.394995	-37956.559501	124983.843589	-7043.117330
-1520.112742	579.394995	0.000000	1666.530720	-7043.117330	207268.963407
644	1119	1770
21.000000	0.000000	0.000000	0.000000	174.231838	-224.030859
0.000000	21.000000	0.000000	-174.231838	0.000000	283.958589
0.000000	0.000000	21.000000	224.030859	-283.958589	0.000000
0.000000	-174.231838	224.030859	17629.585988	-1592.250207	-1672.232407
174.231838	0.000000	-283.958589	-1592.250207	17063.840942	881.438980
-224.030859	283.958589	0.000000	-1672.232407	881.438980	29556.333426
594	1169	1770
174.000000	0.000000	0.000000	0.000000	1064.095245	-1598.765879
0.000000	174.000000	0.000000	-1064.095245	0.000000	2398.556494
0.000000	0.000000	174.000000	1598.765879	-2398.556494	0.000000
0.000000	-1064.095245	1598.765879	126956.862991	-12880.985218	-17253.781626
1064.095245	0.000000	-2398.556494	-12880.985218	154477.841945	-18133.635311
-1598.765879	2398.556494	0.000000	-17253.781626	-18133.635311	261439.375592
944	1704	1770
201.000000	0.000000	0.000000	0.000000	1606.634549	-296.725222
0.000000	201.000000	0.000000	-1606.634549	0.000000	72.188429
0.000000	0.000000	201.000000	296.725222	-72.188429	0.000000
0.000000	-1606.634549	296.725222	133638.291175	-24046.967397	-817.571154
1606.634549	0.000000	-72.188429	-24046.967397	191282.202625	-3767.144717
-296.725222	72.188429	0.000000	-817.571154	-3767.144717	280220.351053
474	1289	1770
54.000000	0.000000	0.000000	0.000000	119.500048	-783.331638
0.000000	54.000000	0.000000	-119.500048	0.000000	803.486849
0.000000	0.000000	54.000000	783.331638	-803.486849	0.000000
0.000000	-119.500048	783.331638	35446.722451	-32623.139408	-1213.830475
119.500048	0.000000	-803.486849	-32623.139408	40527.707207	-938.932141
-783.331638	803.486849	0.000000	-1213.830475	-938.932141	74627.807141
204	1559	1770
129.000000	0.000000	0.000000	0.000000	1033.147150	-705.434995
0.000000	129.000000	0.000000	-1033.147150	0.000000	-2241.410237
0.000000	0.000000	129.000000	705.434995	2241.410237	0.000000
0.000000	-1033.147150	705.434995	91147.175969	15707.502642	18864.623539
1033.147150	0.000000	2241.410237	15707.502642	72410.902862	-17303.024349
-705.434995	-2241.410237	0.000000	18864.623539	-17303.024349	135138.615737
369	1394	1770
66.000000	0.000000	0.000000	0.000000	535.742331	-643.838099
0.000000	66.000000	0.000000	-535.742331	0.000000	-1389.683125
0.000000	0.000000	66.000000	643.838099	1389.683125	0.000000
0.000000	-535.742331	643.838099	25098.903251	29332.344895	12925.737797
535.742331	0.000000	1389.683125	29332.344895	73448.524228	-6441.920280
-643.838099	-1389.683125	0.000000	12925.737797	-6441.920280	88377.931884
29	504	1770
230.000000	0.000000	0.000000	0.000000	1377.965289	-1819.029905
0.000000	230.000000	0.000000	-1377.965289	0.000000	624.428065
0.000000	0.000000	230.000000	1819.029905	-624.428065	0.000000
0.000000	-1377.965289	1819.029905	125621.821383	-46742.618893	-4938.195984
1377.965289	0.000000	-624.428065	-46742.618893	189406.288449	-9311.557035
-1819.029905	624.428065	0.000000	-4938.195984	-9311.557035	287158.541239
319	1444	1770
146.000000	0.000000	0.000000	0.000000	811.357318	944.204847
0.000000	146.000000	0.000000	-811.357318	0.000000	-574.507859
0.000000	0.000000	146.000000	-944.204847	574.507859	0.000000
0.000000	-811.357318	-944.204847	86505.641520	10790.750645	2860.241529
811.357318	0.000000	574.507859	10790.750645	112747.673354	5016.888504
944.204847	-574.507859	0.000000	2860.241529	5016.888504	184298.515624
504	559	1770
3.000000	0.000000	0.000000	0.000000	20.058973	-53.333153
0.000000	3.000000	0.000000	-20.058973	0.000000	106.423218
0.000000	0.000000	3.000000	53.333153	-106.423218	0.000000
0.000000	-20.058973	53.333153	1509.972875	-1546.440137	-709.303174
20.058973	0.000000	-106.423218	-1546.440137	4192.609807	-360.921982
-53.333153	106.423218	0.000000	-709.303174	-360.921982	5433.338578
84	844	1770
269.000000	0.000000	0.000000	0.000000	2384.947869	-4437.098619
0.000000	269.000000	0.000000	-2384.947869	0.000000	-2383.164866
0.000000	0.000000	269.000000	4437.098619	2383.164866	0.000000
0.000000	-2384.947869	4437.098619	216892.853955	30459.534964	37965.121541
2384.947869	0.000000	2383.164866	30459.534964	211454.462457	-51182.191373
-4437.098619	-2383.164866	0.000000	37965.121541	-51182.191373	371685.015256
949	1709	1770
129.000000	0.000000	0.000000	0.000000	804.296648	899.181978
0.000000	129.000000	0.000000	-804.296648	0.000000	-625.544018
0.000000	0.000000	129.000000	-899.181978	625.544018	0.000000
0.000000	-804.296648	-899.181978	87632.045844	-8094.506274	-1697.731752
804.296648	0.000000	625.544018	-8094.506274	95431.953419	2260.809262
899.181978	-625.544018	0.000000	-1697.731752	2260.809262	163294.251439
624	1139	1770
78.000000	0.000000	0.000000	0.000000	615.226739	1054.486846
0.000000	78.000000	0.000000	-615.226739	0.000000	1351.059285
0.000000	0.000000	78.000000	-1054.486846	-1351.059285	0.000000
0.000000	-615.226739	-1054.486846	78791.623980	187.058534	-14626.203359
615.226739	0.000000	-1351.059285	187.058534	60144.835959	-1903.461844
1054.486846	1351.059285	0.000000	-14626.203359	-1903.461844	121507.844830
119	1604	1770
4.000000	0.000000	0.000000	0.000000	24.773460	142.788076
0.000000	4.000000	0.000000	-24.773460	0.000000	-15.833696
0.000000	0.000000	4.000000	-142.788076	15.833696	0.000000
0.000000	-24.773460	-142.788076	5285.402140	-559.605420	102.377457
24.773460	0.000000	15.833696	-559.605420	230.387830	873.649287
142.788076	-15.833696	0.000000	102.377457	873.649287	5183.949909
159	1644	1770
3.000000	0.000000	0.000000	0.000000	-1.016152	-21.999284
0.000000	3.000000	0.000000	1.016152	0.000000	36.579670
0.000000	0.000000	3.000000	21.999284	-36.579670	0.000000
0.000000	1.016152	21.999284	169.245864	-267.531034	12.622590
-1.016152	0.000000	-36.579670	-267.531034	447.208637	6.200695
-21.999284	36.579670	0.000000	12.622590	6.200695	614.273854
59	819	1770
223.000000	0.000000	0.000000	0.000000	1487.526428	570.810445
0.000000	223.000000	0.000000	-1487.526428	0.000000	-712.218900
0.000000	0.000000	223.000000	-570.810445	712.218900	0.000000
0.000000	-1487.526428	-570.810445	151280.277912	-53613.122656	8841.452224
1487.526428	0.000000	712.218900	-53613.122656	183045.598351	10286.396248
570.810445	-712.218900	0.000000	8841.452224	10286.396248	294188.539586
364	1399	1770
88.000000	0.000000	0.000000	0.000000	648.155654	-705.721690
0.000000	88.000000	0.000000	-648.155654	0.000000	-1420.894875
0.000000	0.000000	88.000000	705.721690	1420.894875	0.000000
0.000000	-648.155654	705.721690	51898.010573	-13232.082355	9927.578055
648.155654	0.000000	1420.894875	-13232.082355	85776.894538	-10544.382134
-705.721690	-1420.894875	0.000000	9927.578055	-10544.382134	123699.560856
24	1744	1770
3.000000	0.000000	0.000000	0.000000	32.668398	48.587700
0.000000	3.000000	0.000000	-32.668398	0.000000	73.812357
0.000000	0.000000	3.000000	-48.587700	-73.812357	0.000000
0.000000	-32.668398	-48.587700	1162.048558	1194.479638	-795.349856
32.668398	0.000000	-73.812357	1194.479638	2193.439857	531.238298
48.587700	73.812357	0.000000	-795.349856	531.238298	2608.874191
1109	1114	1770
3.000000	0.000000	0.000000	0.000000	6.077111	42.306946
0.000000	3.000000	0.000000	-6.077111	0.000000	-45.170012
0.000000	0.000000	3.000000	-42.306946	45.170012	0.000000
0.000000	-6.077111	-42.306946	1105.119351	-69.540392	-360.953983
6.077111	0.000000	45.170012	-69.540392	3104.066573	288.496270
42.306946	-45.170012	0.000000	-360.953983	288.496270	3934.348855
24	1264	1770
155.000000	0.000000	0.000000	0.000000	1137.111255	-634.665582
0.000000	155.000000	0.000000	-1137.111255	0.000000	478.637321
0.000000	0.000000	155.000000	634.665582	-478.637321	0.000000
0.000000	-1137.111255	634.665582	77506.047190	-7937.936537	183.915144
1137.111255	0.000000	-478.637321	-7937.936537	95991.214609	-2196.203457
-634.665582	478.637321	0.000000	183.915144	-2196.203457	150697.285252
1489	1514	1770
3.000000	0.000000	0.000000	0.000000	14.253287	4.052502
0.000000	3.000000	0.000000	-14.253287	0.000000	-139.030880
0.000000	0.000000	3.000000	-4.052502	139.030880	0.000000
0.000000	-14.253287	-4.052502	203.040235	-5.165081	780.895811
14.253287	0.000000	139.030880	-5.165081	6926.527329	-37.993464
4.052502	-139.030880	0.000000	780.895811	-37.993464	6916.108027
359	1404	1770
69.000000	0.000000	0.000000	0.000000	403.151494	972.552832
0.000000	69.000000	0.000000	-403.151494	0.000000	-836.040100
0.000000	0.000000	69.000000	-972.552832	836.040100	0.000000
0.000000	-403.151494	-972.552832	30396.438247	-15592.165804	4132.695630
403.151494	0.000000	836.040100	-15592.165804	27350.448165	6626.150492
972.552832	-836.040100	0.000000	4132.695630	6626.150492	50249.468230
564	1199	1770
185.000000	0.000000	0.000000	0.000000	1518.585330	-385.082350
0.000000	185.000000	0.000000	-1518.585330	0.000000	-2129.891646
0.000000	0.000000	185.000000	385.082350	2129.891646	0.000000
0.000000	-1518.585330	385.082350	108749.139639	-14636.515917	31158.777634
1518.585330	0.000000	2129.891646	-14636.515917	224084.325069	-2061.572460
-385.082350	-2129.891646	0.000000	31158.777634	-2061.572460	296535.831729
279	1484	1770
59.000000	0.000000	0.000000	0.000000	312.339409	231.466444
0.000000	59.000000	0.000000	-312.339409	0.000000	528.506923
0.000000	0.000000	59.000000	-231.466444	-528.506923	0.000000
0.000000	-312.339409	-231.466444	15351.100433	20030.060047	-4999.395659
312.339409	0.000000	-528.506923	20030.060047	47997.596498	1912.662523
231.466444	528.506923	0.000000	-4999.395659	1912.662523	58530.986892
144	1619	1770
157.000000	0.000000	0.000000	0.000000	661.495657	2179.295035
0.000000	157.000000	0.000000	-661.495657	0.000000	2425.038260
0.000000	0.000000	157.000000	-2179.295035	-2425.038260	0.000000
0.000000	-661.495657	-2179.295035	101364.247091	49078.630636	-7665.717909
661.495657	0.000000	-2425.038260	49078.630636	121383.387493	7791.212565
2179.295035	2425.038260	0.000000	-7665.717909	7791.212565	206424.813868
799	964	1770
183.000000	0.000000	0.000000	0.000000	1566.698956	-2971.320169
0.000000	183.000000	0.000000	-1566.698956	0.000000	425.350067
0.000000	0.000000	183.000000	2971.320169	-425.350067	0.000000
0.000000	-1566.698956	2971.320169	169847.879675	-29085.921704	2694.681683
1566.698956	0.000000	-425.350067	-29085.921704	131766.981325	-32239.786464
-2971.320169	425.350067	0.000000	2694.681683	-32239.786464	260416.326179
284	1479	1770
42.000000	0.000000	0.000000	0.000000	398.636282	487.259987
0.000000	42.000000	0.000000	-398.636282	0.000000	185.344665
0.000000	0.000000	42.000000	-487.259987	-185.344665	0.000000
0.000000	-398.636282	-487.259987	33079.485522	1640.713744	-135.957173
398.636282	0.000000	-185.344665	1640.713744	22946.267350	4463.321592
487.259987	185.344665	0.000000	-135.957173	4463.321592	44552.694651
1119	1124	1770
3.000000	0.000000	0.000000	0.000000	-7.917535	-31.399179
0.000000	3.000000	0.000000	7.917535	0.000000	-53.679726
0.000000	0.000000	3.000000	31.399179	53.679726	0.000000
0.000000	7.917535	31.399179	357.689144	559.605782	-142.892832
-7.917535	0.000000	53.679726	559.605782	984.941202	80.302051
-31.399179	-53.679726	0.000000	-142.892832	80.302051	1298.798982
774	989	1770
139.000000	0.000000	0.000000	0.000000	822.505143	-2623.727559
0.000000	139.000000	0.000000	-822.505143	0.000000	266.709859
0.000000	0.000000	139.000000	2623.727559	-266.709859	0.000000
0.000000	-822.505143	2623.727559	148152.619882	6726.243228	-4992.147983
822.505143	0.000000	-266.709859	6726.243228	78724.454237	-13001.577468
-2623.727559	266.709859	0.000000	-4992.147983	-13001.577468	212183.005601
314	1449	1770
216.000000	0.000000	0.000000	0.000000	1235.060798	459.484912
0.000000	216.000000	0.000000	-1235.060798	0.000000	398.241830
0.000000	0.000000	216.000000	-459.484912	-398.241830	0.000000
0.000000	-1235.060798	-459.484912	100836.973733	18973.835968	-7915.128137
1235.060798	0.000000	-398.241830	18973.835968	135819.922144	-4571.806463
459.484912	398.241830	0.000000	-7915.128137	-4571.806463	210677.765046
934	1694	1770
159.000000	0.000000	0.000000	0.000000	1194.971317	-181.951833
0.000000	159.000000	0.000000	-1194.971317	0.000000	585.080192
0.000000	0.000000	159.000000	181.951833	-585.080192	0.000000
0.000000	-1194.971317	181.951833	134428.463012	-2987.854858	-3488.034032
1194.971317	0.000000	-585.080192	-2987.854858	127553.722362	-1103.226774
-181.951833	585.080192	0.000000	-3488.034032	-1103.226774	230363.383811
769	994	1770
177.000000	0.000000	0.000000	0.000000	1310.961545	-4367.042091
0.000000	177.000000	0.000000	-1310.961545	0.000000	1488.595010
0.000000	0.000000	177.000000	4367.042091	-1488.595010	0.000000
0.000000	-1310.961545	4367.042091	178967.327235	-18620.894095	-15409.262973
1310.961545	0.000000	-1488.595010	-18620.894095	94246.592875	-29902.718805
-4367.042091	1488.595010	0.000000	-15409.262973	-29902.718805	245643.421777
189	1574	1770
44.000000	0.000000	0.000000	0.000000	400.236104	529.213350
0.000000	44.000000	0.000000	-400.236104	0.000000	-154.783521
0.000000	0.000000	44.000000	-529.213350	154.783521	0.000000
0.000000	-400.236104	-529.213350	42176.371489	3441.310208	3849.571628
400.236104	0.000000	154.783521	3441.310208	21635.378390	-673.575743
529.213350	-154.783521	0.000000	3849.571628	-673.575743	51797.328557
504	1734	1770
199.000000	0.000000	0.000000	0.000000	1143.956658	-583.619334
0.000000	199.000000	0.000000	-1143.956658	0.000000	-422.724516
0.000000	0.000000	199.000000	583.619334	422.724516	0.000000
0.000000	-1143.956658	583.619334	100016.984846	-35794.606292	-1300.222725
1143.956658	0.000000	422.724516	-35794.606292	159258.640198	-2565.042308
-583.619334	-422.724516	0.000000	-1300.222725	-2565.042308	235925.546630
494	499	1770
3.000000	0.000000	0.000000	0.000000	0.708262	-74.879381
0.000000	3.000000	0.000000	-0.708262	0.000000	-32.800525
0.000000	0.000000	3.000000	74.879381	32.800525	0.000000
0.000000	-0.708262	74.879381	1887.427697	770.436018	-11.974628
0.708262	0.000000	32.800525	770.436018	515.408616	-24.056938
-74.879381	-32.800525	0.000000	-11.974628	-24.056938	2396.386715
124	1639	1770
134.000000	0.000000	0.000000	0.000000	438.554068	2307.290581
0.000000	134.000000	0.000000	-438.554068	0.000000	596.119973
0.000000	0.000000	134.000000	-2307.290581	-596.119973	0.000000
0.000000	-438.554068	-2307.290581	93170.543277	14596.930682	-3360.596717
438.554068	0.000000	-596.119973	14596.930682	43060.200686	7869.484780
2307.290581	596.119973	0.000000	-3360.596717	7869.484780	128338.822209
159	1604	1770
89.000000	0.000000	0.000000	0.000000	367.610402	424.012597
0.000000	89.000000	0.000000	-367.610402	0.000000	-267.931844
0.000000	0.000000	89.000000	-424.012597	267.931844	0.000000
0.000000	-367.610402	-424.012597	82148.560652	22670.584379	1173.834100
367.610402	0.000000	267.931844	22670.584379	23420.124254	747.944276
424.012597	-267.931844	0.000000	1173.834100	747.944276	100452.318751
604	1159	1770
189.000000	0.000000	0.000000	0.000000	794.373980	2310.477879
0.000000	189.000000	0.000000	-794.373980	0.000000	2081.013611
0.000000	0.000000	189.000000	-2310.477879	-2081.013611	0.000000
0.000000	-794.373980	-2310.477879	102282.269132	28404.080166	-7933.339829
794.373980	0.000000	-2081.013611	28404.080166	102510.254306	8666.739679
2310.477879	2081.013611	0.000000	-7933.339829	8666.739679	192565.076167
79	839	1770
199.000000	0.000000	0.000000	0.000000	1091.816248	-1015.582063
0.000000	199.000000	0.000000	-1091.816248	0.000000	-89.561554
0.000000	0.000000	199.000000	1015.582063	89.561554	0.000000
0.000000	-1091.816248	1015.582063	157924.531784	-2159.603736	5909.251335
1091.816248	0.000000	89.561554	-2159.603736	106926.606879	-156.108364
-1015.582063	-89.561554	0.000000	5909.251335	-156.108364	245268.693050
34	509	1770
163.000000	0.000000	0.000000	0.000000	549.553818	-2632.958745
0.000000	163.000000	0.000000	-549.553818	0.000000	-3088.931523
0.000000	0.000000	163.000000	2632.958745	3088.931523	0.000000
0.000000	-549.553818	2632.958745	104831.189367	34269.486939	7968.961240
549.553818	0.000000	3088.931523	34269.486939	124921.983712	-7890.150061
-2632.958745	-3088.931523	0.000000	7968.961240	-7890.150061	221683.700499
219	1544	1770
63.000000	0.000000	0.000000	0.000000	294.702437	1090.555007
0.000000	63.000000	0.000000	-294.702437	0.000000	-1977.044056
0.000000	0.000000	63.000000	-1090.555007	1977.044056	0.000000
0.000000	-294.702437	-1090.555007	42593.880150	-23144.472904	8740.527520
294.702437	0.000000	1977.044056	-23144.472904	74318.171835	5992.839390
1090.555007	-1977.044056	0.000000	8740.527520	5992.839390	111999.059557
734	1264	1770
3.000000	0.000000	0.000000	0.000000	9.128303	-19.672282
0.000000	3.000000	0.000000	-9.128303	0.000000	120.723663
0.000000	0.000000	3.000000	19.672282	-120.723663	0.000000
0.000000	-9.128303	19.672282	186.151277	-827.001439	-377.124085
9.128303	0.000000	-120.723663	-827.001439	4936.548102	-67.633621
-19.672282	120.723663	0.000000	-377.124085	-67.633621	5062.567652
639	1124	1770
100.000000	0.000000	0.000000	0.000000	422.912215	181.863720
0.000000	100.000000	0.000000	-422.912215	0.000000	-707.373210
0.000000	0.000000	100.000000	-181.863720	707.373210	0.000000
0.000000	-422.912215	-181.863720	68224.633719	-8881.423166	5989.149448
422.912215	0.000000	707.373210	-8881.423166	78251.961862	2314.593465
181.863720	-707.373210	0.000000	5989.149448	2314.593465	138340.981508
654	1109	1770
103.000000	0.000000	0.000000	0.000000	839.198554	-910.297776
0.000000	103.000000	0.000000	-839.198554	0.000000	1211.284797
0.000000	0.000000	103.000000	910.297776	-1211.284797	0.000000
0.000000	-839.198554	910.297776	94061.103948	-11855.776363	-9216.798299
839.198554	0.000000	-1211.284797	-11855.776363	75205.617520	-12446.411097
-910.297776	1211.284797	0.000000	-9216.798299	-12446.411097	146431.578085
214	1739	1770
3.000000	0.000000	0.000000	0.000000	6.257162	-1.525553
0.000000	3.000000	0.000000	-6.257162	0.000000	-95.831987
0.000000	0.000000	3.000000	1.525553	95.831987	0.000000
0.000000	-6.257162	1.525553	224.231721	-228.486141	20.992493
6.257162	0.000000	95.831987	-228.486141	3653.748945	-99.037595
-1.525553	-95.831987	0.000000	20.992493	-99.037595	3728.090212
499	1739	1770
183.000000	0.000000	0.000000	0.000000	1227.038215	-2634.350843
0.000000	183.000000	0.000000	-1227.038215	0.000000	-419.151454
0.000000	0.000000	183.000000	2634.350843	419.151454	0.000000
0.000000	-1227.038215	2634.350843	109548.841824	-43924.141604	10413.676722
1227.038215	0.000000	419.151454	-43924.141604	148827.135679	-15933.838970
-2634.350843	-419.151454	0.000000	10413.676722	-15933.838970	235776.390298
254	1509	1770
60.000000	0.000000	0.000000	0.000000	96.412906	-412.160074
0.000000	60.000000	0.000000	-96.412906	0.000000	-339.047990
0.000000	0.000000	60.000000	412.160074	339.047990	0.000000
0.000000	-96.412906	412.160074	7136.318931	-2450.889243	192.916779
96.412906	0.000000	339.047990	-2450.889243	53139.300057	-942.141995
-412.160074	-339.047990	0.000000	192.916779	-942.141995	59385.980692
1249	1724	1770
152.000000	0.000000	0.000000	0.000000	1601.914353	1106.983609
0.000000	152.000000	0.000000	-1601.914353	0.000000	1281.363814
0.000000	0.000000	152.000000	-1106.983609	-1281.363814	0.000000
0.000000	-1601.914353	-1106.983609	89965.202369	8631.545482	-18583.480107
1601.914353	0.000000	-1281.363814	8631.545482	111076.926334	19840.152508
1106.983609	1281.363814	0.000000	-18583.480107	19840.152508	156585.340638
24	734	1770
3.000000	0.000000	0.000000	0.000000	19.883781	-17.266340
0.000000	3.000000	0.000000	-19.883781	0.000000	23.689047
0.000000	0.000000	3.000000	17.266340	-23.689047	0.000000
0.000000	-19.883781	17.266340	1532.889430	-307.885433	-164.007430
19.883781	0.000000	-23.689047	-307.885433	350.592922	-150.906304
-17.266340	23.689047	0.000000	-164.007430	-150.906304	1603.190530
734	1744	1770
3.000000	0.000000	0.000000	0.000000	18.890873	-68.044172
0.000000	3.000000	0.000000	-18.890873	0.000000	71.191330
0.000000	0.000000	3.000000	68.044172	-71.191330	0.000000
0.000000	-18.890873	68.044172	3251.455186	-1502.930443	-423.470195
18.890873	0.000000	-71.191330	-1502.930443	1890.357561	-761.539875
-68.044172	71.191330	0.000000	-423.470195	-761.539875	4756.708087
249	1514	1770
113.000000	0.000000	0.000000	0.000000	409.637633	-566.685828
0.000000	113.000000	0.000000	-409.637633	0.000000	-145.958476
0.000000	0.000000	113.000000	566.685828	145.958476	0.000000
0.000000	-409.637633	566.685828	38811.573216	16367.701239	-465.600103
409.637633	0.000000	145.958476	16367.701239	84247.366378	-3124.307659
-566.685828	-145.958476	0.000000	-465.600103	-3124.307659	116210.184843
659	1104	1770
113.000000	0.000000	0.000000	0.000000	1106.885908	1556.958004
0.000000	113.000000	0.000000	-1106.885908	0.000000	1336.354319
0.000000	0.000000	113.000000	-1556.958004	-1336.354319	0.000000
0.000000	-1106.885908	-1556.958004	83310.001579	23297.063283	-16383.674958
1106.885908	0.000000	-1336.354319	23297.063283	101185.275955	22573.278521
1556.958004	1336.354319	0.000000	-16383.674958	22573.278521	144190.924955
474	1299	1770
4.000000	0.000000	0.000000	0.000000	-6.208283	-55.670650
0.000000	4.000000	0.000000	6.208283	0.000000	95.785378
0.000000	0.000000	4.000000	55.670650	-95.785378	0.000000
0.000000	6.208283	55.670650	1922.090223	-3202.412510	130.943145
-6.208283	0.000000	-95.785378	-3202.412510	5436.503236	75.917607
-55.670650	95.785378	0.000000	130.943145	75.917607	7339.118463
1019	1024	1770
4.000000	0.000000	0.000000	0.000000	55.132274	86.949974
0.000000	4.000000	0.000000	-55.132274	0.000000	-56.020572
0.000000	0.000000	4.000000	-86.949974	56.020572	0.000000
0.000000	-55.132274	-86.949974	4241.044670	-1045.048190	758.979390
55.132274	0.000000	56.020572	-1045.048190	1591.603778	1280.127593
86.949974	-56.020572	0.000000	758.979390	1280.127593	4302.792424
1244	1719	1770
163.000000	0.000000	0.000000	0.000000	998.142605	-2681.742983
0.000000	163.000000	0.000000	-998.142605	0.000000	669.027495
0.000000	0.000000	163.000000	2681.742983	-669.027495	0.000000
0.000000	-998.142605	2681.742983	134050.845638	-16256.830498	-3091.974068
998.142605	0.000000	-669.027495	-16256.830498	71153.280489	-19657.783587
-2681.742983	669.027495	0.000000	-3091.974068	-19657.783587	185502.674043
724	1014	1770
4.000000	0.000000	0.000000	0.000000	38.258597	56.470663
0.000000	4.000000	0.000000	-38.258597	0.000000	-17.377875
0.000000	0.000000	4.000000	-56.470663	17.377875	0.000000
0.000000	-38.258597	-56.470663	5517.218664	856.664413	-132.120824
38.258597	0.000000	17.377875	856.664413	1468.143898	421.762160
56.470663	-17.377875	0.000000	-132.120824	421.762160	5824.471960
674	1559	1770
3.000000	0.000000	0.000000	0.000000	14.559157	-33.898666
0.000000	3.000000	0.000000	-14.559157	0.000000	87.894749
0.000000	0.000000	3.000000	33.898666	-87.894749	0.000000
0.000000	-14.559157	33.898666	456.527113	-993.170630	-426.586995
14.559157	0.000000	-87.894749	-993.170630	2648.650372	-164.592004
-33.898666	87.894749	0.000000	-426.586995	-164.592004	2958.209240
929	1689	1770
254.000000	0.000000	0.000000	0.000000	1893.620237	3699.964051
0.000000	254.000000	0.000000	-1893.620237	0.000000	3046.956672
0.000000	0.000000	254.000000	-3699.964051	-3046.956672	0.000000
0.000000	-1893.620237	-3699.964051	211126.314830	68785.125802	-21459.758727
1893.620237	0.000000	-3046.956672	68785.125802	182508.250111	22546.163786
3699.964051	3046.956672	0.000000	-21459.758727	22546.163786	356739.163817
414	1349	1770
74.000000	0.000000	0.000000	0.000000	310.104978	-817.091220
0.000000	74.000000	0.000000	-310.104978	0.000000	-126.955461
0.000000	0.000000	74.000000	817.091220	126.955461	0.000000
0.000000	-310.104978	817.091220	66361.408226	3166.282247	1167.125973
310.104978	0.000000	126.955461	3166.282247	19745.408938	-5768.664980
-817.091220	-126.955461	0.000000	1167.125973	-5768.664980	81186.589739
744	1024	1770
24.000000	0.000000	0.000000	0.000000	146.007176	-309.837644
0.000000	24.000000	0.000000	-146.007176	0.000000	1028.812775
0.000000	0.000000	24.000000	309.837644	-1028.812775	0.000000
0.000000	-146.007176	309.837644	15973.943060	-9985.597733	-6443.332271
146.007176	0.000000	-1028.812775	-9985.597733	47237.842898	-1592.103630
-309.837644	1028.812775	0.000000	-6443.332271	-1592.103630	60538.195039
1029	1209	1770
3.000000	0.000000	0.000000	0.000000	16.176958	-5.152678
0.000000	3.000000	0.000000	-16.176958	0.000000	-61.453199
0.000000	0.000000	3.000000	5.152678	61.453199	0.000000
0.000000	-16.176958	5.152678	109.503849	113.837765	336.477556
16.176958	0.000000	61.453199	113.837765	1357.480754	-33.720325
-5.152678	-61.453199	0.000000	336.477556	-33.720325	1285.329301
89	1674	1770
57.000000	0.000000	0.000000	0.000000	668.831556	444.774059
0.000000	57.000000	0.000000	-668.831556	0.000000	497.537998
0.000000	0.000000	57.000000	-444.774059	-497.537998	0.000000
0.000000	-668.831556	-444.774059	31925.642669	-828.080747	10431.308243
668.831556	0.000000	-497.537998	-828.080747	131160.198050	5545.403873
444.774059	497.537998	0.000000	10431.308243	5545.403873	139402.849639
244	1519	1770
74.000000	0.000000	0.000000	0.000000	232.782713	-14.427271
0.000000	74.000000	0.000000	-232.782713	0.000000	910.523794
0.000000	0.000000	74.000000	14.427271	-910.523794	0.000000
0.000000	-232.782713	14.427271	14951.323321	-2157.628454	-1443.014711
232.782713	0.000000	-910.523794	-2157.628454	108034.778599	-378.696716
-14.427271	910.523794	0.000000	-1443.014711	-378.696716	120139.756599
119	159	1770
3.000000	0.000000	0.000000	0.000000	13.008600	-14.970814
0.000000	3.000000	0.000000	-13.008600	0.000000	5.893329
0.000000	0.000000	3.000000	14.970814	-5.893329	0.000000
0.000000	-13.008600	14.970814	180.281409	-121.626053	64.339395
13.008600	0.000000	-5.893329	-121.626053	570.694595	-51.609057
-14.970814	5.893329	0.000000	64.339395	-51.609057	578.600265
449	1314	1770
88.000000	0.000000	0.000000	0.000000	364.492679	69.449595
0.000000	88.000000	0.000000	-364.492679	0.000000	-359.382894
0.000000	0.000000	88.000000	-69.449595	359.382894	0.000000
0.000000	-364.492679	-69.449595	33864.563925	15527.598158	-5280.538176
364.492679	0.000000	359.382894	15527.598158	46978.843321	-1251.339891
69.449595	-359.382894	0.000000	-5280.538176	-1251.339891	69823.177344
494	1739	1770
3.000000	0.000000	0.000000	0.000000	14.928321	-105.546051
0.000000	3.000000	0.000000	-14.928321	0.000000	47.558695
0.000000	0.000000	3.000000	105.546051	-47.558695	0.000000
0.000000	-14.928321	105.546051	3917.028750	-2041.505425	-169.370316
14.928321	0.000000	-47.558695	-2041.505425	2048.732501	-508.272662
-105.546051	47.558695	0.000000	-169.370316	-508.272662	5785.727590
174	1589	1770
87.000000	0.000000	0.000000	0.000000	600.470225	1278.976810
0.000000	87.000000	0.000000	-600.470225	0.000000	-678.828484
0.000000	0.000000	87.000000	-1278.976810	678.828484	0.000000
0.000000	-600.470225	-1278.976810	43584.538818	-21011.405070	2459.866970
600.470225	0.000000	678.828484	-21011.405070	108099.086909	8662.903875
1278.976810	-678.828484	0.000000	2459.866970	8662.903875	139856.971965
534	779	1770
3.000000	0.000000	0.000000	0.000000	12.714194	13.887369
0.000000	3.000000	0.000000	-12.714194	0.000000	95.408792
0.000000	0.000000	3.000000	-13.887369	-95.408792	0.000000
0.000000	-12.714194	-13.887369	1546.943802	1270.007622	-372.253950
12.714194	0.000000	-95.408792	1270.007622	3764.429158	-35.197210
13.887369	95.408792	0.000000	-372.253950	-35.197210	5185.500310
49	809	1770
55.000000	0.000000	0.000000	0.000000	290.713813	-1181.041228
0.000000	55.000000	0.000000	-290.713813	0.000000	-653.265638
0.000000	0.000000	55.000000	1181.041228	653.265638	0.000000
0.000000	-290.713813	1181.041228	38993.790878	16398.477818	4738.763265
290.713813	0.000000	653.265638	16398.477818	26508.153692	-6783.546157
-1181.041228	-653.265638	0.000000	4738.763265	-6783.546157	60816.724500
954	1714	1770
51.000000	0.000000	0.000000	0.000000	338.195090	-641.619784
0.000000	51.000000	0.000000	-338.195090	0.000000	-1264.424458
0.000000	0.000000	51.000000	641.619784	1264.424458	0.000000
0.000000	-338.195090	641.619784	67633.311377	17002.417514	10123.157180
338.195090	0.000000	1264.424458	17002.417514	38226.125819	679.320238
-641.619784	-1264.424458	0.000000	10123.157180	679.320238	97220.976431
199	1564	1770
81.000000	0.000000	0.000000	0.000000	753.312653	-1227.563884
0.000000	81.000000	0.000000	-753.312653	0.000000	1181.137317
0.000000	0.000000	81.000000	1227.563884	-1181.137317	0.000000
0.000000	-753.312653	1227.563884	28123.442473	-23698.127171	-10510.098423
753.312653	0.000000	-1181.137317	-23698.127171	73959.414563	-12177.470209
-1227.563884	1181.137317	0.000000	-10510.098423	-12177.470209	86236.016293
779	984	1770
235.000000	0.000000	0.000000	0.000000	1370.659802	-2995.064309
0.000000	235.000000	0.000000	-1370.659802	0.000000	-1589.212929
0.000000	0.000000	235.000000	2995.064309	1589.212929	0.000000
0.000000	-1370.659802	2995.064309	175439.562116	21807.970725	7706.711813
1370.659802	0.000000	1589.212929	21807.970725	156552.714629	-21006.394853
-2995.064309	-1589.212929	0.000000	7706.711813	-21006.394853	306465.579737
329	1434	1770
129.000000	0.000000	0.000000	0.000000	409.043555	664.694251
0.000000	129.000000	0.000000	-409.043555	0.000000	-1149.678555
0.000000	0.000000	129.000000	-664.694251	1149.678555	0.000000
0.000000	-409.043555	-664.694251	37271.521776	237.099929	2277.493385
409.043555	0.000000	1149.678555	237.099929	122900.604347	3408.225480
664.694251	-1149.678555	0.000000	2277.493385	3408.225480	154056.797041
214	1409	1770
3.000000	0.000000	0.000000	0.000000	16.539578	35.171357
0.000000	3.000000	0.000000	-16.539578	0.000000	-120.898563
0.000000	0.000000	3.000000	-35.171357	120.898563	0.000000
0.000000	-16.539578	-35.171357	1243.351547	-1235.586319	545.312451
16.539578	0.000000	120.898563	-1235.586319	5256.856980	534.931111
35.171357	-120.898563	0.000000	545.312451	534.931111	5864.395951
624	1699	1770
3.000000	0.000000	0.000000	0.000000	-0.496525	-124.267311
0.000000	3.000000	0.000000	0.496525	0.000000	-109.925434
0.000000	0.000000	3.000000	124.267311	109.925434	0.000000
0.000000	0.496525	124.267311	5160.273825	4554.158412	-17.454260
-0.496525	0.000000	109.925434	4554.158412	4031.784224	24.022491
-124.267311	-109.925434	0.000000	-17.454260	24.022491	9185.404763
1404	1409	1770
3.000000	0.000000	0.000000	0.000000	8.617766	-18.562767
0.000000	3.000000	0.000000	-8.617766	0.000000	-24.536430
0.000000	0.000000	3.000000	18.562767	24.536430	0.000000
0.000000	-8.617766	18.562767	966.032808	-371.842028	102.878293
8.617766	0.000000	24.536430	-371.842028	1073.545517	-215.550122
-18.562767	-24.536430	0.000000	102.878293	-215.550122	1802.338561
919	1679	1770
229.000000	0.000000	0.000000	0.000000	1912.479792	-819.426493
0.000000	229.000000	0.000000	-1912.479792	0.000000	454.965350
0.000000	0.000000	229.000000	819.426493	-454.965350	0.000000
0.000000	-1912.479792	819.426493	242584.513356	108053.604893	-2637.590054
1912.479792	0.000000	-454.965350	108053.604893	154352.393822	-3303.967515
-819.426493	454.965350	0.000000	-2637.590054	-3303.967515	357261.619945
544	1219	1770
238.000000	0.000000	0.000000	0.000000	1840.336419	990.536022
0.000000	238.000000	0.000000	-1840.336419	0.000000	1729.988281
0.000000	0.000000	238.000000	-990.536022	-1729.988281	0.000000
0.000000	-1840.336419	-990.536022	211026.287604	-25425.881078	-1175.277687
1840.336419	0.000000	-1729.988281	-25425.881078	166307.198281	16088.386469
990.536022	1729.988281	0.000000	-1175.277687	16088.386469	329632.992784
494	1744	1770
168.000000	0.000000	0.000000	0.000000	1200.826133	-2096.259207
0.000000	168.000000	0.000000	-1200.826133	0.000000	604.245077
0.000000	0.000000	168.000000	2096.259207	-604.245077	0.000000
0.000000	-1200.826133	2096.259207	102003.462299	-6234.903500	-6300.225473
1200.826133	0.000000	-604.245077	-6234.903500	58782.808462	-12927.259527
-2096.259207	604.245077	0.000000	-6300.225473	-12927.259527	137330.567540
1264	1744	1770
3.000000	0.000000	0.000000	0.000000	12.840436	-42.716476
0.000000	3.000000	0.000000	-12.840436	0.000000	-38.175896
0.000000	0.000000	3.000000	42.716476	38.175896	0.000000
0.000000	-12.840436	42.716476	688.919277	537.686176	170.526532
12.840436	0.000000	38.175896	537.686176	558.804162	-170.405554
-42.716476	-38.175896	0.000000	170.526532	-170.405554	1108.974452
444	1319	1770
131.000000	0.000000	0.000000	0.000000	572.030500	111.381092
0.000000	131.000000	0.000000	-572.030500	0.000000	-594.378689
0.000000	0.000000	131.000000	-111.381092	594.378689	0.000000
0.000000	-572.030500	-111.381092	79359.366425	38495.041878	103.971180
572.030500	0.000000	594.378689	38495.041878	57267.973830	-1118.869624
111.381092	-594.378689	0.000000	103.971180	-1118.869624	127944.178995
639	1114	1770
3.000000	0.000000	0.000000	0.000000	17.863186	26.117109
0.000000	3.000000	0.000000	-17.863186	0.000000	-96.108513
0.000000	0.000000	3.000000	-26.117109	96.108513	0.000000
0.000000	-17.863186	-26.117109	1711.021771	-171.749480	657.497646
17.863186	0.000000	96.108513	-171.749480	3597.215305	42.877515
26.117109	-96.108513	0.000000	657.497646	42.877515	5047.578807
519	1719	1770
157.000000	0.000000	0.000000	0.000000	1187.411913	-2039.448579
0.000000	157.000000	0.000000	-1187.411913	0.000000	723.429979
0.000000	0.000000	157.000000	2039.448579	-723.429979	0.000000
0.000000	-1187.411913	2039.448579	83222.029735	-4431.827912	-2134.109469
