1264	1739	1770
0.999946	-0.002449	-0.010074	-1.218614
0.002363	0.999960	-0.008577	-0.574837
0.010094	0.008553	0.999912	0.005213
0.000000	0.000000	0.000000	1.000000
549	1214	1770
0.999994	0.001477	0.002979	1.328363
-0.001477	0.999999	0.000168	-2.452773
-0.002978	-0.000173	0.999996	0.077827
0.000000	0.000000	0.000000	1.000000
234	1529	1770
0.999966	0.006445	0.005100	2.114092
-0.006430	0.999975	-0.002901	-3.987053
-0.005118	0.002868	0.999983	-0.207763
0.000000	0.000000	0.000000	1.000000
294	1469	1770
0.999618	0.025739	0.010092	-4.902453
-0.025824	0.999632	0.008338	8.525865
-0.009874	-0.008596	0.999914	0.113834
0.000000	0.000000	0.000000	1.000000
309	1454	1770
0.999952	0.007533	0.006300	-4.392063
-0.007513	0.999967	-0.003197	1.430491
-0.006324	0.003149	0.999975	-0.005537
0.000000	0.000000	0.000000	1.000000
24	499	1770
0.999983	0.001576	0.005567	4.535309
-0.001601	0.999989	0.004386	1.600493
-0.005560	-0.004395	0.999975	-0.044934
0.000000	0.000000	0.000000	1.000000
1254	1729	1770
0.999922	0.001639	-0.012412	-1.160934
-0.001558	0.999977	0.006556	0.253203
0.012422	-0.006536	0.999901	0.002605
0.000000	0.000000	0.000000	1.000000
1269	1744	1770
0.999999	0.001347	0.000897	0.226479
-0.001348	0.999999	0.000951	-1.416407
-0.000896	-0.000952	0.999999	-0.043332
0.000000	0.000000	0.000000	1.000000
649	1114	1770
0.995432	0.018658	0.093628	7.296981
-0.004190	0.988310	-0.152398	4.511550
-0.095377	0.151310	0.983874	-0.361645
0.000000	0.000000	0.000000	1.000000
69	829	1770
0.999998	0.000801	0.001677	0.195903
-0.000808	0.999992	0.003952	2.497474
-0.001674	-0.003953	0.999991	0.025472
0.000000	0.000000	0.000000	1.000000
19	494	1770
0.999946	0.001280	-0.010269	-0.072829
-0.001301	0.999997	-0.002037	1.497844
0.010266	0.002050	0.999945	-0.564561
0.000000	0.000000	0.000000	1.000000
169	1594	1770
0.999891	0.006090	0.013448	-1.201103
-0.006431	0.999655	0.025468	0.348457
-0.013288	-0.025552	0.999585	0.052617
0.000000	0.000000	0.000000	1.000000
379	1384	1770
0.999976	0.005721	0.003958	1.958449
-0.005764	0.999923	0.011015	7.150870
-0.003895	-0.011038	0.999931	0.074752
0.000000	0.000000	0.000000	1.000000
119	1644	1770
0.999978	0.006116	0.002615	-2.334086
-0.006112	0.999980	-0.001375	7.691847
-0.002623	0.001359	0.999996	-0.016992
0.000000	0.000000	0.000000	1.000000
94	1669	1770
0.999993	0.003647	0.000468	1.925887
-0.003647	0.999993	0.001109	-8.578888
-0.000464	-0.001111	0.999999	-0.131413
0.000000	0.000000	0.000000	1.000000
149	1614	1770
0.999965	0.008017	0.002375	1.365071
-0.008040	0.999918	0.009995	-4.343719
-0.002295	-0.010014	0.999947	-0.055066
0.000000	0.000000	0.000000	1.000000
24	1739	1770
0.999995	-0.002380	0.002268	9.146513
0.002371	0.999989	0.004024	3.301073
-0.002277	-0.004019	0.999989	-0.076026
0.000000	0.000000	0.000000	1.000000
644	1119	1770
0.999507	-0.026023	0.017552	1.711926
0.025826	0.999602	0.011336	-0.841963
-0.017840	-0.010877	0.999782	0.095894
0.000000	0.000000	0.000000	1.000000
594	1169	1770
0.999827	-0.009408	0.016040	1.551730
0.009740	0.999737	-0.020782	-0.025662
-0.015841	0.020935	0.999655	-0.082307
0.000000	0.000000	0.000000	1.000000
944	1704	1770
0.999985	0.005512	0.000282	-1.259680
-0.005512	0.999984	-0.001148	-2.417830
-0.000288	0.001146	0.999999	0.076915
0.000000	0.000000	0.000000	1.000000
474	1289	1770
0.999996	0.002737	-0.000027	6.334010
-0.002737	0.999987	-0.004251	4.525808
0.000015	0.004251	0.999991	-0.029265
0.000000	0.000000	0.000000	1.000000
204	1559	1770
0.999984	0.005700	-0.000130	-5.574592
-0.005700	0.999983	-0.000976	-1.239734
0.000125	0.000977	1.000000	-0.228562
0.000000	0.000000	0.000000	1.000000
369	1394	1770
0.999876	-0.010481	0.011742	2.102759
0.010299	0.999828	0.015428	1.102385
-0.011902	-0.015305	0.999812	-0.238054
0.000000	0.000000	0.000000	1.000000
29	504	1770
0.999988	-0.004040	-0.002718	3.604344
0.004053	0.999981	0.004750	1.169748
0.002699	-0.004761	0.999985	0.110741
0.000000	0.000000	0.000000	1.000000
319	1444	1770
0.999934	0.007799	-0.008461	-3.825366
-0.007795	0.999969	0.000510	-0.071439
0.008465	-0.000444	0.999964	-0.042061
0.000000	0.000000	0.000000	1.000000
504	559	1770
-0.770988	-0.593756	0.230285	11.708268
-0.590446	0.801943	0.090896	4.998186
-0.238646	-0.065891	-0.968869	4.995946
0.000000	0.000000	0.000000	1.000000
84	844	1770
0.999992	0.004035	-0.000235	-0.031405
-0.004034	0.999971	0.006429	3.013322
0.000261	-0.006428	0.999979	-0.001086
0.000000	0.000000	0.000000	1.000000
949	1709	1770
0.999979	0.006245	-0.001867	-0.848530
-0.006251	0.999975	-0.003333	-4.776694
0.001847	0.003344	0.999993	0.071772
0.000000	0.000000	0.000000	1.000000
624	1139	1770
0.999985	-0.004080	-0.003651	3.303392
0.004075	0.999991	-0.001387	-6.871970
0.003656	0.001372	0.999992	-0.031182
0.000000	0.000000	0.000000	1.000000
119	1604	1770
0.811838	0.580934	-0.058615	-3.897354
0.578240	-0.813853	-0.057287	6.322429
-0.080984	0.012615	-0.996636	4.358427
0.000000	0.000000	0.000000	1.000000
159	1644	1770
-0.827220	-0.001540	0.561876	-0.023991
-0.094424	-0.985394	-0.141716	5.453621
0.553888	-0.170284	0.814992	4.897747
0.000000	0.000000	0.000000	1.000000
59	819	1770
0.999998	0.001938	-0.000716	1.009381
-0.001933	0.999982	0.005723	3.262334
0.000727	-0.005722	0.999983	0.012166
0.000000	0.000000	0.000000	1.000000
364	1399	1770
0.999966	-0.004187	-0.007065	4.942042
0.004161	0.999985	-0.003656	1.686666
0.007081	0.003626	0.999968	0.121686
0.000000	0.000000	0.000000	1.000000
24	1744	1770
0.914198	-0.403601	-0.036716	-9.162678
0.403553	0.898263	0.173978	-18.794519
-0.037237	-0.173868	0.984065	-1.076196
0.000000	0.000000	0.000000	1.000000
1109	1114	1770
0.996101	-0.027912	0.083690	-12.948053
0.057218	0.926456	-0.372028	-0.636646
-0.067151	0.375366	0.924441	1.360336
0.000000	0.000000	0.000000	1.000000
24	1264	1770
0.999855	-0.000890	0.017005	10.459606
0.000744	0.999963	0.008589	3.951480
-0.017012	-0.008575	0.999819	-0.184391
0.000000	0.000000	0.000000	1.000000
1489	1514	1770
0.426601	0.655339	-0.623331	-21.032868
0.413150	-0.754283	-0.510260	-1.883587
-0.804561	-0.039852	-0.592531	2.806299
0.000000	0.000000	0.000000	1.000000
359	1404	1770
0.999891	-0.006220	-0.013377	6.173022
0.006096	0.999938	-0.009268	2.381444
0.013434	0.009185	0.999868	0.398873
0.000000	0.000000	0.000000	1.000000
564	1199	1770
0.999998	0.000269	-0.002145	-1.624870
-0.000282	0.999981	-0.006104	-2.659637
0.002144	0.006104	0.999979	0.061463
0.000000	0.000000	0.000000	1.000000
279	1484	1770
0.999594	0.016876	0.022957	10.640647
-0.017410	0.999577	0.023291	2.521800
-0.022555	-0.023682	0.999465	0.090675
0.000000	0.000000	0.000000	1.000000
144	1619	1770
0.999992	0.003938	-0.000233	2.890312
-0.003937	0.999992	0.000664	-3.782812
0.000235	-0.000663	1.000000	-0.230971
0.000000	0.000000	0.000000	1.000000
799	964	1770
0.999957	-0.008935	-0.002451	-3.014146
0.008945	0.999953	0.003746	6.109425
0.002418	-0.003767	0.999990	-0.032165
0.000000	0.000000	0.000000	1.000000
284	1479	1770
0.999995	-0.002562	0.001732	-1.600561
0.002566	0.999993	-0.002660	-4.463834
-0.001725	0.002664	0.999995	-0.194563
0.000000	0.000000	0.000000	1.000000
1119	1124	1770
-0.863133	-0.169352	-0.475732	1.264476
-0.419507	-0.283944	0.862201	12.256879
-0.281097	0.943767	0.174037	-9.419147
0.000000	0.000000	0.000000	1.000000
774	989	1770
0.999847	0.006304	-0.016312	-2.532705
-0.005920	0.999706	0.023517	3.342990
0.016456	-0.023416	0.999590	-0.123706
0.000000	0.000000	0.000000	1.000000
314	1449	1770
1.000000	0.000391	0.000720	-3.988811
-0.000390	0.999999	-0.001594	1.306095
-0.000721	0.001594	0.999998	0.011380
0.000000	0.000000	0.000000	1.000000
934	1694	1770
0.999991	0.003924	0.001434	-0.715930
-0.003948	0.999855	0.016568	-3.385945
-0.001368	-0.016573	0.999862	0.034880
0.000000	0.000000	0.000000	1.000000
769	994	1770
0.999924	-0.009443	-0.007987	-8.109637
0.009475	0.999947	0.004003	17.082348
0.007948	-0.004078	0.999960	-0.202328
0.000000	0.000000	0.000000	1.000000
189	1574	1770
0.999925	-0.012263	0.000666	-1.744313
0.012274	0.999681	-0.022084	-7.135086
-0.000395	0.022090	0.999756	-0.245589
0.000000	0.000000	0.000000	1.000000
504	1734	1770
0.999956	0.006235	0.006950	4.962594
-0.006276	0.999963	0.005939	2.232415
-0.006913	-0.005983	0.999958	-0.002401
0.000000	0.000000	0.000000	1.000000
494	499	1770
0.754242	0.496515	0.429641	-15.432873
0.656594	-0.571972	-0.491663	14.514537
0.001624	0.652933	-0.757414	-7.360921
0.000000	0.000000	0.000000	1.000000
124	1639	1770
0.999924	0.008349	0.009113	1.443821
-0.008438	0.999917	0.009782	0.519743
-0.009031	-0.009858	0.999911	-0.068360
0.000000	0.000000	0.000000	1.000000
159	1604	1770
0.999984	0.000160	-0.005596	1.376285
-0.000183	0.999991	-0.004146	-4.294145
0.005596	0.004147	0.999976	0.066840
0.000000	0.000000	0.000000	1.000000
604	1159	1770
0.999996	0.001279	-0.002562	5.381192
-0.001273	0.999997	0.002173	-11.703945
0.002565	-0.002169	0.999994	-0.073664
0.000000	0.000000	0.000000	1.000000
79	839	1770
0.999982	0.006012	-0.000432	-0.049315
-0.006004	0.999869	0.015009	5.867643
0.000522	-0.015006	0.999887	0.029934
0.000000	0.000000	0.000000	1.000000
34	509	1770
0.999995	-0.002965	-0.000610	-0.499388
0.002968	0.999986	0.004301	0.044679
0.000597	-0.004303	0.999991	-0.301240
0.000000	0.000000	0.000000	1.000000
219	1544	1770
0.999898	0.011229	0.008848	-10.045617
-0.011256	0.999932	0.003086	-4.644704
-0.008813	-0.003185	0.999956	-0.089974
0.000000	0.000000	0.000000	1.000000
734	1264	1770
-0.683862	0.713247	-0.153660	8.875021
-0.727693	-0.682028	0.072807	-2.307905
-0.052871	0.161608	0.985438	-2.828039
0.000000	0.000000	0.000000	1.000000
639	1124	1770
0.999940	-0.010482	0.003136	-7.457267
0.010473	0.999941	0.002760	-1.572531
-0.003165	-0.002727	0.999991	-0.035882
0.000000	0.000000	0.000000	1.000000
654	1109	1770
0.999989	-0.003850	0.002695	7.135043
0.003857	0.999990	-0.002300	2.579898
-0.002686	0.002310	0.999994	0.057586
0.000000	0.000000	0.000000	1.000000
214	1739	1770
0.632925	-0.769516	-0.085152	-17.668044
-0.198065	-0.267263	0.943049	0.634918
-0.748449	-0.580014	-0.321571	1.751815
0.000000	0.000000	0.000000	1.000000
499	1739	1770
0.999970	-0.007338	-0.002338	4.765430
0.007333	0.999971	-0.002217	1.795954
0.002354	0.002200	0.999995	-0.056009
0.000000	0.000000	0.000000	1.000000
254	1509	1770
0.999855	0.016935	0.001978	5.496181
-0.016946	0.999840	0.005662	0.909401
-0.001882	-0.005695	0.999982	-0.036729
0.000000	0.000000	0.000000	1.000000
1249	1724	1770
0.999998	0.001985	-0.000600	-1.374656
-0.001978	0.999938	0.010950	6.055950
0.000622	-0.010949	0.999940	-0.216406
0.000000	0.000000	0.000000	1.000000
24	734	1770
-0.254037	-0.719649	-0.646197	11.954945
0.947027	-0.320802	-0.015033	-7.797603
-0.196483	-0.615785	0.763022	7.792223
0.000000	0.000000	0.000000	1.000000
734	1744	1770
0.709779	0.577829	0.402898	-6.824604
0.392050	-0.799223	0.455564	6.675551
0.585244	-0.165393	-0.793810	-1.750698
0.000000	0.000000	0.000000	1.000000
249	1514	1770
0.999660	0.025210	0.006692	2.414282
-0.025199	0.999681	-0.001769	-0.038632
-0.006734	0.001600	0.999976	-0.006555
0.000000	0.000000	0.000000	1.000000
659	1104	1770
0.999996	0.002881	-0.000818	6.691418
-0.002879	0.999993	0.002363	4.333937
0.000825	-0.002361	0.999997	-0.142610
0.000000	0.000000	0.000000	1.000000
474	1299	1770
0.999307	0.018715	-0.032172	7.732911
-0.017358	0.998968	0.041972	5.400958
0.032925	-0.041385	0.998601	-0.178888
0.000000	0.000000	0.000000	1.000000
1019	1024	1770
0.947611	-0.251363	-0.197107	5.148425
0.264450	0.963453	0.042717	3.683292
0.179165	-0.092604	0.979451	2.888034
0.000000	0.000000	0.000000	1.000000
1244	1719	1770
0.999988	0.004817	0.000173	-2.965192
-0.004818	0.999983	0.003355	0.012695
-0.000157	-0.003355	0.999994	-0.162537
0.000000	0.000000	0.000000	1.000000
724	1014	1770
0.562444	0.476266	0.675890	-9.222610
0.629057	-0.776988	0.024032	-0.245676
0.536604	0.411656	-0.736611	4.222846
0.000000	0.000000	0.000000	1.000000
674	1559	1770
-0.838164	-0.281182	0.467353	-8.854307
-0.293181	0.954817	0.048664	12.694304
-0.459920	-0.096230	-0.882731	-4.822038
0.000000	0.000000	0.000000	1.000000
929	1689	1770
0.999987	0.001190	-0.005000	-0.081824
-0.001163	0.999985	0.005283	-2.976709
0.005006	-0.005277	0.999974	-0.034075
0.000000	0.000000	0.000000	1.000000
414	1349	1770
0.999961	0.007158	-0.005088	-1.906431
-0.007313	0.999486	-0.031198	8.779847
0.004862	0.031234	0.999500	0.326002
0.000000	0.000000	0.000000	1.000000
744	1024	1770
0.999706	-0.016125	0.018110	39.179359
0.015927	0.999812	0.011039	15.783962
-0.018285	-0.010747	0.999775	-0.899227
0.000000	0.000000	0.000000	1.000000
1029	1209	1770
0.345611	-0.635480	-0.690447	-0.702238
-0.646209	-0.694698	0.315925	-9.850819
-0.680416	0.336987	-0.650749	-8.329390
0.000000	0.000000	0.000000	1.000000
89	1674	1770
0.999986	0.005078	-0.001592	-0.542143
-0.005076	0.999986	0.001324	-10.864121
0.001599	-0.001316	0.999998	0.394815
0.000000	0.000000	0.000000	1.000000
244	1519	1770
0.999717	-0.023549	0.003404	3.229709
0.023543	0.999721	0.001990	-0.074924
-0.003450	-0.001909	0.999992	-0.022699
0.000000	0.000000	0.000000	1.000000
119	159	1770
-0.995174	0.014122	0.097101	-2.366747
0.027303	-0.910653	0.412269	6.540944
0.094248	0.412931	0.905873	-1.242512
0.000000	0.000000	0.000000	1.000000
449	1314	1770
0.999970	-0.001734	0.007533	-2.279528
0.001842	0.999895	-0.014391	3.065555
-0.007507	0.014405	0.999868	0.025853
0.000000	0.000000	0.000000	1.000000
494	1739	1770
0.981470	0.132408	0.138509	-5.425606
-0.164154	0.953882	0.251323	4.327489
-0.098844	-0.269402	0.957942	3.990230
0.000000	0.000000	0.000000	1.000000
174	1589	1770
0.999943	0.005661	0.009031	0.405596
-0.005613	0.999970	-0.005351	-0.032288
-0.009061	0.005300	0.999945	0.040401
0.000000	0.000000	0.000000	1.000000
534	779	1770
0.949247	0.250805	0.189808	8.452294
-0.270260	0.959091	0.084287	-8.371330
-0.160903	-0.131306	0.978197	0.382103
0.000000	0.000000	0.000000	1.000000
49	809	1770
0.999975	0.006778	-0.002195	0.498089
-0.006639	0.998286	0.058153	6.378997
0.002586	-0.058137	0.998305	1.127670
0.000000	0.000000	0.000000	1.000000
954	1714	1770
0.999992	-0.002580	-0.003045	-3.194765
0.002585	0.999995	0.001927	0.450010
0.003040	-0.001935	0.999994	-0.253457
0.000000	0.000000	0.000000	1.000000
199	1564	1770
0.999243	0.022630	-0.031645	-3.295161
-0.023222	0.999560	-0.018466	-0.354268
0.031213	0.019187	0.999329	-0.171169
0.000000	0.000000	0.000000	1.000000
779	984	1770
0.999940	-0.010936	-0.000606	-6.494312
0.010937	0.999940	0.001036	6.178503
0.000595	-0.001042	0.999999	0.041495
0.000000	0.000000	0.000000	1.000000
329	1434	1770
0.999998	-0.001936	-0.001078	-4.718937
0.001938	0.999996	0.001954	-0.745243
0.001074	-0.001956	0.999998	-0.060323
0.000000	0.000000	0.000000	1.000000
214	1409	1770
-0.977108	-0.210205	-0.032771	-0.858650
0.190688	-0.933656	0.303189	-5.112422
-0.094329	0.290000	0.952367	2.254829
0.000000	0.000000	0.000000	1.000000
624	1699	1770
0.971661	-0.205116	0.117482	-6.469696
0.196985	0.977362	0.077204	3.788549
-0.130658	-0.051874	0.990070	0.235689
0.000000	0.000000	0.000000	1.000000
1404	1409	1770
0.443450	-0.896241	-0.010201	1.997059
0.852265	0.425160	-0.304766	9.261639
0.277481	0.126455	0.952373	0.524755
0.000000	0.000000	0.000000	1.000000
919	1679	1770
0.999973	0.007307	-0.001154	0.307040
-0.007301	0.999960	0.005075	0.590610
0.001191	-0.005066	0.999986	0.051847
0.000000	0.000000	0.000000	1.000000
544	1219	1770
0.999991	0.001484	0.003955	5.110039
-0.001463	0.999985	-0.005253	-5.271905
-0.003963	0.005247	0.999978	0.089491
0.000000	0.000000	0.000000	1.000000
494	1744	1770
0.999884	0.004307	0.014609	4.004080
-0.004405	0.999968	0.006658	3.898952
-0.014580	-0.006721	0.999871	-0.053734
0.000000	0.000000	0.000000	1.000000
1264	1744	1770
0.980439	0.030949	-0.194376	-4.929113
-0.076143	0.970308	-0.229576	-4.347757
0.181500	0.239886	0.953684	-3.217448
0.000000	0.000000	0.000000	1.000000
444	1319	1770
0.999953	-0.006485	0.007188	-3.580486
0.006518	0.999969	-0.004514	4.509369
-0.007159	0.004561	0.999964	-0.002556
0.000000	0.000000	0.000000	1.000000
639	1114	1770
0.731404	-0.052636	0.679910	-31.075140
-0.023361	0.994498	0.102121	-9.839488
-0.681544	-0.090575	0.726150	13.096519
0.000000	0.000000	0.000000	1.000000
519	1719	1770
0.999925	0.012060	-0.002089	-0.579457
-0.012059	0.999927	0.000237	-3.488962
0.002092	-0.000212	0.999998	-0.098646
0.000000	0.000000	0.000000	1.000000
259	1504	1770
0.997058	-0.073029	0.023283	0.840591
0.073394	0.997187	-0.015224	-0.867428
-0.022106	0.016888	0.999613	0.072352
0.000000	0.000000	0.000000	1.000000
1014	1439	1770
0.965846	-0.256871	-0.034029	26.466891
-0.249855	-0.958059	0.140341	2.015255
-0.068652	-0.127045	-0.989518	8.407795
0.000000	0.000000	0.000000	1.000000
1614	1644	1770
0.996877	-0.000881	0.078967	1.925341
0.000650	0.999995	0.002955	-4.927782
-0.078969	-0.002894	0.996873	-0.159789
0.000000	0.000000	0.000000	1.000000
19	1744	1770
0.999916	0.008959	0.009339	3.926332
-0.009004	0.999948	0.004809	5.415287
-0.009295	-0.004892	0.999945	-0.569979
0.000000	0.000000	0.000000	1.000000
274	1489	1770
0.999664	0.024084	-0.009625	4.612587
-0.023972	0.999645	0.011592	-1.396302
0.009901	-0.011358	0.999886	0.213385
0.000000	0.000000	0.000000	1.000000
29	1739	1770
-0.750033	-0.609692	0.256372	-5.936755
-0.656254	0.734276	-0.173693	-1.364583
-0.082349	-0.298520	-0.950844	9.182501
0.000000	0.000000	0.000000	1.000000
354	364	1770
0.249058	0.953321	0.170733	11.034411
-0.945459	0.277543	-0.170521	-10.756086
-0.209947	-0.118951	0.970450	-6.479436
0.000000	0.000000	0.000000	1.000000
24	504	1770
-0.812155	-0.573169	0.109007	1.000889
0.351837	-0.630176	-0.692162	23.876235
0.465420	-0.523790	0.713462	10.449420
0.000000	0.000000	0.000000	1.000000
324	1409	1770
0.497839	0.714750	-0.491211	-18.378771
0.767106	-0.627138	-0.135078	-1.232801
-0.404604	-0.309564	-0.860503	13.700032
0.000000	0.000000	0.000000	1.000000
239	1029	1770
0.522852	-0.448587	-0.724841	-12.276296
-0.317223	-0.891651	0.322999	11.804143
-0.791199	0.061055	-0.608504	18.343808
0.000000	0.000000	0.000000	1.000000
214	674	1770
0.749265	-0.646610	0.143167	-3.478983
0.551551	0.489583	-0.675352	-13.007556
0.366597	0.584981	0.723466	-6.045474
0.000000	0.000000	0.000000	1.000000
504	1034	1770
0.923990	0.366419	0.109451	8.436195
-0.376634	0.822367	0.426449	0.446104
0.066250	-0.435258	0.897865	0.057653
0.000000	0.000000	0.000000	1.000000
429	1334	1770
0.999995	-0.003133	-0.000098	-5.250109
0.003132	0.999968	-0.007361	4.605942
0.000122	0.007360	0.999973	-0.043360
0.000000	0.000000	0.000000	1.000000
674	1409	1770
-0.902738	-0.384237	-0.193458	3.617242
0.241707	-0.081023	-0.966961	6.047747
0.355868	-0.919672	0.166015	11.113458
0.000000	0.000000	0.000000	1.000000
674	744	1770
-0.943360	0.245629	0.223020	14.077856
0.322495	0.521060	0.790249	-5.449857
0.077901	0.817412	-0.570762	-5.251016
0.000000	0.000000	0.000000	1.000000
19	179	1770
0.272321	-0.845779	0.458803	-6.745595
-0.946872	-0.320342	-0.028521	-19.814931
0.171097	-0.426661	-0.888080	-2.418604
0.000000	0.000000	0.000000	1.000000
19	734	1770
0.110495	0.894943	0.432283	-4.169050
-0.727793	-0.223343	0.648410	5.938724
0.676837	-0.386259	0.626655	-9.462804
0.000000	0.000000	0.000000	1.000000
269	1494	1770
0.999997	0.001390	0.002233	4.257909
-0.001388	0.999999	-0.000702	-3.062438
-0.002234	0.000699	0.999997	0.037767
0.000000	0.000000	0.000000	1.000000
1104	1129	1770
0.999154	-0.011885	-0.039377	3.315163
0.015236	0.996185	0.085921	5.085932
0.038205	-0.086449	0.995523	-0.418625
0.000000	0.000000	0.000000	1.000000
29	1259	1770
0.999984	-0.000907	0.005558	10.356139
0.000881	0.999989	0.004684	4.195585
-0.005562	-0.004679	0.999974	0.055426
0.000000	0.000000	0.000000	1.000000
179	1584	1770
0.998723	-0.012719	0.048891	-9.469326
0.012698	0.999919	0.000745	-3.175916
-0.048896	-0.000123	0.998804	0.242902
0.000000	0.000000	0.000000	1.000000
499	1264	1770
0.999947	-0.003210	0.009757	5.917833
0.003142	0.999971	0.006957	2.369147
-0.009779	-0.006926	0.999928	-0.087261
0.000000	0.000000	0.000000	1.000000
29	1734	1770
0.999887	0.002586	0.014810	8.635038
-0.002704	0.999965	0.007925	3.551960
-0.014789	-0.007964	0.999859	-0.070797
0.000000	0.000000	0.000000	1.000000
219	1434	1770
0.983207	-0.042206	0.177546	11.000685
-0.044329	0.888515	0.456702	3.267251
-0.177027	-0.456903	0.871723	3.307623
0.000000	0.000000	0.000000	1.000000
1404	1439	1770
0.930035	0.364128	0.049446	-0.514791
-0.339719	0.800682	0.493457	-1.575023
0.140091	-0.475730	0.868364	2.182738
0.000000	0.000000	0.000000	1.000000
309	549	1770
-1.000000	0.000000	0.000000	-24.037054
0.000000	-1.000000	0.000000	-9.443501
0.000000	0.000000	1.000000	3.770473
0.000000	0.000000	0.000000	1.000000
549	779	1770
0.998162	0.006904	0.060206	-8.968757
-0.010836	0.997811	0.065241	12.691576
-0.059624	-0.065774	0.996052	0.307052
0.000000	0.000000	0.000000	1.000000
519	1244	1770
1.000000	-0.000266	-0.000650	2.501981
0.000264	0.999995	-0.003207	-3.579036
0.000651	0.003207	0.999995	0.049652
0.000000	0.000000	0.000000	1.000000
1024	1409	1770
-0.836576	0.547209	0.026526	-9.123285
0.536137	0.807768	0.245087	-0.187460
0.112687	0.219255	-0.969138	9.167255
0.000000	0.000000	0.000000	1.000000
734	1569	1770
-0.982984	0.084197	0.163255	11.150482
-0.016800	-0.926246	0.376544	-15.075225
0.182919	0.367394	0.911900	6.973847
0.000000	0.000000	0.000000	1.000000
1404	1739	1770
0.878521	-0.239416	-0.413378	-21.611587
0.447791	0.714129	0.538055	-21.089715
0.166386	-0.657799	0.734585	6.738136
0.000000	0.000000	0.000000	1.000000
614	1149	1770
0.999936	-0.009963	-0.005329	2.198141
0.010002	0.999923	0.007312	-5.463360
0.005255	-0.007364	0.999959	0.089249
0.000000	0.000000	0.000000	1.000000
214	1439	1770
-0.783114	0.461495	-0.416839	-26.726519
-0.594669	-0.359620	0.719056	-5.252111
0.181937	0.810984	0.556061	1.422846
0.000000	0.000000	0.000000	1.000000
1604	1614	1770
0.991908	-0.005945	0.126823	-4.937900
0.038078	0.966848	-0.252497	17.480928
-0.121118	0.255283	0.959250	-1.173528
0.000000	0.000000	0.000000	1.000000
809	954	1770
0.999964	-0.006613	0.005321	1.771065
0.006846	0.998958	-0.045132	-9.731495
-0.005017	0.045167	0.998967	-0.312661
0.000000	0.000000	0.000000	1.000000
509	1729	1770
0.999999	-0.000262	-0.001191	1.465872
0.000265	0.999996	0.002783	-0.336603
0.001190	-0.002784	0.999995	0.022493
0.000000	0.000000	0.000000	1.000000
29	179	1770
0.238529	0.582694	-0.776899	-7.302113
0.580336	0.555911	0.595125	13.424753
0.778662	-0.592817	-0.205557	7.605568
0.000000	0.000000	0.000000	1.000000
599	1164	1770
0.999702	-0.015711	0.018696	3.179084
0.015371	0.999717	0.018177	-4.569600
-0.018976	-0.017885	0.999660	-0.398852
0.000000	0.000000	0.000000	1.000000
794	969	1770
0.999995	-0.003139	-0.000127	-4.335073
0.003139	0.999995	-0.000253	6.727579
0.000128	0.000253	1.000000	-0.032472
0.000000	0.000000	0.000000	1.000000
824	939	1770
0.999978	-0.006481	-0.001227	1.191772
0.006474	0.999961	-0.006074	-9.374228
0.001266	0.006066	0.999981	-0.146060
0.000000	0.000000	0.000000	1.000000
1209	1259	1770
-0.401999	0.648693	-0.646216	-1.415399
0.648693	-0.296319	-0.700994	8.726684
-0.646216	-0.700994	-0.301683	12.590794
0.000000	0.000000	0.000000	1.000000
119	1614	1770
0.999837	0.008165	0.016090	-4.290841
-0.008177	0.999966	0.000711	12.394788
-0.016083	-0.000843	0.999870	-0.620788
0.000000	0.000000	0.000000	1.000000
809	1714	1770
0.999873	0.015512	-0.003556	-1.317443
-0.015562	0.999773	-0.014532	-9.817538
0.003330	0.014586	0.999888	-0.736225
0.000000	0.000000	0.000000	1.000000
634	1129	1770
0.999998	0.001614	-0.000883	-7.810488
-0.001612	0.999996	0.002343	-5.324486
0.000886	-0.002342	0.999997	0.151969
0.000000	0.000000	0.000000	1.000000
659	1129	1770
0.999779	-0.018695	0.009576	9.273498
0.017887	0.996759	0.078429	9.382361
-0.011011	-0.078240	0.996874	-0.187905
0.000000	0.000000	0.000000	1.000000
924	1684	1770
0.999998	0.000446	0.001800	0.410843
-0.000456	0.999986	0.005347	-2.678881
-0.001798	-0.005348	0.999984	0.075359
0.000000	0.000000	0.000000	1.000000
739	1414	1770
-0.146247	0.461277	-0.875120	1.534833
-0.968995	0.111289	0.220596	-7.094571
0.199147	0.880249	0.430700	1.666387
0.000000	0.000000	0.000000	1.000000
644	1429	1770
-0.856317	0.288711	-0.428215	-13.746204
-0.266404	-0.957255	-0.112661	-18.954489
-0.442437	0.017605	0.896627	-8.488732
0.000000	0.000000	0.000000	1.000000
1034	1554	1770
0.711819	-0.646969	0.273396	-22.206560
0.684219	0.726644	-0.061903	-11.370650
-0.158612	0.231127	0.959908	1.989454
0.000000	0.000000	0.000000	1.000000
474	1284	1770
-0.073961	-0.788770	-0.610222	-24.318021
-0.727603	0.461141	-0.507881	-16.656430
0.682000	0.406436	-0.608018	12.257751
0.000000	0.000000	0.000000	1.000000
29	494	1770
0.653106	0.521478	0.549102	-14.519396
0.643742	-0.000452	-0.765242	-4.281139
-0.398809	0.853265	-0.335993	-11.471808
0.000000	0.000000	0.000000	1.000000
744	1019	1770
0.999957	-0.004079	0.008332	-8.243622
0.004042	0.999982	0.004461	-3.412260
-0.008350	-0.004427	0.999955	0.125471
0.000000	0.000000	0.000000	1.000000
319	1769	1770
-0.964771	-0.127753	0.229991	1.382906
0.003539	-0.880411	-0.474198	-0.350759
0.263066	-0.456679	0.849848	-7.696685
0.000000	0.000000	0.000000	1.000000
664	1099	1770
0.999975	0.006704	-0.002290	2.992507
-0.006704	0.999978	0.000210	1.459895
0.002292	-0.000194	0.999997	0.991734
0.000000	0.000000	0.000000	1.000000
309	1514	1770
-0.463109	-0.775312	-0.429443	8.205897
-0.607024	-0.075590	0.791080	-0.032365
-0.645796	0.627039	-0.435626	17.819474
0.000000	0.000000	0.000000	1.000000
559	1404	1770
-0.995557	-0.020523	0.091895	-0.472245
0.014948	-0.998029	-0.060946	-2.171891
0.092965	-0.059302	0.993902	0.248271
0.000000	0.000000	0.000000	1.000000
294	1489	1770
0.912918	0.059126	0.403838	15.912989
0.059126	-0.998172	0.012482	28.722373
0.403838	0.012482	-0.914745	9.516933
0.000000	0.000000	0.000000	1.000000
1619	1639	1770
0.997266	0.006333	0.073623	9.658119
-0.008462	0.999554	0.028645	-7.000422
-0.073409	-0.029190	0.996875	-0.098283
0.000000	0.000000	0.000000	1.000000
539	1224	1770
0.999991	-0.000593	-0.004128	5.150026
0.000610	0.999991	0.004176	-6.594989
0.004125	-0.004178	0.999983	0.048810
0.000000	0.000000	0.000000	1.000000
309	829	1770
0.330860	0.679235	0.655112	-22.459599
0.679235	-0.653337	0.334351	-38.934064
0.655112	0.334351	-0.677523	5.389639
0.000000	0.000000	0.000000	1.000000
784	1224	1770
0.998789	-0.019463	-0.045177	-25.171482
0.015126	0.995417	-0.094430	24.751512
0.046807	0.093632	0.994506	0.156615
0.000000	0.000000	0.000000	1.000000
609	1154	1770
0.999990	-0.003155	-0.003286	4.527248
0.003169	0.999985	0.004392	-9.772302
0.003272	-0.004403	0.999985	-0.082965
0.000000	0.000000	0.000000	1.000000
1284	1289	1770
1.000000	0.000000	0.000000	29.414591
0.000000	-1.000000	0.000000	4.755509
0.000000	0.000000	-1.000000	4.747824
0.000000	0.000000	0.000000	1.000000
509	1254	1770
0.999980	0.001214	0.006251	2.641660
-0.001178	0.999982	-0.005800	-0.646686
-0.006258	0.005793	0.999964	-0.048456
0.000000	0.000000	0.000000	1.000000
619	1144	1770
0.999975	-0.005386	-0.004590	3.653455
0.005448	0.999894	0.013511	-6.042501
0.004517	-0.013535	0.999898	0.231361
0.000000	0.000000	0.000000	1.000000
149	1644	1770
0.996103	0.013883	0.087099	3.250663
-0.012865	0.999842	-0.012244	-9.225900
-0.087255	0.011075	0.996124	0.175693
0.000000	0.000000	0.000000	1.000000
39	514	1770
0.999995	0.003139	0.000316	0.978145
-0.003140	0.999982	0.005037	-6.021994
-0.000300	-0.005038	0.999987	0.023342
0.000000	0.000000	0.000000	1.000000
959	1404	1770
0.207435	-0.022177	-0.977997	1.785148
-0.687753	-0.714269	-0.129677	-11.143555
-0.695677	0.699520	-0.163417	-0.049454
0.000000	0.000000	0.000000	1.000000
119	149	1770
0.996944	-0.010044	-0.077467	-5.571447
0.007624	0.999476	-0.031471	16.604252
0.077743	0.030784	0.996498	0.111795
0.000000	0.000000	0.000000	1.000000
674	1264	1770
-0.997215	0.068764	0.028863	-12.695292
0.068764	0.698047	0.712743	-1.492359
0.028863	0.712743	-0.700831	-2.665562
0.000000	0.000000	0.000000	1.000000
1014	1039	1770
-0.187581	-0.969091	0.160236	-0.562053
-0.669499	0.245510	0.701067	3.842773
-0.718738	0.024230	-0.694859	9.515979
0.000000	0.000000	0.000000	1.000000
1019	1439	1770
-0.754181	-0.642901	-0.133748	17.295830
-0.498849	0.693372	-0.519986	-20.474153
0.427037	-0.325444	-0.843638	11.200045
0.000000	0.000000	0.000000	1.000000
479	1284	1770
0.999991	-0.004114	-0.000923	6.229346
0.004120	0.999965	0.007235	4.716686
0.000893	-0.007238	0.999973	0.001078
0.000000	0.000000	0.000000	1.000000
294	1514	1770
0.269123	-0.555236	-0.786947	-4.773253
0.047679	-0.808410	0.586685	-12.175449
-0.961925	-0.195411	-0.191088	1.583843
0.000000	0.000000	0.000000	1.000000
354	1409	1770
0.999932	0.010513	0.005059	0.570198
-0.010513	0.999945	-0.000009	0.701450
-0.005059	-0.000044	0.999987	0.013730
0.000000	0.000000	0.000000	1.000000
779	1214	1770
0.999354	-0.013865	-0.033144	10.348578
0.010738	0.995636	-0.092707	-15.111151
0.034285	0.092291	0.995142	-0.527798
0.000000	0.000000	0.000000	1.000000
454	974	1770
-0.137839	0.989931	0.032208	-18.065446
-0.990386	-0.137374	-0.016241	6.053223
-0.011653	-0.034137	0.999349	-0.051069
0.000000	0.000000	0.000000	1.000000
329	334	1770
0.966295	-0.249209	0.064566	-48.863767
0.248018	0.968407	0.025981	-9.471083
-0.069001	-0.009092	0.997575	1.302112
0.000000	0.000000	0.000000	1.000000
139	1624	1770
0.819440	-0.566607	0.086455	-13.126045
0.555761	0.822356	0.121904	5.116802
-0.140168	-0.051844	0.988769	2.676487
0.000000	0.000000	0.000000	1.000000
19	1269	1770
0.999984	0.004475	-0.003568	3.703191
-0.004450	0.999965	0.007024	6.857760
0.003599	-0.007008	0.999969	-0.535857
0.000000	0.000000	0.000000	1.000000
854	909	1770
0.999944	-0.006171	-0.008569	-6.046218
0.006351	0.999756	0.021162	7.941696
0.008437	-0.021215	0.999739	-0.159110
0.000000	0.000000	0.000000	1.000000
609	1159	1770
0.964399	-0.005139	0.264401	-1.961227
-0.037267	0.987193	0.155119	6.337647
-0.261812	-0.159450	0.951856	-2.749637
0.000000	0.000000	0.000000	1.000000
309	1229	1770
-0.192481	0.131389	0.972465	0.772388
-0.588156	0.777823	-0.221505	-12.907171
-0.785509	-0.614596	-0.072439	-6.531967
0.000000	0.000000	0.000000	1.000000
324	1439	1770
1.000000	0.000162	0.000758	-5.768301
-0.000165	0.999995	0.003177	-1.330818
-0.000758	-0.003177	0.999995	0.018649
0.000000	0.000000	0.000000	1.000000
1454	1509	1770
-0.763376	-0.008254	-0.645901	-38.473419
0.090449	-0.991433	-0.094230	-3.538125
-0.639590	-0.130354	0.757583	-12.946260
0.000000	0.000000	0.000000	1.000000
1259	1734	1770
0.999994	0.003462	0.000935	-1.768258
-0.003461	0.999994	-0.000889	-0.647919
-0.000939	0.000886	0.999999	-0.053383
0.000000	0.000000	0.000000	1.000000
1024	1559	1770
-0.533121	0.647093	0.545026	-8.271733
-0.840816	-0.476716	-0.256459	-16.949697
0.093869	-0.594990	0.798233	-1.377962
0.000000	0.000000	0.000000	1.000000
1014	1299	1770
0.265749	-0.782936	0.562485	2.749387
0.387036	-0.447731	-0.806065	-13.880163
0.882939	0.431913	0.184040	16.966432
0.000000	0.000000	0.000000	1.000000
534	1229	1770
0.999975	0.000511	-0.007071	4.349970
-0.000465	0.999979	0.006524	-6.036091
0.007074	-0.006520	0.999954	0.050982
0.000000	0.000000	0.000000	1.000000
319	639	1770
0.804959	0.588153	-0.078217	4.576827
-0.593252	0.795669	-0.122323	1.420162
-0.009710	0.144867	0.989404	0.319759
0.000000	0.000000	0.000000	1.000000
494	1269	1770
0.999986	0.001774	0.004952	3.811249
-0.001801	0.999983	0.005551	5.342449
-0.004942	-0.005560	0.999972	0.046184
0.000000	0.000000	0.000000	1.000000
34	1254	1770
0.999938	0.010184	-0.004406	1.918013
-0.010132	0.999879	0.011806	-0.740621
0.004526	-0.011760	0.999921	-0.055182
0.000000	0.000000	0.000000	1.000000
324	1559	1770
-0.176177	-0.289861	-0.940714	-19.243846
-0.506410	-0.792807	0.339127	-1.431608
-0.844104	0.536133	-0.007114	11.434582
0.000000	0.000000	0.000000	1.000000
149	1604	1770
0.992529	-0.080699	-0.091514	0.559201
0.074617	0.994888	-0.068043	-1.880798
0.096537	0.060707	0.993476	0.138681
0.000000	0.000000	0.000000	1.000000
1404	1559	1770
0.998489	-0.029121	0.046603	24.951094
0.025259	0.996361	0.081405	9.873990
-0.048804	-0.080105	0.995591	0.660919
0.000000	0.000000	0.000000	1.000000
359	1439	1770
0.494144	-0.866196	0.074342	-1.097110
0.869341	0.493122	-0.032812	9.130394
-0.008238	0.080843	0.996693	-0.598054
0.000000	0.000000	0.000000	1.000000
634	1429	1770
0.205850	0.967668	-0.145755	3.869830
-0.969542	0.221874	0.103734	-5.457196
0.132719	0.119962	0.983867	1.040083
0.000000	0.000000	0.000000	1.000000
649	654	1770
0.955387	0.279898	0.094299	25.778051
-0.285468	0.956995	0.051661	0.686065
-0.075784	-0.076275	0.994203	1.278466
0.000000	0.000000	0.000000	1.000000
204	674	1770
0.985037	-0.162653	0.056972	15.752996
0.172213	0.916171	-0.361902	6.430588
0.006669	0.366299	0.930473	-1.200866
0.000000	0.000000	0.000000	1.000000
394	1369	1770
0.999990	-0.004187	-0.001501	-1.582855
0.004183	0.999988	-0.002633	11.560337
0.001512	0.002626	0.999995	0.082374
0.000000	0.000000	0.000000	1.000000
4	1759	1770
0.999992	0.002516	-0.003169	-2.948438
-0.002491	0.999966	0.007850	5.923245
0.003188	-0.007842	0.999964	-0.093859
0.000000	0.000000	0.000000	1.000000
1434	1554	1770
0.084089	0.257586	0.962589	17.760500
-0.608771	0.778052	-0.155024	3.559806
-0.788877	-0.572961	0.222237	8.730156
0.000000	0.000000	0.000000	1.000000
504	1259	1770
0.999983	0.001620	0.005595	6.771487
-0.001623	0.999998	0.000635	2.926569
-0.005594	-0.000644	0.999984	0.013512
0.000000	0.000000	0.000000	1.000000
724	1559	1770
0.215931	-0.917314	-0.334528	-7.826621
0.275712	-0.271385	0.922135	-17.862462
-0.936673	-0.291351	0.194314	0.020685
0.000000	0.000000	0.000000	1.000000
669	1084	1770
0.983080	-0.180557	0.030871	-11.794015
0.181727	0.982512	-0.040566	-1.787379
-0.023007	0.045490	0.998700	0.504632
0.000000	0.000000	0.000000	1.000000
289	1474	1770
0.999992	0.001257	0.003784	-2.561470
-0.001250	0.999997	-0.001914	-1.778227
-0.003786	0.001909	0.999991	-0.057635
0.000000	0.000000	0.000000	1.000000
44	519	1770
0.999995	-0.002721	-0.001340	2.155480
0.002729	0.999977	0.006280	-5.844470
0.001323	-0.006283	0.999979	0.044034
0.000000	0.000000	0.000000	1.000000
154	1634	1770
0.302987	-0.871466	-0.385677	-3.608435
0.952768	0.285821	0.102659	-3.288643
0.020771	-0.398565	0.916905	-6.819872
0.000000	0.000000	0.000000	1.000000
64	1699	1770
0.999992	0.003351	-0.001976	0.936391
-0.003338	0.999974	0.006358	-9.445044
0.001997	-0.006351	0.999978	-0.032828
0.000000	0.000000	0.000000	1.000000
249	1489	1770
0.874041	0.483515	-0.047603	6.019020
-0.483511	0.875251	0.012362	4.765362
0.047641	0.012212	0.998790	-1.342175
0.000000	0.000000	0.000000	1.000000
64	824	1770
0.999996	-0.002653	0.000632	0.483238
0.002651	0.999989	0.003808	2.389771
-0.000642	-0.003806	0.999993	0.034604
0.000000	0.000000	0.000000	1.000000
1259	1269	1770
0.939441	-0.198427	-0.279423	-21.863308
0.091070	0.930559	-0.354635	-9.968904
0.330389	0.307712	0.892276	-7.183306
0.000000	0.000000	0.000000	1.000000
34	1729	1770
0.999574	0.019770	-0.021489	0.636406
-0.019590	0.999772	0.008551	-0.578670
0.021653	-0.008126	0.999733	-0.156114
0.000000	0.000000	0.000000	1.000000
184	1579	1770
0.999690	0.019374	0.015665	-0.991304
-0.019737	0.999531	0.023396	-5.271304
-0.015205	-0.023698	0.999604	-0.216156
0.000000	0.000000	0.000000	1.000000
434	774	1770
0.755117	0.044613	0.654071	-8.617607
0.406553	0.750813	-0.520572	18.726753
-0.514309	0.659007	0.548814	-9.276202
0.000000	0.000000	0.000000	1.000000
359	1739	1770
-0.505697	-0.620731	0.599136	1.693828
0.831244	-0.536437	0.145835	-13.893450
0.230874	0.571777	0.787254	-7.569942
0.000000	0.000000	0.000000	1.000000
419	624	1770
-0.678014	-0.732902	0.056137	2.691158
0.483634	-0.387292	0.784922	1.774713
-0.553530	0.559338	0.617046	-18.075662
0.000000	0.000000	0.000000	1.000000
204	1019	1770
-0.903661	-0.401575	-0.148773	-22.302249
0.370389	-0.907272	0.199173	-1.232646
-0.214960	0.124881	0.968606	-2.461612
0.000000	0.000000	0.000000	1.000000
724	1039	1770
0.999301	-0.003094	-0.037253	-2.329695
0.004182	0.999566	0.029162	-4.393646
0.037146	-0.029297	0.998880	0.045283
0.000000	0.000000	0.000000	1.000000
314	1489	1770
0.741225	0.526148	0.416838	16.386511
0.664805	-0.661299	-0.347445	13.582345
0.092847	0.534651	-0.839957	6.075385
0.000000	0.000000	0.000000	1.000000
734	1594	1770
-0.307386	-0.946812	-0.095183	9.192278
0.948201	-0.296330	-0.114471	17.224091
0.080177	-0.125439	0.988856	2.104535
0.000000	0.000000	0.000000	1.000000
39	1249	1770
0.999939	0.010501	-0.003398	2.763712
-0.010446	0.999822	0.015692	-17.499647
0.003562	-0.015655	0.999871	0.389472
0.000000	0.000000	0.000000	1.000000
544	784	1770
0.996930	-0.001492	0.078281	-3.107618
-0.002512	0.998694	0.051025	7.163537
-0.078255	-0.051065	0.995625	-0.088537
0.000000	0.000000	0.000000	1.000000
734	1444	1770
0.403079	0.811585	-0.422916	0.924836
-0.825432	0.122845	-0.550974	8.823471
-0.395209	0.571174	0.719424	-6.751380
0.000000	0.000000	0.000000	1.000000
154	1234	1770
-0.775507	-0.619153	-0.123442	3.694276
-0.617170	0.784662	-0.058374	-13.267858
0.133003	0.030915	-0.990633	8.353396
0.000000	0.000000	0.000000	1.000000
339	1469	1770
-0.716363	-0.675983	-0.172834	-18.065919
-0.697473	0.687085	0.203583	16.643869
-0.018867	0.266387	-0.963682	3.852297
0.000000	0.000000	0.000000	1.000000
214	1299	1770
0.696469	0.577088	-0.426498	11.618138
0.717343	-0.544406	0.434789	2.873630
0.018724	-0.608762	-0.793132	2.598855
0.000000	0.000000	0.000000	1.000000
1454	1514	1770
-0.573202	-0.735959	-0.360283	3.218956
-0.735959	0.269068	0.621262	6.221685
-0.360283	0.621262	-0.695867	10.415145
0.000000	0.000000	0.000000	1.000000
559	1204	1770
0.999981	-0.001914	-0.005936	-6.066768
0.001901	0.999996	-0.002215	-2.460031
0.005941	0.002204	0.999980	0.047144
0.000000	0.000000	0.000000	1.000000
274	1514	1770
0.423315	-0.874771	-0.235753	-24.611277
-0.892007	-0.356897	-0.277393	6.785815
0.158516	0.327718	-0.931383	-1.023852
0.000000	0.000000	0.000000	1.000000
419	1699	1770
0.945160	0.312081	-0.096325	-4.090825
-0.291554	0.939113	0.181832	-14.563370
0.147206	-0.143776	0.978600	2.827363
0.000000	0.000000	0.000000	1.000000
324	1444	1770
0.765935	0.249673	-0.592459	-21.912423
-0.253381	0.964157	0.078740	2.749004
0.590882	0.089808	0.801743	-0.725371
0.000000	0.000000	0.000000	1.000000
354	674	1770
-0.958879	-0.245754	0.141971	2.476222
-0.274275	0.930986	-0.240912	5.552062
-0.072968	-0.269945	-0.960107	8.349725
0.000000	0.000000	0.000000	1.000000
1039	1559	1770
0.913361	-0.073077	0.400538	6.303635
-0.350957	0.357394	0.865505	-11.718729
-0.206399	-0.931090	0.300783	-5.712196
0.000000	0.000000	0.000000	1.000000
1019	1629	1770
0.684125	0.691204	0.232830	0.892119
-0.729114	0.639739	0.243160	-3.023158
0.019123	-0.336112	0.941628	1.453765
0.000000	0.000000	0.000000	1.000000
179	1734	1770
-0.477236	-0.840838	-0.255418	-1.670859
-0.119557	-0.225825	0.966804	-14.651778
-0.870605	0.491930	0.007244	7.715880
0.000000	0.000000	0.000000	1.000000
309	1489	1770
0.464453	-0.884812	-0.037282	2.763521
0.864417	0.443791	0.236288	14.224981
-0.192525	-0.141972	0.970968	-1.014455
0.000000	0.000000	0.000000	1.000000
339	1424	1770
0.999879	0.013888	0.007031	-1.887275
-0.013857	0.999894	-0.004397	0.678853
-0.007091	0.004299	0.999966	0.027570
0.000000	0.000000	0.000000	1.000000
784	979	1770
0.999957	-0.008367	-0.003995	-7.327747
0.008387	0.999953	0.004908	9.030788
0.003954	-0.004941	0.999980	-0.122575
0.000000	0.000000	0.000000	1.000000
29	1034	1770
-0.695778	-0.670133	0.258488	-7.782194
0.262633	0.097594	0.959948	12.209686
-0.668519	0.735797	0.108095	5.363968
0.000000	0.000000	0.000000	1.000000
574	1189	1770
0.999991	-0.001944	-0.003778	6.196563
0.001934	0.999994	-0.002835	-4.699780
0.003783	0.002827	0.999989	-0.119393
0.000000	0.000000	0.000000	1.000000
559	1554	1770
0.954799	0.290148	-0.064601	-6.842604
-0.206042	0.802651	0.559731	-5.404499
0.214256	-0.521120	0.826153	-5.922693
0.000000	0.000000	0.000000	1.000000
674	1399	1770
0.936962	0.347328	-0.038278	-5.605420
-0.305641	0.761518	-0.571554	3.008697
-0.169367	0.547224	0.819671	-6.175004
0.000000	0.000000	0.000000	1.000000
1299	1629	1770
0.913170	-0.383079	0.139181	-1.702969
0.347257	0.910032	0.226393	-9.719884
-0.213386	-0.158404	0.964041	3.633177
0.000000	0.000000	0.000000	1.000000
359	479	1770
-0.041216	0.985922	-0.162046	-12.548997
0.616256	0.152745	0.772592	0.602343
0.786467	-0.068019	-0.613875	-2.435623
0.000000	0.000000	0.000000	1.000000
334	1429	1770
1.000000	0.000592	0.000476	-4.698154
-0.000591	0.999992	-0.003932	-0.452663
-0.000479	0.003932	0.999992	0.070101
