0	1	1770
0.999998	0.001340	-0.001254	-7.648154
-0.001340	0.999999	0.000634	13.263379
0.001255	-0.000632	0.999999	-0.059069
0.000000	0.000000	0.000000	1.000000
1	2	1770
1.000000	-0.000763	0.000058	-4.675349
0.000763	0.999998	-0.002094	10.119421
-0.000056	0.002094	0.999998	0.008165
0.000000	0.000000	0.000000	1.000000
2	3	1770
0.999999	0.001460	0.000064	-4.500178
-0.001460	0.999999	-0.000688	9.054911
-0.000065	0.000688	1.000000	-0.050675
0.000000	0.000000	0.000000	1.000000
3	4	1770
1.000000	0.000317	-0.000352	-4.640446
-0.000316	0.999999	0.001115	9.382920
0.000352	-0.001115	0.999999	-0.105230
0.000000	0.000000	0.000000	1.000000
4	5	1770
1.000000	-0.000348	0.000459	-4.445795
0.000349	0.999999	-0.001266	8.867527
-0.000458	0.001266	0.999999	-0.145782
0.000000	0.000000	0.000000	1.000000
5	6	1770
0.999999	-0.001386	0.000637	-4.462226
0.001386	0.999999	0.000620	9.128218
-0.000638	-0.000619	1.000000	-0.102778
0.000000	0.000000	0.000000	1.000000
6	7	1770
0.999999	-0.000680	-0.001205	-4.497342
0.000682	0.999999	0.001276	8.764996
0.001204	-0.001277	0.999998	-0.148325
0.000000	0.000000	0.000000	1.000000
7	8	1770
0.999996	0.000055	-0.002997	-4.602590
-0.000057	1.000000	-0.000402	8.687486
0.002997	0.000402	0.999995	-0.066273
0.000000	0.000000	0.000000	1.000000
8	9	1770
0.999998	-0.002070	-0.000445	-4.504091
0.002070	0.999997	-0.000866	8.573218
0.000447	0.000865	1.000000	-0.055426
0.000000	0.000000	0.000000	1.000000
9	10	1770
1.000000	-0.000153	0.000391	-4.704049
0.000153	0.999998	0.001851	9.222000
-0.000391	-0.001851	0.999998	-0.011668
0.000000	0.000000	0.000000	1.000000
10	11	1770
0.999998	0.000605	0.002043	-4.605311
-0.000604	1.000000	-0.000574	9.223645
-0.002044	0.000573	0.999998	0.049480
0.000000	0.000000	0.000000	1.000000
11	12	1770
0.999998	0.000801	0.001989	-5.059916
-0.000798	0.999998	-0.001590	9.903494
-0.001990	0.001588	0.999997	0.095249
0.000000	0.000000	0.000000	1.000000
12	13	1770
1.000000	0.000134	-0.000777	-5.332168
-0.000134	1.000000	-0.000211	10.296306
0.000777	0.000211	1.000000	0.210783
0.000000	0.000000	0.000000	1.000000
13	14	1770
1.000000	-0.000598	0.000568	-5.404637
0.000598	1.000000	0.000115	11.849122
-0.000568	-0.000115	1.000000	0.053628
0.000000	0.000000	0.000000	1.000000
14	15	1770
1.000000	-0.000891	-0.000408	-3.017700
0.000891	1.000000	-0.000069	11.543069
0.000408	0.000069	1.000000	-0.325811
0.000000	0.000000	0.000000	1.000000
15	16	1770
0.999999	0.000475	0.001036	0.195883
-0.000475	1.000000	-0.000140	3.987889
-0.001036	0.000139	0.999999	-0.080831
0.000000	0.000000	0.000000	1.000000
16	17	1770
1.000000	-0.000820	-0.000210	0.877629
0.000820	1.000000	0.000016	3.476194
0.000210	-0.000016	1.000000	-0.137245
0.000000	0.000000	0.000000	1.000000
17	18	1770
0.999998	-0.000815	-0.001954	1.662366
0.000815	1.000000	0.000018	3.909654
0.001954	-0.000019	0.999998	-0.105333
0.000000	0.000000	0.000000	1.000000
18	19	1770
1.000000	-0.000067	-0.000128	2.566229
0.000067	1.000000	0.000273	5.073870
0.000128	-0.000273	1.000000	-0.144889
0.000000	0.000000	0.000000	1.000000
19	20	1770
1.000000	-0.000710	0.000687	6.697591
0.000710	1.000000	-0.000681	7.475883
-0.000686	0.000681	1.000000	-0.493745
0.000000	0.000000	0.000000	1.000000
20	21	1770
1.000000	0.000203	-0.000110	14.238677
-0.000203	0.999999	0.001125	7.490685
0.000111	-0.001125	0.999999	-0.332796
0.000000	0.000000	0.000000	1.000000
21	22	1770
1.000000	0.000043	0.000430	9.883072
-0.000044	1.000000	0.000314	4.006011
-0.000430	-0.000314	1.000000	-0.192908
0.000000	0.000000	0.000000	1.000000
22	23	1770
0.999999	0.000739	0.000996	9.177855
-0.000739	1.000000	-0.000269	3.363999
-0.000996	0.000268	0.999999	-0.051575
0.000000	0.000000	0.000000	1.000000
23	24	1770
1.000000	0.000234	-0.000909	9.301762
-0.000233	0.999999	0.001087	3.575607
0.000910	-0.001087	0.999999	-0.168850
0.000000	0.000000	0.000000	1.000000
24	25	1770
1.000000	0.000069	-0.000372	10.017563
-0.000069	1.000000	-0.000295	3.722212
0.000372	0.000295	1.000000	-0.159546
0.000000	0.000000	0.000000	1.000000
25	26	1770
0.999999	-0.000012	0.001124	9.833104
0.000013	1.000000	-0.000387	3.757367
-0.001124	0.000387	0.999999	-0.118112
0.000000	0.000000	0.000000	1.000000
26	27	1770
1.000000	0.000615	0.000294	9.712476
-0.000615	1.000000	-0.000172	3.686587
-0.000294	0.000172	1.000000	-0.070016
0.000000	0.000000	0.000000	1.000000
27	28	1770
1.000000	0.000646	0.000039	9.330012
-0.000646	1.000000	0.000659	3.610172
-0.000039	-0.000659	1.000000	-0.061090
0.000000	0.000000	0.000000	1.000000
28	29	1770
1.000000	-0.000852	0.000060	9.944107
0.000852	0.999996	0.002747	3.720532
-0.000062	-0.002747	0.999996	-0.019901
0.000000	0.000000	0.000000	1.000000
29	30	1770
0.999998	-0.000448	-0.002021	10.216308
0.000452	0.999998	0.002049	3.768758
0.002020	-0.002050	0.999996	0.088860
0.000000	0.000000	0.000000	1.000000
30	31	1770
0.999999	0.000487	0.001217	11.132808
-0.000486	0.999999	-0.000911	3.637262
-0.001218	0.000911	0.999999	0.218207
0.000000	0.000000	0.000000	1.000000
31	32	1770
0.999999	-0.001028	0.000604	8.139542
0.001028	0.999999	0.000669	1.041959
-0.000605	-0.000668	1.000000	0.423686
0.000000	0.000000	0.000000	1.000000
32	33	1770
0.999999	-0.000776	0.001150	4.647246
0.000777	0.999999	-0.001460	-0.935498
-0.001149	0.001461	0.999998	0.229575
0.000000	0.000000	0.000000	1.000000
33	34	1770
1.000000	-0.000054	-0.000086	4.059272
0.000054	1.000000	0.000511	-1.708969
0.000086	-0.000511	1.000000	0.177482
0.000000	0.000000	0.000000	1.000000
34	35	1770
0.999999	-0.000461	-0.001132	4.688849
0.000461	1.000000	-0.000322	-2.614486
0.001132	0.000321	0.999999	0.125142
0.000000	0.000000	0.000000	1.000000
35	36	1770
0.999999	0.000630	0.000788	5.815338
-0.000631	0.999999	0.001008	-4.120860
-0.000787	-0.001008	0.999999	0.151718
0.000000	0.000000	0.000000	1.000000
36	37	1770
1.000000	0.000077	0.000880	8.314853
-0.000077	1.000000	0.000850	-10.636930
-0.000880	-0.000850	0.999999	0.431003
0.000000	0.000000	0.000000	1.000000
37	38	1770
0.999998	0.000783	-0.001728	2.255028
-0.000783	1.000000	-0.000023	-10.931618
0.001728	0.000024	0.999999	0.003268
0.000000	0.000000	0.000000	1.000000
38	39	1770
1.000000	-0.000634	-0.000052	1.209628
0.000634	1.000000	0.000014	-9.264178
0.000052	-0.000014	1.000000	0.012032
0.000000	0.000000	0.000000	1.000000
39	40	1770
1.000000	0.000512	0.000011	1.254456
-0.000512	0.999999	-0.001273	-8.914330
-0.000011	0.001273	0.999999	0.075709
0.000000	0.000000	0.000000	1.000000
40	41	1770
1.000000	0.000634	-0.000184	1.505500
-0.000634	1.000000	0.000187	-10.013005
0.000184	-0.000187	1.000000	0.136470
0.000000	0.000000	0.000000	1.000000
41	42	1770
0.999999	-0.001238	0.000374	1.810142
0.001238	0.999999	0.000941	-11.029926
-0.000375	-0.000940	0.999999	0.216704
0.000000	0.000000	0.000000	1.000000
42	43	1770
1.000000	0.000433	-0.000198	1.495741
-0.000433	1.000000	-0.000439	-10.566755
0.000198	0.000439	1.000000	0.100770
0.000000	0.000000	0.000000	1.000000
43	44	1770
1.000000	0.000225	0.000326	1.634405
-0.000225	0.999999	-0.001191	-11.081982
-0.000326	0.001190	0.999999	0.036853
0.000000	0.000000	0.000000	1.000000
44	45	1770
1.000000	0.000662	-0.000378	1.547808
-0.000662	1.000000	-0.000095	-10.927942
0.000378	0.000095	1.000000	0.045349
0.000000	0.000000	0.000000	1.000000
45	46	1770
0.999999	0.000976	0.000308	1.378235
-0.000976	0.999999	0.000354	-10.672508
-0.000307	-0.000354	1.000000	0.172632
0.000000	0.000000	0.000000	1.000000
46	47	1770
1.000000	0.000146	-0.000619	1.826263
-0.000146	1.000000	0.000275	-11.690606
0.000619	-0.000275	1.000000	0.269704
0.000000	0.000000	0.000000	1.000000
47	48	1770
0.999999	-0.000546	0.000960	3.880724
0.000546	1.000000	-0.000209	-17.567398
-0.000960	0.000209	1.000000	0.049076
0.000000	0.000000	0.000000	1.000000
48	49	1770
0.999999	0.000619	0.000966	1.609563
-0.000619	1.000000	-0.000171	-7.502116
-0.000966	0.000170	1.000000	-0.171084
0.000000	0.000000	0.000000	1.000000
49	50	1770
0.999998	0.000197	-0.002165	1.141125
-0.000193	0.999999	0.001538	-6.321593
0.002165	-0.001538	0.999996	-0.028307
0.000000	0.000000	0.000000	1.000000
50	51	1770
0.999999	0.000352	-0.001522	0.987048
-0.000352	1.000000	-0.000475	-5.779800
0.001522	0.000476	0.999999	-0.083290
0.000000	0.000000	0.000000	1.000000
51	52	1770
0.999997	-0.000982	-0.002254	1.120057
0.000982	0.999999	-0.000195	-4.947888
0.002254	0.000193	0.999997	-0.110592
0.000000	0.000000	0.000000	1.000000
52	53	1770
0.999997	0.000245	0.002609	1.158479
-0.000243	1.000000	-0.000715	-5.608021
-0.002609	0.000715	0.999996	-0.144000
0.000000	0.000000	0.000000	1.000000
53	54	1770
0.999998	0.001064	-0.001802	1.770759
-0.001064	0.999999	0.000008	-11.973998
0.001802	-0.000006	0.999998	-0.202492
0.000000	0.000000	0.000000	1.000000
54	55	1770
0.999998	0.000695	-0.002125	1.411740
-0.000698	0.999999	-0.001393	-11.246017
0.002124	0.001394	0.999997	0.117136
0.000000	0.000000	0.000000	1.000000
55	56	1770
0.999999	0.000979	0.000527	1.650018
-0.000979	0.999999	0.000552	-11.241182
-0.000527	-0.000553	1.000000	0.075040
0.000000	0.000000	0.000000	1.000000
56	57	1770
0.999999	-0.000930	0.000589	1.757317
0.000930	1.000000	-0.000032	-11.856827
-0.000589	0.000032	1.000000	0.181536
0.000000	0.000000	0.000000	1.000000
57	58	1770
1.000000	-0.000079	0.000826	0.932150
0.000080	0.999999	-0.001197	-10.489047
-0.000826	0.001197	0.999999	0.114048
0.000000	0.000000	0.000000	1.000000
58	59	1770
0.999999	0.000646	-0.001052	0.849703
-0.000646	1.000000	-0.000457	-10.368785
0.001052	0.000458	0.999999	-0.006599
0.000000	0.000000	0.000000	1.000000
59	60	1770
1.000000	-0.000753	-0.000064	0.506828
0.000753	1.000000	0.000494	-10.257869
0.000064	-0.000494	1.000000	-0.126317
0.000000	0.000000	0.000000	1.000000
60	61	1770
1.000000	-0.000207	0.000772	1.055408
0.000206	0.999999	0.001201	-9.988271
-0.000772	-0.001201	0.999999	0.083797
0.000000	0.000000	0.000000	1.000000
61	62	1770
1.000000	0.000652	0.000378	0.977149
-0.000653	0.999999	0.000870	-10.515001
-0.000377	-0.000871	1.000000	0.099292
0.000000	0.000000	0.000000	1.000000
62	63	1770
1.000000	0.000070	0.000360	1.185035
-0.000070	1.000000	-0.000037	-10.571817
-0.000360	0.000037	1.000000	0.075420
0.000000	0.000000	0.000000	1.000000
63	64	1770
1.000000	0.000311	0.000217	0.785461
-0.000311	1.000000	0.000648	-10.006572
-0.000217	-0.000648	1.000000	-0.147532
0.000000	0.000000	0.000000	1.000000
64	65	1770
0.999999	-0.000251	-0.001009	0.833477
0.000250	0.999999	-0.001111	-9.946060
0.001009	0.001111	0.999999	-0.056423
0.000000	0.000000	0.000000	1.000000
65	66	1770
0.999999	-0.001507	0.000052	1.359780
0.001507	0.999999	-0.000498	-9.825449
-0.000051	0.000498	1.000000	0.141735
0.000000	0.000000	0.000000	1.000000
66	67	1770
1.000000	0.000628	0.000237	0.752043
-0.000628	1.000000	0.000182	-9.596245
-0.000237	-0.000182	1.000000	-0.030471
0.000000	0.000000	0.000000	1.000000
67	68	1770
1.000000	-0.000867	0.000373	0.964853
0.000866	0.999998	0.001864	-10.462437
-0.000374	-0.001864	0.999998	-0.087722
0.000000	0.000000	0.000000	1.000000
68	69	1770
1.000000	0.000602	-0.000580	0.913047
-0.000602	1.000000	0.000052	-10.498502
0.000580	-0.000052	1.000000	-0.085271
0.000000	0.000000	0.000000	1.000000
69	70	1770
1.000000	0.000522	-0.000261	1.264885
-0.000522	1.000000	-0.000691	-9.670791
0.000261	0.000692	1.000000	0.173993
0.000000	0.000000	0.000000	1.000000
70	71	1770
0.999999	-0.001324	-0.000048	1.275329
0.001324	0.999999	0.000671	-9.964208
0.000047	-0.000671	1.000000	0.118661
0.000000	0.000000	0.000000	1.000000
71	72	1770
0.999999	0.000801	0.000892	1.165819
-0.000800	1.000000	-0.000437	-10.580175
-0.000893	0.000437	1.000000	0.020153
0.000000	0.000000	0.000000	1.000000
72	73	1770
0.999998	-0.002005	-0.000203	1.609753
0.002005	0.999998	-0.000307	-10.019193
0.000204	0.000306	1.000000	0.066296
0.000000	0.000000	0.000000	1.000000
73	74	1770
1.000000	-0.000092	-0.000291	1.780969
0.000092	0.999999	0.001342	-10.752310
0.000291	-0.001342	0.999999	0.029972
0.000000	0.000000	0.000000	1.000000
74	75	1770
1.000000	-0.000513	-0.000014	1.505061
0.000513	0.999999	-0.000938	-10.781437
0.000014	0.000938	1.000000	0.010805
0.000000	0.000000	0.000000	1.000000
75	76	1770
1.000000	0.000221	0.000188	1.371519
-0.000221	1.000000	0.000410	-10.685525
-0.000188	-0.000410	1.000000	-0.003642
0.000000	0.000000	0.000000	1.000000
76	77	1770
1.000000	0.000408	0.000328	1.750164
-0.000408	1.000000	-0.000208	-16.361255
-0.000328	0.000208	1.000000	0.015631
0.000000	0.000000	0.000000	1.000000
77	78	1770
0.999999	0.000717	0.000718	0.969552
-0.000717	1.000000	0.000215	-10.869374
-0.000718	-0.000215	1.000000	0.042973
0.000000	0.000000	0.000000	1.000000
78	79	1770
1.000000	-0.000505	-0.000834	0.239501
0.000505	1.000000	-0.000765	-5.334785
0.000835	0.000765	0.999999	0.055187
0.000000	0.000000	0.000000	1.000000
79	80	1770
1.000000	0.000254	0.000748	0.105616
-0.000254	1.000000	0.000190	-4.833383
-0.000748	-0.000190	1.000000	0.013207
0.000000	0.000000	0.000000	1.000000
80	81	1770
1.000000	-0.000439	0.000083	0.139886
0.000439	1.000000	-0.000006	-4.623465
-0.000083	0.000006	1.000000	0.000279
0.000000	0.000000	0.000000	1.000000
81	82	1770
1.000000	-0.000112	0.000195	0.114141
0.000112	1.000000	0.000447	-4.658228
-0.000195	-0.000447	1.000000	0.008896
0.000000	0.000000	0.000000	1.000000
82	83	1770
1.000000	-0.000445	-0.000196	0.096700
0.000445	1.000000	0.000196	-8.576746
0.000196	-0.000196	1.000000	-0.027164
0.000000	0.000000	0.000000	1.000000
83	84	1770
1.000000	0.000096	-0.000310	0.135691
-0.000096	1.000000	-0.000160	-17.262628
0.000310	0.000160	1.000000	-0.024422
0.000000	0.000000	0.000000	1.000000
84	85	1770
0.999996	0.000366	-0.002961	0.217179
-0.000372	0.999998	-0.001975	-12.338041
0.002961	0.001976	0.999994	-0.120609
0.000000	0.000000	0.000000	1.000000
85	86	1770
1.000000	0.000779	-0.000006	-0.022143
-0.000779	1.000000	-0.000197	-11.612890
0.000006	0.000197	1.000000	-0.030790
0.000000	0.000000	0.000000	1.000000
86	87	1770
0.999998	0.000395	-0.001805	-0.509702
-0.000398	0.999999	-0.001624	-10.547450
0.001804	0.001625	0.999997	0.060841
0.000000	0.000000	0.000000	1.000000
87	88	1770
0.999998	-0.002004	-0.000451	-0.475018
0.002003	0.999996	-0.002128	-10.087085
0.000455	0.002127	0.999998	0.060448
0.000000	0.000000	0.000000	1.000000
88	89	1770
1.000000	-0.000729	-0.000101	-0.552820
0.000730	0.999997	0.002219	-10.410251
0.000099	-0.002219	0.999998	0.388250
0.000000	0.000000	0.000000	1.000000
89	90	1770
1.000000	-0.000213	-0.000474	-0.732903
0.000214	1.000000	0.000541	-10.669512
0.000474	-0.000541	1.000000	0.243530
0.000000	0.000000	0.000000	1.000000
90	91	1770
1.000000	-0.000462	0.000163	-0.583613
0.000462	1.000000	0.000265	-9.884529
-0.000163	-0.000264	1.000000	0.053505
0.000000	0.000000	0.000000	1.000000
91	92	1770
1.000000	-0.000214	-0.000058	-0.094194
0.000214	1.000000	-0.000914	-9.977326
0.000058	0.000914	1.000000	0.073097
0.000000	0.000000	0.000000	1.000000
92	93	1770
1.000000	-0.000097	-0.000572	0.809355
0.000097	1.000000	-0.000238	-10.404347
0.000572	0.000238	1.000000	0.094363
0.000000	0.000000	0.000000	1.000000
93	94	1770
1.000000	-0.000104	0.000655	1.090325
0.000104	1.000000	-0.000343	-9.685479
-0.000655	0.000343	1.000000	0.071548
0.000000	0.000000	0.000000	1.000000
94	95	1770
1.000000	-0.000909	-0.000217	1.293777
0.000908	1.000000	-0.000360	-10.217095
0.000217	0.000360	1.000000	-0.133297
0.000000	0.000000	0.000000	1.000000
95	96	1770
0.999998	0.000065	-0.001811	2.101762
-0.000068	0.999999	-0.001185	-10.890261
0.001811	0.001185	0.999998	-0.008845
0.000000	0.000000	0.000000	1.000000
96	97	1770
1.000000	0.000722	-0.000219	2.239637
-0.000722	0.999999	0.001075	-10.256997
0.000219	-0.001075	0.999999	0.061686
0.000000	0.000000	0.000000	1.000000
97	98	1770
1.000000	-0.000100	-0.000424	1.788056
0.000100	1.000000	0.000338	-11.118329
0.000424	-0.000338	1.000000	-0.041515
0.000000	0.000000	0.000000	1.000000
98	99	1770
0.999999	-0.000646	-0.000835	-0.257368
0.000647	0.999999	0.001261	-17.337288
0.000834	-0.001261	0.999999	-0.091092
0.000000	0.000000	0.000000	1.000000
99	100	1770
0.999998	0.000352	0.002205	-2.169377
-0.000354	1.000000	0.000919	-5.142835
-0.002205	-0.000920	0.999997	-0.200205
0.000000	0.000000	0.000000	1.000000
100	101	1770
0.999996	-0.000229	0.002990	-1.961351
0.000226	1.000000	0.000956	-3.790186
-0.002990	-0.000956	0.999995	-0.174053
0.000000	0.000000	0.000000	1.000000
101	102	1770
0.999998	-0.000228	-0.001862	-2.042815
0.000228	1.000000	0.000092	-3.386987
0.001862	-0.000092	0.999998	-0.097438
0.000000	0.000000	0.000000	1.000000
102	103	1770
1.000000	0.000697	0.000337	-3.048002
-0.000697	1.000000	0.000594	-3.827304
-0.000336	-0.000594	1.000000	-0.082884
0.000000	0.000000	0.000000	1.000000
103	104	1770
1.000000	0.000300	0.000154	-4.369063
-0.000300	1.000000	-0.000866	-3.085217
-0.000155	0.000866	1.000000	-0.085286
0.000000	0.000000	0.000000	1.000000
104	105	1770
0.999998	-0.000908	-0.002034	-13.022395
0.000905	0.999999	-0.001190	-6.341765
0.002035	0.001188	0.999997	-0.474137
0.000000	0.000000	0.000000	1.000000
105	106	1770
0.999997	0.000634	-0.002155	-11.758989
-0.000626	0.999991	0.004103	-5.443189
0.002157	-0.004102	0.999989	-0.042082
0.000000	0.000000	0.000000	1.000000
106	107	1770
1.000000	-0.000829	0.000452	-11.362183
0.000827	0.999989	0.004652	-4.561726
-0.000456	-0.004652	0.999989	0.062096
0.000000	0.000000	0.000000	1.000000
107	108	1770
1.000000	0.000169	-0.000464	-10.115106
-0.000170	1.000000	-0.000243	-3.876832
0.000464	0.000243	1.000000	-0.024065
0.000000	0.000000	0.000000	1.000000
108	109	1770
0.999983	-0.000591	0.005715	-10.349009
0.000663	0.999920	-0.012599	-3.917283
-0.005707	0.012603	0.999904	-0.083763
0.000000	0.000000	0.000000	1.000000
109	110	1770
0.999998	0.000441	-0.001838	-9.482853
-0.000438	0.999999	0.001465	-3.453905
0.001838	-0.001464	0.999997	-0.081312
0.000000	0.000000	0.000000	1.000000
110	111	1770
0.999998	0.000512	-0.001875	-9.517399
-0.000503	0.999988	0.004937	-3.645884
0.001877	-0.004936	0.999986	-0.076094
0.000000	0.000000	0.000000	1.000000
111	112	1770
0.999999	-0.000863	0.000607	-9.512404
0.000863	1.000000	0.000340	-3.758757
-0.000608	-0.000339	1.000000	0.040240
0.000000	0.000000	0.000000	1.000000
112	113	1770
0.999999	-0.001137	-0.000492	-12.142702
0.001138	0.999996	0.002434	-4.876293
0.000489	-0.002435	0.999997	0.231616
0.000000	0.000000	0.000000	1.000000
113	114	1770
0.999996	0.000993	-0.002533	-5.186454
-0.000991	0.999999	0.000607	-0.745196
0.002534	-0.000605	0.999997	0.100920
0.000000	0.000000	0.000000	1.000000
114	115	1770
0.999997	-0.002012	0.001311	-3.800620
0.002014	0.999996	-0.001722	0.438310
-0.001307	0.001725	0.999998	0.084602
0.000000	0.000000	0.000000	1.000000
115	116	1770
1.000000	-0.000234	-0.000272	-4.068758
0.000233	1.000000	-0.000511	1.051181
0.000272	0.000511	1.000000	0.068033
0.000000	0.000000	0.000000	1.000000
116	117	1770
0.999998	0.001190	0.001426	-5.126191
-0.001190	0.999999	0.000171	1.567524
-0.001426	-0.000173	0.999999	0.082735
0.000000	0.000000	0.000000	1.000000
117	118	1770
0.999998	0.000352	0.001792	-7.111489
-0.000355	0.999999	0.001429	2.739992
-0.001792	-0.001429	0.999997	0.147249
0.000000	0.000000	0.000000	1.000000
118	119	1770
0.999999	-0.000893	0.001287	-10.134894
0.000891	0.999998	0.001609	13.505651
-0.001288	-0.001608	0.999998	0.130691
0.000000	0.000000	0.000000	1.000000
119	120	1770
0.999980	0.000635	0.006247	-3.472892
-0.000662	0.999990	0.004372	11.394823
-0.006244	-0.004376	0.999971	-0.040423
0.000000	0.000000	0.000000	1.000000
120	121	1770
1.000000	-0.000637	0.000716	-3.024764
0.000637	1.000000	0.000207	10.466245
-0.000716	-0.000206	1.000000	-0.024684
0.000000	0.000000	0.000000	1.000000
121	122	1770
0.999998	-0.000254	0.002052	-3.224103
0.000257	0.999999	-0.001380	10.912388
-0.002052	0.001380	0.999997	-0.073721
0.000000	0.000000	0.000000	1.000000
122	123	1770
0.999996	0.000566	-0.002615	-3.612428
-0.000568	0.999999	-0.000862	12.280641
0.002614	0.000863	0.999996	-0.123320
0.000000	0.000000	0.000000	1.000000
123	124	1770
0.999999	0.000612	-0.000954	-0.935913
-0.000613	1.000000	-0.000537	8.472675
0.000953	0.000537	0.999999	-0.058935
0.000000	0.000000	0.000000	1.000000
124	125	1770
1.000000	0.000310	0.000845	0.537110
-0.000310	1.000000	-0.000414	5.897094
-0.000845	0.000414	1.000000	0.032055
0.000000	0.000000	0.000000	1.000000
125	126	1770
0.999993	-0.002353	0.002863	1.678621
0.002348	0.999995	0.001970	6.620271
-0.002868	-0.001963	0.999994	-0.000370
0.000000	0.000000	0.000000	1.000000
126	127	1770
1.000000	-0.000033	-0.000829	3.133695
0.000033	1.000000	0.000083	7.600099
0.000829	-0.000083	1.000000	0.033295
0.000000	0.000000	0.000000	1.000000
127	128	1770
0.999998	0.000706	-0.001625	3.446452
-0.000705	1.000000	0.000626	6.841183
0.001625	-0.000625	0.999998	-0.089493
0.000000	0.000000	0.000000	1.000000
128	129	1770
0.999998	-0.000598	0.001858	2.419096
0.000606	0.999990	-0.004425	5.940232
-0.001855	0.004426	0.999988	-0.021486
0.000000	0.000000	0.000000	1.000000
129	130	1770
1.000000	0.000301	-0.000285	1.910198
-0.000301	0.999999	0.001242	6.084858
0.000286	-0.001242	0.999999	-0.061263
0.000000	0.000000	0.000000	1.000000
130	131	1770
1.000000	-0.000026	0.000755	1.036159
0.000026	1.000000	-0.000576	6.734459
-0.000755	0.000576	1.000000	-0.034180
0.000000	0.000000	0.000000	1.000000
131	132	1770
1.000000	0.000411	0.000413	-1.285853
-0.000411	1.000000	-0.000721	4.327666
-0.000413	0.000721	1.000000	-0.069701
0.000000	0.000000	0.000000	1.000000
132	133	1770
0.999997	0.000208	0.002525	-3.017170
-0.000211	0.999999	0.001016	0.683566
-0.002525	-0.001017	0.999996	-0.036436
0.000000	0.000000	0.000000	1.000000
133	134	1770
0.999999	0.000620	0.000852	-2.941125
-0.000620	1.000000	-0.000241	0.474649
-0.000852	0.000240	1.000000	-0.040958
0.000000	0.000000	0.000000	1.000000
134	135	1770
0.999999	0.001616	-0.000392	-2.965163
-0.001616	0.999999	-0.000012	-0.519221
0.000392	0.000013	1.000000	-0.008657
0.000000	0.000000	0.000000	1.000000
135	136	1770
0.999999	0.000683	-0.001583	-2.635134
-0.000682	1.000000	0.000169	-1.655175
0.001584	-0.000168	0.999999	0.007870
0.000000	0.000000	0.000000	1.000000
136	137	1770
0.999999	-0.001544	0.000591	-1.792243
0.001544	0.999999	0.000256	-2.349823
-0.000591	-0.000255	1.000000	-0.005576
0.000000	0.000000	0.000000	1.000000
137	138	1770
0.999995	0.003146	-0.000735	-1.140208
-0.003146	0.999995	-0.000791	-2.719622
0.000732	0.000793	0.999999	-0.016059
0.000000	0.000000	0.000000	1.000000
138	139	1770
1.000000	0.000503	-0.000393	-0.681208
-0.000503	1.000000	-0.000291	-3.004712
0.000393	0.000291	1.000000	-0.014638
0.000000	0.000000	0.000000	1.000000
139	140	1770
0.999994	0.002729	0.001932	-22.642258
-0.002731	0.999996	0.000778	10.373367
-0.001930	-0.000783	0.999998	-0.688137
0.000000	0.000000	0.000000	1.000000
140	141	1770
0.999999	-0.001599	0.000500	1.413395
0.001599	0.999998	-0.000755	-13.559259
-0.000499	0.000756	1.000000	-0.328844
0.000000	0.000000	0.000000	1.000000
141	142	1770
0.999999	0.000011	0.001434	4.870416
-0.000012	0.999999	0.001082	-9.753606
-0.001434	-0.001082	0.999998	-0.233842
0.000000	0.000000	0.000000	1.000000
142	143	1770
0.999998	-0.001070	0.001406	4.417982
0.001067	0.999997	0.002309	-7.941354
-0.001409	-0.002307	0.999996	-0.147527
0.000000	0.000000	0.000000	1.000000
143	144	1770
0.999999	0.000126	0.001709	4.385454
-0.000128	0.999999	0.001288	-7.654818
-0.001709	-0.001288	0.999998	-0.112243
0.000000	0.000000	0.000000	1.000000
144	145	1770
0.999997	0.001540	-0.001800	4.572092
-0.001546	0.999993	-0.003519	-8.045215
0.001794	0.003521	0.999992	-0.146955
0.000000	0.000000	0.000000	1.000000
145	146	1770
0.999995	0.000793	-0.003032	4.583007
-0.000793	1.000000	0.000173	-9.165412
0.003032	-0.000170	0.999995	-0.020432
0.000000	0.000000	0.000000	1.000000
146	147	1770
1.000000	-0.000341	-0.000512	4.213523
0.000341	1.000000	0.000061	-10.604117
0.000512	-0.000061	1.000000	0.194282
0.000000	0.000000	0.000000	1.000000
147	148	1770
0.999991	0.000854	0.004131	3.440166
-0.000862	0.999998	0.001776	-11.100614
-0.004130	-0.001779	0.999990	0.101688
0.000000	0.000000	0.000000	1.000000
148	149	1770
0.999999	0.001190	-0.000644	2.903164
-0.001190	0.999999	-0.000045	-9.570886
0.000644	0.000046	1.000000	0.102751
0.000000	0.000000	0.000000	1.000000
149	150	1770
0.999993	-0.000987	-0.003587	2.801106
0.000986	0.999999	-0.000214	-9.479785
0.003587	0.000210	0.999994	0.074351
0.000000	0.000000	0.000000	1.000000
150	151	1770
0.999985	-0.000438	-0.005418	2.520100
0.000436	1.000000	-0.000246	-9.330146
0.005418	0.000243	0.999985	0.070311
0.000000	0.000000	0.000000	1.000000
151	152	1770
0.999999	-0.000013	0.001688	2.774490
0.000013	1.000000	0.000530	-10.092211
-0.001688	-0.000530	0.999998	0.086978
0.000000	0.000000	0.000000	1.000000
152	153	1770
0.999989	0.001889	0.004284	2.502717
-0.001904	0.999993	0.003361	-9.544726
-0.004278	-0.003369	0.999985	0.085554
0.000000	0.000000	0.000000	1.000000
153	154	1770
0.999993	0.000648	0.003720	2.770918
-0.000644	0.999999	-0.001080	-10.116355
-0.003721	0.001078	0.999992	0.043215
0.000000	0.000000	0.000000	1.000000
154	155	1770
0.999996	-0.001314	-0.002572	2.778926
0.001308	0.999997	-0.002239	-9.875939
0.002575	0.002235	0.999994	0.024202
0.000000	0.000000	0.000000	1.000000
155	156	1770
0.999995	-0.000276	0.003247	2.810409
0.000279	1.000000	-0.000733	-9.659586
-0.003246	0.000734	0.999994	0.070131
0.000000	0.000000	0.000000	1.000000
156	157	1770
0.999994	0.000818	-0.003372	2.926509
-0.000831	0.999992	-0.003841	-9.389718
0.003369	0.003844	0.999987	0.145450
0.000000	0.000000	0.000000	1.000000
157	158	1770
0.999991	0.000589	0.004297	3.018594
-0.000590	1.000000	0.000207	-10.245410
-0.004297	-0.000210	0.999991	0.036018
0.000000	0.000000	0.000000	1.000000
158	159	1770
0.999999	0.000682	0.000896	2.890036
-0.000682	0.999999	-0.000835	-9.591586
-0.000897	0.000834	0.999999	0.082757
0.000000	0.000000	0.000000	1.000000
159	160	1770
0.999998	0.000919	0.001614	2.752454
-0.000921	0.999999	0.000827	-9.679146
-0.001614	-0.000828	0.999998	0.068097
0.000000	0.000000	0.000000	1.000000
160	161	1770
0.999993	-0.001670	0.003327	2.478797
0.001657	0.999991	0.003979	-9.183639
-0.003333	-0.003974	0.999987	0.020536
0.000000	0.000000	0.000000	1.000000
161	162	1770
1.000000	-0.000587	0.000454	2.709262
0.000587	0.999999	0.001373	-9.683584
-0.000455	-0.001373	0.999999	0.090503
0.000000	0.000000	0.000000	1.000000
162	163	1770
0.999999	-0.000495	0.001026	2.701106
0.000494	0.999999	0.001064	-9.268208
-0.001026	-0.001064	0.999999	0.008674
0.000000	0.000000	0.000000	1.000000
163	164	1770
0.999999	0.000301	0.001062	2.842259
-0.000302	1.000000	0.000875	-9.963800
-0.001062	-0.000875	0.999999	0.031585
0.000000	0.000000	0.000000	1.000000
164	165	1770
0.999998	0.000015	0.001741	2.969076
-0.000014	1.000000	-0.000971	-10.088992
-0.001741	0.000971	0.999998	0.010611
0.000000	0.000000	0.000000	1.000000
165	166	1770
0.999999	-0.000472	-0.001131	4.001055
0.000470	0.999998	-0.001960	-14.167207
0.001132	0.001959	0.999997	0.022747
0.000000	0.000000	0.000000	1.000000
166	167	1770
0.999995	0.000420	0.003208	2.265753
-0.000427	0.999997	0.002344	-10.356149
-0.003207	-0.002346	0.999992	0.213971
0.000000	0.000000	0.000000	1.000000
167	168	1770
0.999985	0.000884	-0.005438	-0.471264
-0.000896	0.999997	-0.002066	-3.936359
0.005436	0.002071	0.999983	0.077116
0.000000	0.000000	0.000000	1.000000
168	169	1770
0.999999	-0.000618	0.000926	-1.333554
0.000619	0.999999	-0.001318	-3.518822
-0.000925	0.001319	0.999999	0.067869
0.000000	0.000000	0.000000	1.000000
169	170	1770
1.000000	-0.000697	0.000152	-2.184384
0.000697	0.999998	0.001714	-4.023370
-0.000153	-0.001714	0.999999	0.055402
0.000000	0.000000	0.000000	1.000000
170	171	1770
0.999974	0.000121	-0.007229	-3.468842
-0.000094	0.999993	0.003726	-4.653030
0.007229	-0.003725	0.999967	0.024418
0.000000	0.000000	0.000000	1.000000
171	172	1770
0.999999	0.001104	-0.000534	-6.575389
-0.001104	0.999999	0.000356	-6.672124
0.000534	-0.000356	1.000000	0.098403
0.000000	0.000000	0.000000	1.000000
172	173	1770
0.999989	-0.001975	0.004290	-19.186339
0.001957	0.999989	0.004231	-6.042799
-0.004298	-0.004222	0.999982	0.077925
0.000000	0.000000	0.000000	1.000000
173	174	1770
0.999999	0.001042	-0.001199	-10.929274
-0.001040	0.999999	0.001240	-0.891113
0.001200	-0.001238	0.999999	-0.200562
0.000000	0.000000	0.000000	1.000000
174	175	1770
0.999998	-0.000262	0.002009	-8.457540
0.000261	1.000000	0.000169	-0.603604
-0.002009	-0.000168	0.999998	-0.112391
0.000000	0.000000	0.000000	1.000000
175	176	1770
0.999999	0.000490	0.000892	-9.140048
-0.000489	0.999999	-0.001316	-0.402985
-0.000893	0.001316	0.999999	-0.133294
0.000000	0.000000	0.000000	1.000000
176	177	1770
1.000000	-0.000290	-0.000728	-8.402196
0.000289	1.000000	-0.000278	-0.513155
0.000728	0.000278	1.000000	0.026585
0.000000	0.000000	0.000000	1.000000
177	178	1770
1.000000	0.000529	-0.000789	-6.682305
-0.000528	1.000000	0.000781	-0.788755
0.000789	-0.000780	0.999999	0.064423
0.000000	0.000000	0.000000	1.000000
178	179	1770
1.000000	0.000570	0.000813	-6.393844
-0.000570	1.000000	0.000127	-1.394261
-0.000813	-0.000127	1.000000	0.070782
0.000000	0.000000	0.000000	1.000000
179	180	1770
0.999999	-0.001021	0.000065	-6.429818
0.001021	0.999999	-0.000067	-2.563067
-0.000065	0.000067	1.000000	0.053153
0.000000	0.000000	0.000000	1.000000
180	181	1770
0.999999	0.000650	0.000897	-6.923363
-0.000650	1.000000	-0.000681	-3.725155
-0.000897	0.000680	0.999999	0.060487
0.000000	0.000000	0.000000	1.000000
181	182	1770
1.000000	-0.000178	-0.000779	-7.067075
0.000178	1.000000	-0.000250	-5.570704
0.000779	0.000250	1.000000	0.111441
0.000000	0.000000	0.000000	1.000000
182	183	1770
0.999997	-0.001539	0.001757	-8.493171
0.001542	0.999997	-0.001859	-12.278986
-0.001755	0.001862	0.999997	0.302081
0.000000	0.000000	0.000000	1.000000
183	184	1770
0.999995	0.002484	-0.002017	-3.593777
-0.002481	0.999996	0.001495	-11.431640
0.002021	-0.001490	0.999997	-0.024112
0.000000	0.000000	0.000000	1.000000
184	185	1770
0.999999	0.000867	0.000842	-2.241690
-0.000865	0.999995	-0.002957	-10.835852
-0.000845	0.002956	0.999995	0.118725
0.000000	0.000000	0.000000	1.000000
185	186	1770
1.000000	0.000056	-0.000115	-2.582338
-0.000056	1.000000	-0.000055	-11.925131
0.000115	0.000055	1.000000	0.145714
0.000000	0.000000	0.000000	1.000000
186	187	1770
0.999998	0.001048	-0.001764	-4.514938
-0.001042	0.999994	0.003294	-17.852369
0.001768	-0.003292	0.999993	-0.057536
0.000000	0.000000	0.000000	1.000000
187	188	1770
0.999999	0.000639	0.001096	-1.486035
-0.000640	0.999999	0.000893	-5.877225
-0.001095	-0.000894	0.999999	-0.114944
0.000000	0.000000	0.000000	1.000000
188	189	1770
0.999995	0.001846	0.002553	-1.499218
-0.001844	0.999998	-0.001073	-5.566781
-0.002555	0.001068	0.999996	-0.146447
0.000000	0.000000	0.000000	1.000000
189	190	1770
0.999999	-0.001014	0.000438	-1.296221
0.001013	0.999999	0.000512	-5.152196
-0.000438	-0.000512	1.000000	-0.170413
0.000000	0.000000	0.000000	1.000000
190	191	1770
0.999999	-0.000519	-0.001409	-1.171671
0.000518	1.000000	-0.000482	-5.140872
0.001409	0.000481	0.999999	-0.184332
0.000000	0.000000	0.000000	1.000000
191	192	1770
0.999997	-0.002262	-0.000882	-1.208288
0.002262	0.999997	0.000129	-5.524433
0.000882	-0.000131	1.000000	-0.219764
0.000000	0.000000	0.000000	1.000000
192	193	1770
1.000000	0.000593	0.000507	-3.542484
-0.000593	1.000000	-0.000432	-13.718815
-0.000507	0.000432	1.000000	-0.540065
0.000000	0.000000	0.000000	1.000000
193	194	1770
0.999998	-0.000232	0.001877	-3.094693
0.000231	1.000000	0.000181	-7.050408
-0.001877	-0.000180	0.999998	-0.213147
0.000000	0.000000	0.000000	1.000000
194	195	1770
0.999999	-0.000579	-0.001279	-4.135094
0.000580	1.000000	0.000203	-6.759438
0.001278	-0.000203	0.999999	-0.244257
0.000000	0.000000	0.000000	1.000000
195	196	1770
1.000000	-0.000935	-0.000038	-6.284172
0.000935	0.999999	0.000548	-7.433599
0.000038	-0.000548	1.000000	-0.298545
0.000000	0.000000	0.000000	1.000000
196	197	1770
0.999999	0.001010	-0.000456	-9.880458
-0.001009	0.999999	0.000980	-7.260122
0.000457	-0.000980	0.999999	-0.341723
0.000000	0.000000	0.000000	1.000000
197	198	1770
0.999997	0.001544	0.001981	-12.890928
-0.001541	0.999998	-0.001190	-4.188942
-0.001983	0.001187	0.999997	-0.367480
0.000000	0.000000	0.000000	1.000000
198	199	1770
0.999998	-0.001066	-0.001493	-11.793337
0.001067	0.999999	0.000761	-1.806877
0.001492	-0.000763	0.999999	-0.307951
0.000000	0.000000	0.000000	1.000000
199	200	1770
0.999998	-0.000279	-0.001882	-10.623299
0.000279	1.000000	0.000022	-1.566042
0.001882	-0.000022	0.999998	-0.218681
0.000000	0.000000	0.000000	1.000000
200	201	1770
0.999999	0.000378	-0.001251	-14.244912
-0.000375	0.999997	0.002385	-2.612830
0.001252	-0.002385	0.999996	-0.275560
0.000000	0.000000	0.000000	1.000000
201	202	1770
0.999997	-0.001276	-0.002010	-7.927235
0.001275	0.999999	-0.000468	-1.693943
0.002011	0.000465	0.999998	-0.123109
0.000000	0.000000	0.000000	1.000000
202	203	1770
0.999999	-0.000589	-0.001410	-5.837774
0.000590	1.000000	0.000668	-1.353575
0.001410	-0.000669	0.999999	-0.223210
0.000000	0.000000	0.000000	1.000000
203	204	1770
1.000000	-0.000151	0.000987	-5.789577
0.000150	0.999999	0.001290	-1.429294
-0.000987	-0.001290	0.999999	-0.198366
0.000000	0.000000	0.000000	1.000000
204	205	1770
1.000000	-0.000396	0.000274	-7.122524
0.000396	0.999999	-0.001611	-1.774568
-0.000274	0.001611	0.999999	-0.223785
0.000000	0.000000	0.000000	1.000000
205	206	1770
0.999993	0.001149	-0.003646	-8.847980
-0.001138	0.999995	0.002867	-2.477038
0.003649	-0.002863	0.999989	-0.319917
0.000000	0.000000	0.000000	1.000000
206	207	1770
0.999997	-0.000145	0.002416	-17.952367
0.000149	0.999999	-0.001473	-5.108273
-0.002416	0.001474	0.999996	-0.772540
0.000000	0.000000	0.000000	1.000000
207	208	1770
0.999999	0.000954	-0.000789	-12.017457
-0.000954	1.000000	-0.000129	-3.358223
0.000789	0.000129	1.000000	-0.586563
0.000000	0.000000	0.000000	1.000000
208	209	1770
0.999999	0.001345	-0.000081	-6.685208
-0.001345	0.999999	0.000004	-1.757504
0.000081	-0.000004	1.000000	-0.209436
0.000000	0.000000	0.000000	1.000000
209	210	1770
0.999999	0.001422	0.000444	-6.341686
-0.001423	0.999998	0.001035	-1.661718
-0.000443	-0.001036	0.999999	-0.136163
0.000000	0.000000	0.000000	1.000000
210	211	1770
0.999999	-0.000415	0.001340	-7.468333
0.000417	0.999999	-0.001050	-1.980036
-0.001340	0.001050	0.999999	-0.189546
0.000000	0.000000	0.000000	1.000000
211	212	1770
0.999997	-0.000646	0.002250	-9.456661
0.000645	1.000000	0.000613	-2.715393
-0.002250	-0.000611	0.999997	-0.115662
0.000000	0.000000	0.000000	1.000000
212	213	1770
0.999997	-0.000024	0.002353	-13.789993
0.000023	1.000000	0.000375	-3.779054
-0.002353	-0.000375	0.999997	-0.121754
0.000000	0.000000	0.000000	1.000000
213	214	1770
1.000000	-0.000590	-0.000586	-13.593213
0.000592	0.999995	0.003173	-3.527944
0.000584	-0.003173	0.999995	0.004153
0.000000	0.000000	0.000000	1.000000
214	215	1770
0.999999	-0.000259	0.001106	-10.993592
0.000259	1.000000	0.000201	-2.897978
-0.001106	-0.000200	0.999999	0.074003
0.000000	0.000000	0.000000	1.000000
215	216	1770
0.999995	0.003008	0.000039	-9.045015
-0.003008	0.999994	0.001455	-2.533600
-0.000034	-0.001455	0.999999	-0.067761
0.000000	0.000000	0.000000	1.000000
216	217	1770
0.999997	-0.001928	0.001739	-8.976681
0.001931	0.999997	-0.001380	-3.071580
-0.001736	0.001384	0.999998	-0.098432
0.000000	0.000000	0.000000	1.000000
217	218	1770
1.000000	-0.000216	0.000614	-4.981006
0.000217	1.000000	-0.000406	-1.527982
-0.000614	0.000406	1.000000	-0.011034
0.000000	0.000000	0.000000	1.000000
218	219	1770
1.000000	0.000389	-0.000429	-4.933655
-0.000389	0.999999	-0.001007	-1.735962
0.000429	0.001007	0.999999	-0.010062
0.000000	0.000000	0.000000	1.000000
219	220	1770
1.000000	-0.000285	-0.000735	-6.067259
0.000284	1.000000	-0.000710	-2.459778
0.000735	0.000709	0.999999	-0.034027
0.000000	0.000000	0.000000	1.000000
220	221	1770
0.999999	-0.001111	-0.000384	-5.551710
0.001111	0.999999	-0.000561	-2.922503
0.000384	0.000560	1.000000	0.024614
0.000000	0.000000	0.000000	1.000000
221	222	1770
0.999998	-0.001788	0.000646	-10.189508
0.001787	0.999997	0.001660	-8.549871
-0.000649	-0.001659	0.999998	0.078737
0.000000	0.000000	0.000000	1.000000
222	223	1770
1.000000	0.000867	-0.000110	-5.663318
-0.000867	0.999997	-0.002240	-6.042540
0.000108	0.002240	0.999997	0.077283
0.000000	0.000000	0.000000	1.000000
223	224	1770
0.999997	0.002137	0.000774	-8.912818
-0.002135	0.999996	-0.002028	-10.241624
-0.000778	0.002026	0.999998	0.152333
0.000000	0.000000	0.000000	1.000000
224	225	1770
0.999997	0.000763	-0.002109	-2.953909
-0.000756	0.999994	0.003406	-7.313168
0.002112	-0.003404	0.999992	0.033788
0.000000	0.000000	0.000000	1.000000
225	226	1770
0.999998	-0.001980	-0.000295	1.503678
0.001981	0.999993	0.003219	-15.851759
0.000289	-0.003219	0.999995	-0.000191
0.000000	0.000000	0.000000	1.000000
226	227	1770
0.999999	0.000470	0.001307	0.774527
-0.000470	1.000000	0.000096	-5.086813
-0.001307	-0.000097	0.999999	0.064608
0.000000	0.000000	0.000000	1.000000
227	228	1770
0.999997	0.001926	0.001497	1.501414
-0.001926	0.999998	0.000264	-8.873667
-0.001497	-0.000267	0.999999	0.092617
0.000000	0.000000	0.000000	1.000000
228	229	1770
1.000000	-0.000769	0.000327	1.476836
0.000769	1.000000	-0.000133	-6.490079
-0.000327	0.000134	1.000000	0.028654
0.000000	0.000000	0.000000	1.000000
229	230	1770
0.999994	-0.000263	0.003370	1.211692
0.000262	1.000000	0.000470	-5.488696
-0.003371	-0.000469	0.999994	0.080099
0.000000	0.000000	0.000000	1.000000
230	231	1770
0.999993	-0.000577	0.003794	1.374994
0.000581	0.999999	-0.000864	-4.860904
-0.003793	0.000867	0.999992	0.110099
0.000000	0.000000	0.000000	1.000000
231	232	1770
0.999992	-0.001754	-0.003546	3.779014
0.001753	0.999998	-0.000271	-18.749912
0.003547	0.000264	0.999994	0.523251
0.000000	0.000000	0.000000	1.000000
232	233	1770
0.999999	0.000168	0.001692	2.252208
-0.000166	1.000000	-0.000869	-13.020323
-0.001692	0.000868	0.999998	-0.170761
0.000000	0.000000	0.000000	1.000000
233	234	1770
1.000000	0.000602	-0.000032	2.103631
-0.000602	0.999999	-0.001432	-13.933396
0.000031	0.001432	0.999999	-0.097052
0.000000	0.000000	0.000000	1.000000
234	235	1770
1.000000	-0.000268	-0.000126	4.193216
0.000268	1.000000	0.000855	-13.167437
0.000125	-0.000855	1.000000	-0.068765
0.000000	0.000000	0.000000	1.000000
235	236	1770
0.999999	0.000356	0.000943	2.853227
-0.000356	1.000000	0.000115	-3.851755
-0.000943	-0.000116	1.000000	0.005212
0.000000	0.000000	0.000000	1.000000
236	237	1770
0.999999	0.000796	0.000763	2.551456
-0.000798	0.999997	0.002263	-2.450524
-0.000762	-0.002264	0.999997	0.043513
0.000000	0.000000	0.000000	1.000000
237	238	1770
1.000000	-0.000315	-0.000784	2.828615
0.000314	0.999999	-0.001071	-2.413762
0.000784	0.001071	0.999999	0.004993
0.000000	0.000000	0.000000	1.000000
238	239	1770
0.999999	0.000446	0.001331	3.708603
-0.000446	1.000000	-0.000122	-2.655417
-0.001331	0.000121	0.999999	-0.052884
0.000000	0.000000	0.000000	1.000000
239	240	1770
0.999999	-0.001401	0.000978	8.368774
0.001401	0.999999	0.000383	-2.513640
-0.000978	-0.000382	0.999999	-0.002711
0.000000	0.000000	0.000000	1.000000
240	241	1770
0.999998	-0.001865	0.000766	14.385105
0.001865	0.999998	-0.001041	1.744187
-0.000764	0.001042	0.999999	0.076442
0.000000	0.000000	0.000000	1.000000
241	242	1770
0.999999	-0.000363	0.001029	13.802042
0.000364	0.999999	-0.001149	1.051937
-0.001029	0.001149	0.999999	-0.019056
0.000000	0.000000	0.000000	1.000000
242	243	1770
0.999996	0.000469	0.002672	11.449257
-0.000466	0.999999	-0.001342	-0.078997
-0.002673	0.001341	0.999996	-0.024614
0.000000	0.000000	0.000000	1.000000
243	244	1770
0.999999	0.000178	0.001111	9.899310
-0.000174	0.999993	-0.003697	-0.912462
-0.001112	0.003696	0.999993	-0.013287
0.000000	0.000000	0.000000	1.000000
244	245	1770
1.000000	-0.000157	0.000520	9.224530
0.000156	0.999999	0.001249	-1.562551
-0.000520	-0.001249	0.999999	0.021850
0.000000	0.000000	0.000000	1.000000
245	246	1770
0.999998	0.001154	-0.001864	9.670467
-0.001148	0.999995	0.003028	-2.088309
0.001867	-0.003026	0.999994	0.027953
0.000000	0.000000	0.000000	1.000000
246	247	1770
1.000000	0.000080	0.000550	10.013945
-0.000080	1.000000	-0.000265	-2.622958
-0.000550	0.000265	1.000000	-0.014634
0.000000	0.000000	0.000000	1.000000
247	248	1770
0.999999	-0.000210	0.001670	10.309739
0.000212	0.999999	-0.001503	-2.568806
-0.001670	0.001504	0.999997	-0.063709
