0	0	1
0.99520232 -0.00455203 0.09773240 23.56512513
0.00176113 0.99958870 0.02862384 6.67826045
-0.09782250 -0.02831439 0.99480101 -23.49760468
0.00000000 0.00000000 0.00000000 1.00000000
1	1	2
0.99530126 -0.00360163 0.09675962 15.89310232
0.00087959 0.99960304 0.02815990 19.93319773
-0.09682263 -0.02794248 0.99490934 -23.16324292
0.00000000 0.00000000 0.00000000 1.00000000
2	2	3
0.99530658 -0.00433836 0.09667471 11.20004282
0.00168595 0.99962035 0.02750124 30.04266738
-0.09675731 -0.02720917 0.99493602 -22.98705919
0.00000000 0.00000000 0.00000000 1.00000000
3	3	4
0.99534704 -0.00402754 0.09627071 6.68059131
0.00143447 0.99963469 0.02698929 39.09651672
-0.09634425 -0.02672562 0.99498921 -22.84725022
0.00000000 0.00000000 0.00000000 1.00000000
4	4	5
0.99530566 -0.00433871 0.09668416 1.99972176
0.00166152 0.99961342 0.02775338 48.46519397
-0.09676720 -0.02746246 0.99492810 -22.76744871
0.00000000 0.00000000 0.00000000 1.00000000
5	5	6
0.99532434 -0.00442077 0.09648794 -2.44332754
0.00171247 0.99960270 0.02813361 57.25725384
-0.09657398 -0.02783683 0.99493647 -22.73767295
0.00000000 0.00000000 0.00000000 1.00000000
6	6	7
0.99522371 -0.00451499 0.09751604 -6.92574003
0.00184981 0.99962273 0.02740386 66.36625407
-0.09760298 -0.02709258 0.99485660 -22.64107781
0.00000000 0.00000000 0.00000000 1.00000000
7	7	8
0.99536293 -0.00529408 0.09604480 -11.45404977
0.00266548 0.99961890 0.02747620 75.14700954
-0.09615366 -0.02709279 0.99499772 -22.58093631
0.00000000 0.00000000 0.00000000 1.00000000
8	8	9
0.99555329 -0.00399284 0.09411540 -16.07724214
0.00118135 0.99955191 0.02990959 83.79561977
-0.09419265 -0.02966541 0.99511191 -22.43439527
0.00000000 0.00000000 0.00000000 1.00000000
9	9	10
0.99552055 -0.00475331 0.09442584 -20.59321211
0.00199312 0.99956855 0.02930412 92.33467416
-0.09452439 -0.02898465 0.99510051 -22.32671463
0.00000000 0.00000000 0.00000000 1.00000000
10	10	11
0.99565600 -0.00329716 0.09304981 -25.29193933
0.00046887 0.99953768 0.03040088 101.50262620
-0.09310703 -0.03022519 0.99519723 -22.16608855
0.00000000 0.00000000 0.00000000 1.00000000
11	11	12
0.99568767 -0.00181787 0.09275106 -29.86941568
-0.00101320 0.99953526 0.03046703 110.67727073
-0.09276334 -0.03042962 0.99522309 -21.98403795
0.00000000 0.00000000 0.00000000 1.00000000
12	12	13
0.99574922 -0.00085424 0.09210186 -34.90994149
-0.00190462 0.99955220 0.02986245 120.55929117
-0.09208612 -0.02991093 0.99530170 -21.72896396
0.00000000 0.00000000 0.00000000 1.00000000
13	13	14
0.99575555 -0.00079333 0.09203398 -40.19525148
-0.00183305 0.99959356 0.02844901 130.84716015
-0.09201914 -0.02849697 0.99534939 -21.33922417
0.00000000 0.00000000 0.00000000 1.00000000
14	14	15
0.99575079 -0.00111249 0.09208213 -45.59431999
-0.00138638 0.99963261 0.02706900 142.70555122
-0.09207842 -0.02708164 0.99538342 -21.12782270
0.00000000 0.00000000 0.00000000 1.00000000
15	15	16
0.99579996 0.00002344 0.09155571 -48.59156746
-0.00195158 0.99977820 0.02097026 154.26881311
-0.09153491 -0.02106086 0.99557913 -21.41547546
0.00000000 0.00000000 0.00000000 1.00000000
16	16	17
0.99586297 -0.00020995 0.09086748 -48.39386647
-0.00148161 0.99982688 0.01854776 158.25722603
-0.09085564 -0.01860566 0.99569025 -21.57581443
0.00000000 0.00000000 0.00000000 1.00000000
17	17	18
0.99587180 -0.00078874 0.09076748 -47.52515730
-0.00086952 0.99983347 0.01822830 161.73370777
-0.09076674 -0.01823198 0.99570527 -21.83064864
0.00000000 0.00000000 0.00000000 1.00000000
18	18	19
0.99584173 -0.00135031 0.09109021 -45.88447406
-0.00034347 0.99982739 0.01857627 165.64933726
-0.09109957 -0.01853031 0.99566937 -22.12835983
0.00000000 0.00000000 0.00000000 1.00000000
19	19	20
0.99575121 -0.00208896 0.09206066 -43.33863129
0.00026703 0.99980396 0.01979847 170.71824554
-0.09208397 -0.01968977 0.99555656 -22.56870055
0.00000000 0.00000000 0.00000000 1.00000000
20	20	21
0.99558747 -0.00093590 0.09383349 -36.76695789
-0.00109111 0.99976721 0.02154854 178.17638506
-0.09383181 -0.02155584 0.99535468 -23.83360137
0.00000000 0.00000000 0.00000000 1.00000000
21	21	22
0.99556733 -0.00135674 0.09404170 -22.61505389
-0.00077884 0.99974273 0.02266846 185.67336527
-0.09404826 -0.02264122 0.99531015 -25.67257657
0.00000000 0.00000000 0.00000000 1.00000000
22	22	23
0.99562102 0.00097073 0.09347640 -12.79820663
-0.00315061 0.99972645 0.02317542 189.68383238
-0.09342833 -0.02336845 0.99535173 -26.89552931
0.00000000 0.00000000 0.00000000 1.00000000
23	23	24
0.99574831 0.00242808 0.09208365 -3.63924499
-0.00459779 0.99971660 0.02335761 193.03162283
-0.09200084 -0.02368168 0.99547728 -27.87766512
0.00000000 0.00000000 0.00000000 1.00000000
24	24	25
0.99580605 0.00435914 0.09138555 5.62366377
-0.00658983 0.99968730 0.02412212 196.56170116
-0.09125182 -0.02462317 0.99552338 -28.98656683
0.00000000 0.00000000 0.00000000 1.00000000
25	25	26
0.99585431 0.00598329 0.09076557 15.61772780
-0.00822761 0.99966909 0.02437257 200.19354507
-0.09058971 -0.02501831 0.99557400 -30.14134879
0.00000000 0.00000000 0.00000000 1.00000000
26	26	27
0.99584596 0.00732763 0.09075859 25.42660882
-0.00963092 0.99964190 0.02496630 203.83692745
-0.09054315 -0.02573668 0.99555992 -31.22288768
0.00000000 0.00000000 0.00000000 1.00000000
27	27	28
0.99578220 0.00796451 0.09140226 35.14341038
-0.01026908 0.99964041 0.02477094 207.41879770
-0.09117211 -0.02560508 0.99550592 -32.27452264
0.00000000 0.00000000 0.00000000 1.00000000
28	28	29
0.99568259 0.00843000 0.09243984 44.48184350
-0.01081068 0.99962187 0.02528337 210.92762592
-0.09219175 -0.02617355 0.99539722 -33.29498112
0.00000000 0.00000000 0.00000000 1.00000000
29	29	30
0.99550866 0.00806226 0.09432663 54.42948902
-0.01054994 0.99960876 0.02590417 214.53557745
-0.09408088 -0.02678296 0.99520423 -34.36087392
0.00000000 0.00000000 0.00000000 1.00000000
30	30	31
0.99539817 0.00565635 0.09565824 64.65032925
-0.00814363 0.99963829 0.02563132 218.22561740
-0.09547865 -0.02629238 0.99508419 -35.33670653
0.00000000 0.00000000 0.00000000 1.00000000
31	31	32
0.99522865 0.00352564 0.09750647 75.78427772
-0.00602279 0.99966106 0.02532763 221.80487193
-0.09738412 -0.02579405 0.99491256 -36.27905624
0.00000000 0.00000000 0.00000000 1.00000000
32	32	33
0.99510203 0.00207350 0.09883145 83.93828503
-0.00458569 0.99967195 0.02519859 222.83169888
-0.09874677 -0.02552838 0.99478509 -36.69909983
0.00000000 0.00000000 0.00000000 1.00000000
33	33	34
0.99489572 0.00073932 0.10090569 88.60770318
-0.00313891 0.99971599 0.02362389 221.90844989
-0.10085957 -0.02382004 0.99461548 -36.91859265
0.00000000 0.00000000 0.00000000 1.00000000
34	34	35
0.99469546 0.00000826 0.10286368 92.67630130
-0.00240908 0.99972758 0.02321560 220.21187808
-0.10283546 -0.02334026 0.99442451 -37.14753165
0.00000000 0.00000000 0.00000000 1.00000000
35	35	36
0.99488150 -0.00284597 0.10100842 97.37941918
0.00044155 0.99971620 0.02381856 217.64848187
-0.10104754 -0.02365204 0.99460041 -37.42518840
0.00000000 0.00000000 0.00000000 1.00000000
36	36	37
0.99485181 -0.00306631 0.10129399 103.20627019
0.00051246 0.99968157 0.02522872 213.59888769
-0.10133910 -0.02504693 0.99453659 -37.76924478
0.00000000 0.00000000 0.00000000 1.00000000
37	37	38
0.99492513 0.00252132 0.10058644 111.52633149
-0.00525560 0.99962357 0.02692768 203.08122619
-0.10048069 -0.02731966 0.99456386 -37.91261369
0.00000000 0.00000000 0.00000000 1.00000000
38	38	39
0.99493932 0.00869452 0.10010077 113.69111667
-0.01147197 0.99956406 0.02720435 192.23342754
-0.09982060 -0.02821503 0.99460533 -37.81659407
0.00000000 0.00000000 0.00000000 1.00000000
39	39	40
0.99491902 0.01322707 0.09980571 114.81855219
-0.01595099 0.99952038 0.02654374 183.05627836
-0.09940675 -0.02800087 0.99465283 -37.65905033
0.00000000 0.00000000 0.00000000 1.00000000
40	40	41
0.99484140 0.01637059 0.10011287 115.94779227
-0.01901506 0.99949350 0.02551787 174.16384341
-0.09964442 -0.02728989 0.99464881 -37.47479915
0.00000000 0.00000000 0.00000000 1.00000000
41	41	42
0.99471198 0.02057108 0.10062263 117.27690783
-0.02314561 0.99943220 0.02448568 164.15761519
-0.10006180 -0.02668517 0.99462331 -37.21237882
0.00000000 0.00000000 0.00000000 1.00000000
42	42	43
0.99463040 0.02289534 0.10092658 118.86500150
-0.02545720 0.99938371 0.02416877 153.13010888
-0.10031102 -0.02660830 0.99460027 -36.90291851
0.00000000 0.00000000 0.00000000 1.00000000
43	43	44
0.99456460 0.02515872 0.10103613 120.10073614
-0.02768404 0.99933644 0.02367016 142.56341945
-0.10037358 -0.02633859 0.99460114 -36.67621635
0.00000000 0.00000000 0.00000000 1.00000000
44	44	45
0.99450416 0.02768682 0.10096990 121.40831094
-0.03027666 0.99924837 0.02420784 131.46864990
-0.10022377 -0.02713183 0.99459492 -36.49937557
0.00000000 0.00000000 0.00000000 1.00000000
45	45	46
0.99446855 0.02960155 0.10077722 122.62706349
-0.03252235 0.99909360 0.02746389 120.43346624
-0.09987290 -0.03058949 0.99452988 -36.26980071
0.00000000 0.00000000 0.00000000 1.00000000
46	46	47
0.99444167 0.03151881 0.10046059 123.67413393
-0.03464940 0.99896195 0.02957092 109.67289000
-0.09942427 -0.03288745 0.99450150 -35.88661331
0.00000000 0.00000000 0.00000000 1.00000000
47	47	48
0.99439337 0.03403101 0.10011854 125.12939533
-0.03742405 0.99878026 0.03220916 97.88275924
-0.09890031 -0.03577541 0.99445405 -35.40780750
0.00000000 0.00000000 0.00000000 1.00000000
48	48	49
0.99416532 0.03785162 0.10100775 128.36149637
-0.04173033 0.99845954 0.03656687 80.08369823
-0.09946803 -0.04056860 0.99421341 -35.07409220
0.00000000 0.00000000 0.00000000 1.00000000
49	49	50
0.99375694 0.03849862 0.10471391 129.65177297
-0.04308332 0.99819337 0.04187877 72.41979553
-0.10291246 -0.04612874 0.99362023 -35.07681406
0.00000000 0.00000000 0.00000000 1.00000000
50	50	51
0.99371568 0.03860490 0.10506574 130.51099510
-0.04358226 0.99801334 0.04549688 65.98847404
-0.10310061 -0.04978997 0.99342399 -34.92978454
0.00000000 0.00000000 0.00000000 1.00000000
51	51	52
0.99368873 0.03716158 0.10583821 131.24273824
-0.04251299 0.99790523 0.04876260 60.06484461
-0.10380441 -0.05295435 0.99318703 -34.82892379
0.00000000 0.00000000 0.00000000 1.00000000
52	52	53
0.99374268 0.03563089 0.10585802 132.12931068
-0.04109907 0.99790669 0.04993096 54.98066014
-0.10385734 -0.05396920 0.99312687 -34.79562999
0.00000000 0.00000000 0.00000000 1.00000000
53	53	54
0.99381488 0.03417633 0.10565964 133.08083735
-0.03959320 0.99798400 0.04960152 49.27018393
-0.10375143 -0.05347813 0.99316450 -34.70646384
0.00000000 0.00000000 0.00000000 1.00000000
54	54	55
0.99394710 0.03098207 0.10540051 134.40347198
-0.03634014 0.99812268 0.04930029 37.19117428
-0.10367522 -0.05283215 0.99320703 -34.43158229
0.00000000 0.00000000 0.00000000 1.00000000
55	55	56
0.99407202 0.02667843 0.10539964 135.48714834
-0.03187852 0.99834022 0.04796411 25.90397805
-0.10394509 -0.05103977 0.99327255 -33.87526480
0.00000000 0.00000000 0.00000000 1.00000000
56	56	57
0.99418247 0.01894319 0.10603005 136.90658561
-0.02419172 0.99853332 0.04843511 14.61801103
-0.10495703 -0.05071839 0.99318260 -33.42734938
0.00000000 0.00000000 0.00000000 1.00000000
57	57	58
0.99403975 0.01196217 0.10835993 138.48604362
-0.01740721 0.99862520 0.04944385 2.67259018
-0.10761950 -0.05103540 0.99288138 -32.85436241
0.00000000 0.00000000 0.00000000 1.00000000
58	58	59
0.99406729 0.00590081 0.10860663 139.34599240
-0.01121282 0.99876679 0.04836506 -7.86621717
-0.10818730 -0.04929591 0.99290756 -32.29370081
0.00000000 0.00000000 0.00000000 1.00000000
59	59	60
0.99407821 0.00201317 0.10864834 140.14635658
-0.00740737 0.99875815 0.04926753 -18.29421846
-0.10841423 -0.04978057 0.99285862 -31.89368175
0.00000000 0.00000000 0.00000000 1.00000000
60	60	61
0.99410346 0.00038295 0.10843505 140.62435004
-0.00574100 0.99877714 0.04910463 -28.56529051
-0.10828365 -0.04943761 0.99289001 -31.54522510
0.00000000 0.00000000 0.00000000 1.00000000
61	61	62
0.99409121 -0.00128541 0.10854040 141.68508531
-0.00408511 0.99877849 0.04924262 -38.54677698
-0.10847111 -0.04939506 0.99287167 -31.08520135
0.00000000 0.00000000 0.00000000 1.00000000
62	62	63
0.99406939 -0.00217142 0.10872598 142.71011439
-0.00321386 0.99877731 0.04933107 -49.05787387
-0.10870016 -0.04938793 0.99284697 -30.56906796
0.00000000 0.00000000 0.00000000 1.00000000
63	63	64
0.99410066 -0.00291744 0.10842213 143.92006896
-0.00231588 0.99883932 0.04811077 -59.62103798
-0.10843664 -0.04807804 0.99294008 -30.11181732
0.00000000 0.00000000 0.00000000 1.00000000
64	64	65
0.99404580 -0.00363399 0.10890245 144.73023567
-0.00151564 0.99888589 0.04716659 -69.64422197
-0.10895252 -0.04705080 0.99293281 -29.86487193
0.00000000 0.00000000 0.00000000 1.00000000
65	65	66
0.99411816 -0.00421887 0.10821869 145.58901026
-0.00088303 0.99889199 0.04705321 -79.57452988
-0.10829729 -0.04687201 0.99301295 -29.52872229
0.00000000 0.00000000 0.00000000 1.00000000
66	66	67
0.99410417 -0.00525157 0.10830203 147.00006045
0.00027267 0.99894435 0.04593605 -89.35864389
-0.10842893 -0.04563569 0.99305617 -29.07239043
0.00000000 0.00000000 0.00000000 1.00000000
67	67	68
0.99412935 -0.00604500 0.10802916 147.80347756
0.00118030 0.99898455 0.04503868 -98.92937265
-0.10819172 -0.04464677 0.99312699 -28.75071691
0.00000000 0.00000000 0.00000000 1.00000000
68	68	69
0.99408310 -0.00750429 0.10836270 148.80442047
0.00295293 0.99910901 0.04210069 -109.35477181
-0.10858209 -0.04153160 0.99321954 -28.48369521
0.00000000 0.00000000 0.00000000 1.00000000
69	69	70
0.99411612 -0.00808550 0.10801743 149.79950040
0.00381588 0.99920533 0.03967548 -119.81062976
-0.10825239 -0.03902985 0.99335698 -28.24624182
0.00000000 0.00000000 0.00000000 1.00000000
70	70	71
0.99410140 -0.00882639 0.10809484 151.14201042
0.00468916 0.99924881 0.03846857 -129.41932536
-0.10835317 -0.03773478 0.99339603 -27.84517333
0.00000000 0.00000000 0.00000000 1.00000000
71	71	72
0.99410898 -0.00988604 0.10793331 152.50347996
0.00590005 0.99929090 0.03718715 -139.33333042
-0.10822441 -0.03633126 0.99346239 -27.51272263
0.00000000 0.00000000 0.00000000 1.00000000
72	72	73
0.99409244 -0.01122712 0.10795453 153.78136294
0.00739947 0.99933188 0.03579153 -149.84432558
-0.10828424 -0.03478128 0.99351134 -27.25255115
0.00000000 0.00000000 0.00000000 1.00000000
73	73	74
0.99410750 -0.01273246 0.10764837 155.50184536
0.00886281 0.99929984 0.03634947 -159.85996497
-0.10803582 -0.03518122 0.99352430 -27.02251990
0.00000000 0.00000000 0.00000000 1.00000000
74	74	75
0.99409006 -0.01566086 0.10742298 157.43247763
0.01148637 0.99915870 0.03936957 -170.54883064
-0.10794916 -0.03790300 0.99343361 -26.81464840
0.00000000 0.00000000 0.00000000 1.00000000
75	75	76
0.99399699 -0.01660688 0.10813969 159.09231613
0.01239221 0.99914152 0.03953040 -181.28024694
-0.10870333 -0.03795301 0.99334946 -26.55620909
0.00000000 0.00000000 0.00000000 1.00000000
76	76	77
0.99388252 -0.01751340 0.10904500 160.63589926
0.01315094 0.99908903 0.04059758 -191.94280075
-0.10965667 -0.03891518 0.99320744 -26.29598049
0.00000000 0.00000000 0.00000000 1.00000000
77	77	78
0.99381772 -0.01845026 0.10948027 162.67708142
0.01407889 0.99907759 0.04056796 -208.26709981
-0.11012777 -0.03877580 0.99316077 -25.84483062
0.00000000 0.00000000 0.00000000 1.00000000
78	78	79
0.99366387 -0.02036461 0.11053236 163.85958708
0.01589294 0.99902504 0.04118714 -219.10648183
-0.11126336 -0.03916949 0.99301874 -25.50460299
0.00000000 0.00000000 0.00000000 1.00000000
79	79	80
0.99353150 -0.02277315 0.11124990 164.21231239
0.01813246 0.99892981 0.04254930 -224.43043955
-0.11209982 -0.04025684 0.99288117 -25.26804567
0.00000000 0.00000000 0.00000000 1.00000000
80	80	81
0.99343345 -0.02364127 0.11194225 164.42833992
0.01886018 0.99887197 0.04357850 -229.24277858
-0.11284622 -0.04118109 0.99275871 -25.07362441
0.00000000 0.00000000 0.00000000 1.00000000
81	81	82
0.99347253 -0.02434320 0.11144385 164.68939111
0.01955996 0.99884818 0.04381468 -233.85205671
-0.11238208 -0.04134884 0.99280438 -24.89544507
0.00000000 0.00000000 0.00000000 1.00000000
82	82	83
0.99348388 -0.02492106 0.11121474 164.92439285
0.02010226 0.99881858 0.04424177 -238.48152347
-0.11218590 -0.04171782 0.99281113 -24.71976356
0.00000000 0.00000000 0.00000000 1.00000000
83	83	84
0.99351067 -0.02525008 0.11090080 165.25051936
0.02039078 0.99879079 0.04473449 -247.02882582
-0.11189625 -0.04218284 0.99282417 -24.39788382
0.00000000 0.00000000 0.00000000 1.00000000
84	84	85
0.99354167 -0.02540112 0.11058811 165.82963300
0.02050288 0.99876723 0.04520687 -264.26459981
-0.11160008 -0.04264754 0.99283765 -23.69555149
0.00000000 0.00000000 0.00000000 1.00000000
85	85	86
0.99359902 -0.02547630 0.11005428 166.33830395
0.02069076 0.99879915 0.04440891 -276.63007889
-0.11105350 -0.04184754 0.99293298 -23.32450895
0.00000000 0.00000000 0.00000000 1.00000000
86	86	87
0.99363378 -0.02584434 0.10965388 166.60550339
0.02113997 0.99881444 0.04384992 -288.24542962
-0.11065715 -0.04125268 0.99300212 -22.86357239
0.00000000 0.00000000 0.00000000 1.00000000
87	87	88
0.99375382 -0.02580818 0.10856929 166.38192002
0.02117107 0.99882257 0.04364923 -298.81098588
-0.10956797 -0.04107806 0.99313013 -22.30744776
0.00000000 0.00000000 0.00000000 1.00000000
88	88	89
0.99376102 -0.02713248 0.10817978 166.18190961
0.02264181 0.99883878 0.04252578 -308.91571635
-0.10920799 -0.03981107 0.99322137 -21.76872033
0.00000000 0.00000000 0.00000000 1.00000000
89	89	90
0.99380666 -0.02798945 0.10754024 165.96181340
0.02343922 0.99878514 0.04334560 -319.32439075
-0.10862282 -0.04055648 0.99325538 -20.93950298
0.00000000 0.00000000 0.00000000 1.00000000
90	90	91
0.99380898 -0.02822932 0.10745608 165.56077281
0.02364354 0.99876429 0.04371348 -330.00347425
-0.10855729 -0.04090221 0.99324837 -20.18347126
0.00000000 0.00000000 0.00000000 1.00000000
91	91	92
0.99379450 -0.02819602 0.10759864 165.27634290
0.02362902 0.99877455 0.04348641 -339.90429621
-0.10869293 -0.04067410 0.99324290 -19.65049733
0.00000000 0.00000000 0.00000000 1.00000000
92	92	93
0.99378182 -0.02800364 0.10776590 165.46983046
0.02350661 0.99880811 0.04277621 -349.88546865
-0.10883534 -0.03997701 0.99325561 -19.14987059
0.00000000 0.00000000 0.00000000 1.00000000
93	93	94
0.99376893 -0.02782680 0.10793047 166.57193969
0.02336893 0.99882948 0.04235053 -360.26182479
-0.10898261 -0.03956442 0.99325598 -18.71674599
0.00000000 0.00000000 0.00000000 1.00000000
94	94	95
0.99373627 -0.02762685 0.10828200 167.93566685
0.02322587 0.99886033 0.04169652 -369.91343282
-0.10931054 -0.03892040 0.99324539 -18.37774604
0.00000000 0.00000000 0.00000000 1.00000000
95	95	96
0.99376441 -0.02652581 0.10829899 169.49560642
0.02227295 0.99893966 0.04029240 -380.11897939
-0.10925294 -0.03762901 0.99330149 -18.26174186
0.00000000 0.00000000 0.00000000 1.00000000
96	96	97
0.99397572 -0.02522401 0.10665837 171.86839454
0.02121464 0.99903107 0.03855986 -390.98130946
-0.10752766 -0.03606485 0.99354775 -18.09484270
0.00000000 0.00000000 0.00000000 1.00000000
97	97	98
0.99402424 -0.02439834 0.10639800 174.35455753
0.02057003 0.99910607 0.03693136 -401.16411868
-0.10720395 -0.03452206 0.99363753 -17.91540117
0.00000000 0.00000000 0.00000000 1.00000000
98	98	99
0.99405853 -0.02420645 0.10612107 176.40215063
0.02052401 0.99915334 0.03565630 -412.24397130
-0.10689434 -0.03326642 0.99371371 -17.76657196
0.00000000 0.00000000 0.00000000 1.00000000
99	99	100
0.99412828 -0.02393571 0.10552744 176.54811570
0.02068310 0.99927991 0.03180994 -429.54454280
-0.10621284 -0.02944052 0.99390748 -17.29873490
0.00000000 0.00000000 0.00000000 1.00000000
100	100	101
0.99410475 -0.02380762 0.10577782 174.51448173
0.02058516 0.99929324 0.03145256 -434.74796556
-0.10645187 -0.02908969 0.99389224 -17.14822421
0.00000000 0.00000000 0.00000000 1.00000000
101	101	102
0.99430220 -0.02270859 0.10415108 172.66799409
0.01961754 0.99933894 0.03060762 -438.58738324
-0.10477728 -0.02839004 0.99409040 -17.01687362
0.00000000 0.00000000 0.00000000 1.00000000
102	102	103
0.99441988 -0.02245306 0.10307751 170.69492898
0.01940360 0.99934665 0.03049225 -442.02614252
-0.10369480 -0.02832203 0.99420584 -16.79759263
0.00000000 0.00000000 0.00000000 1.00000000
103	103	104
0.99438499 -0.02148633 0.10361864 167.74167770
0.01836450 0.99935101 0.03098866 -445.93833081
-0.10421722 -0.02891175 0.99413424 -16.47803484
0.00000000 0.00000000 0.00000000 1.00000000
104	104	105
0.99429027 -0.02036156 0.10474857 163.46434265
0.01720020 0.99937151 0.03099582 -449.13148006
-0.10531386 -0.02901715 0.99401559 -16.03116707
0.00000000 0.00000000 0.00000000 1.00000000
105	105	106
0.99450881 -0.01776690 0.10313371 150.57354828
0.01473460 0.99943860 0.03008942 -455.69527403
-0.10361041 -0.02840456 0.99421228 -14.93078351
0.00000000 0.00000000 0.00000000 1.00000000
106	106	107
0.99475580 -0.01324922 0.10141670 138.96967743
0.01006803 0.99944305 0.03181538 -461.26331223
-0.10178174 -0.03062747 0.99433517 -13.60501413
0.00000000 0.00000000 0.00000000 1.00000000
107	107	108
0.99512406 -0.00963087 0.09815985 127.73643910
0.00639430 0.99942715 0.03323389 -465.87246231
-0.09842369 -0.03244418 0.99461558 -12.24778937
0.00000000 0.00000000 0.00000000 1.00000000
108	108	109
0.99527602 -0.00695308 0.09683645 117.81490909
0.00379638 0.99945655 0.03274436 -469.72522632
-0.09701150 -0.03222205 0.99476153 -11.16236079
0.00000000 0.00000000 0.00000000 1.00000000
109	109	110
0.99478550 -0.00441941 0.10189350 107.53313986
0.00180944 0.99966824 0.02569294 -473.65415672
-0.10197325 -0.02537460 0.99446347 -10.10574362
0.00000000 0.00000000 0.00000000 1.00000000
110	110	111
0.99487812 -0.00319302 0.10103133 98.26203420
0.00073511 0.99970308 0.02435608 -477.06291779
-0.10107911 -0.02415706 0.99458506 -9.15246115
0.00000000 0.00000000 0.00000000 1.00000000
111	111	112
0.99480395 -0.00303936 0.10176372 88.82376477
0.00084705 0.99976678 0.02157937 -480.67141499
-0.10180558 -0.02138105 0.99457452 -8.16996271
0.00000000 0.00000000 0.00000000 1.00000000
112	112	113
0.99484437 -0.00446346 0.10131510 79.37744122
0.00216547 0.99973815 0.02278024 -484.42997141
-0.10139025 -0.02244340 0.99459354 -7.08249047
0.00000000 0.00000000 0.00000000 1.00000000
113	113	114
0.99490779 -0.00716752 0.10053414 67.37181249
0.00487902 0.99972377 0.02299093 -489.31312667
-0.10067116 -0.02238335 0.99466794 -5.54231393
0.00000000 0.00000000 0.00000000 1.00000000
114	114	115
0.99516272 -0.00774225 0.09793477 62.24380744
0.00550975 0.99971923 0.02304580 -490.07928604
-0.09808570 -0.02239472 0.99492596 -4.91226954
0.00000000 0.00000000 0.00000000 1.00000000
115	115	116
0.99518000 -0.00940638 0.09761296 58.43389988
0.00733967 0.99974169 0.02151004 -489.64468844
-0.09779007 -0.02068992 0.99499197 -4.48429960
0.00000000 0.00000000 0.00000000 1.00000000
116	116	117
0.99507567 -0.01192421 0.09839834 54.37254939
0.00985696 0.99972093 0.02146848 -488.63816029
-0.09862688 -0.02039285 0.99491551 -4.03074597
0.00000000 0.00000000 0.00000000 1.00000000
117	117	118
0.99509963 -0.01286388 0.09803701 49.25838540
0.01090568 0.99973070 0.02048387 -487.08396802
-0.09827411 -0.01931433 0.99497194 -3.48634622
0.00000000 0.00000000 0.00000000 1.00000000
118	118	119
0.99482640 -0.01603570 0.10031598 42.13916529
0.01365909 0.99961058 0.02433339 -484.39169817
-0.10066711 -0.02283727 0.99465803 -2.69776960
0.00000000 0.00000000 0.00000000 1.00000000
119	119	120
0.99428066 -0.02600674 0.10358385 31.77824112
0.02364823 0.99943383 0.02393269 -470.98146935
-0.10414762 -0.02134624 0.99433275 -1.83586867
0.00000000 0.00000000 0.00000000 1.00000000
120	120	121
0.99400709 -0.02874160 0.10546952 28.02741371
0.02619795 0.99933341 0.02542434 -459.70908044
-0.10612995 -0.02250889 0.99409747 -1.76980979
0.00000000 0.00000000 0.00000000 1.00000000
121	121	122
0.99410686 -0.03055099 0.10401051 24.69844256
0.02818699 0.99931154 0.02412327 -449.30515774
-0.10467589 -0.02104937 0.99428360 -1.69821253
0.00000000 0.00000000 0.00000000 1.00000000
122	122	123
0.99401662 -0.03316739 0.10407149 21.15071586
0.03118951 0.99930169 0.02057563 -438.50030503
-0.10468125 -0.01720657 0.99435696 -1.63740429
0.00000000 0.00000000 0.00000000 1.00000000
123	123	124
0.99439373 -0.03489455 0.09981720 17.13633109
0.03306692 0.99925488 0.01990647 -426.37108857
-0.10043745 -0.01649422 0.99480664 -1.59313204
0.00000000 0.00000000 0.00000000 1.00000000
124	124	125
0.99449560 -0.03586104 0.09845045 15.89441709
0.03431128 0.99925988 0.01739029 -417.96577976
-0.09900122 -0.01391660 0.99498999 -1.70085724
0.00000000 0.00000000 0.00000000 1.00000000
125	125	126
0.99462115 -0.03642023 0.09696568 16.21459399
0.03509195 0.99926590 0.01536933 -412.03998601
-0.09745425 -0.01188395 0.99516905 -1.80885027
0.00000000 0.00000000 0.00000000 1.00000000
126	126	127
0.99454580 -0.03774444 0.09723172 17.67014864
0.03653990 0.99923215 0.01413998 -405.35218905
-0.09769077 -0.01051002 0.99516132 -2.05201096
0.00000000 0.00000000 0.00000000 1.00000000
127	127	128
0.99463768 -0.03890360 0.09582480 20.48982529
0.03793840 0.99920952 0.01187459 -397.65218658
-0.09621102 -0.00817548 0.99532738 -2.41191812
0.00000000 0.00000000 0.00000000 1.00000000
128	128	129
0.99457715 -0.04092410 0.09561121 23.65330908
0.04035923 0.99915451 0.00783523 -390.70418063
-0.09585103 -0.00393395 0.99538792 -2.85906096
0.00000000 0.00000000 0.00000000 1.00000000
129	129	130
0.99451995 -0.04279058 0.09538889 25.81407891
0.04246229 0.99908310 0.00546980 -384.69694394
-0.09553548 -0.00138939 0.99542506 -3.16222904
0.00000000 0.00000000 0.00000000 1.00000000
130	130	131
0.99450471 -0.04356932 0.09519506 27.40492795
0.04326248 0.99904976 0.00528575 -378.53312233
-0.09533490 -0.00113833 0.99544460 -3.38976778
0.00000000 0.00000000 0.00000000 1.00000000
131	131	132
0.99451459 -0.04344645 0.09514793 28.13916233
0.04310427 0.99905461 0.00564957 -371.76801669
-0.09530343 -0.00151730 0.99544711 -3.53517289
0.00000000 0.00000000 0.00000000 1.00000000
132	132	133
0.99453898 -0.04344736 0.09489226 26.65914074
0.04313993 0.99905504 0.00528980 -367.50617797
-0.09503242 -0.00116727 0.99547349 -3.46073908
0.00000000 0.00000000 0.00000000 1.00000000
133	133	134
0.99454597 -0.04254853 0.09522567 23.60545215
0.04211315 0.99909119 0.00657804 -367.00022854
-0.09541901 -0.00253191 0.99543398 -3.21301929
0.00000000 0.00000000 0.00000000 1.00000000
134	134	135
0.99455762 -0.04034711 0.09605858 20.64552391
0.03983809 0.99918012 0.00721182 -366.66742959
-0.09627080 -0.00334578 0.99534956 -2.95744783
0.00000000 0.00000000 0.00000000 1.00000000
135	135	136
0.99462622 -0.03890576 0.09594277 17.70545174
0.03835823 0.99923557 0.00754529 -367.29923585
-0.09616298 -0.00382455 0.99535825 -2.70184207
0.00000000 0.00000000 0.00000000 1.00000000
136	136	137
0.99464980 -0.03894993 0.09568005 15.15713062
0.03839107 0.99923331 0.00767554 -369.06386296
-0.09590565 -0.00396122 0.99538255 -2.45311521
0.00000000 0.00000000 0.00000000 1.00000000
137	137	138
0.99464052 -0.03959455 0.09551181 13.45186207
0.03901177 0.99920703 0.00796200 -371.49049083
-0.09575133 -0.00419324 0.99539645 -2.27957756
0.00000000 0.00000000 0.00000000 1.00000000
138	138	139
0.99468698 -0.03868412 0.09540101 12.43230435
0.03807476 0.99924125 0.00820014 -374.25164030
-0.09564584 -0.00452420 0.99540515 -2.16506712
0.00000000 0.00000000 0.00000000 1.00000000
139	139	140
0.99469771 -0.03917620 0.09508776 11.88732216
0.03855282 0.99922138 0.00838480 -377.27214583
-0.09534221 -0.00467444 0.99543358 -2.09988457
0.00000000 0.00000000 0.00000000 1.00000000
140	140	141
0.99871067 -0.01926438 0.04696680 -10.86449393
0.01813563 0.99953918 0.02434187 -367.84159942
-0.04741409 -0.02345872 0.99859982 -0.92540512
0.00000000 0.00000000 0.00000000 1.00000000
141	141	142
0.99886345 -0.01709937 0.04449073 -9.24824136
0.01598924 0.99955482 0.02518948 -381.42545965
-0.04490165 -0.02444948 0.99869218 -0.96727690
0.00000000 0.00000000 0.00000000 1.00000000
142	142	143
0.99908316 -0.01600749 0.03970634 -4.24813699
0.01505406 0.99959388 0.02419589 -391.11017957
-0.04007753 -0.02357597 0.99891840 -1.16474652
0.00000000 0.00000000 0.00000000 1.00000000
143	143	144
0.99915664 -0.01755217 0.03712053 0.27173010
0.01672310 0.99960633 0.02252832 -398.96047498
-0.03750133 -0.02188855 0.99905683 -1.29973475
0.00000000 0.00000000 0.00000000 1.00000000
144	144	145
0.99912654 -0.01985863 0.03676662 4.77829933
0.01915969 0.99963080 0.01926600 -406.54584713
-0.03713564 -0.01854473 0.99913815 -1.41345533
0.00000000 0.00000000 0.00000000 1.00000000
145	145	146
0.99913123 -0.02123571 0.03585846 9.51060682
0.02078749 0.99970163 0.01282663 -414.44416345
-0.03612014 -0.01207008 0.99927456 -1.62054147
0.00000000 0.00000000 0.00000000 1.00000000
146	146	147
0.99915052 -0.02359857 0.03378391 14.27673537
0.02328259 0.99968171 0.00971628 -423.46947987
-0.03400244 -0.00892145 0.99938193 -1.75420452
0.00000000 0.00000000 0.00000000 1.00000000
147	147	148
0.99903412 -0.02854014 0.03341090 18.77105437
0.02835293 0.99957958 0.00606405 -433.91307487
-0.03356992 -0.00511090 0.99942330 -1.66016981
0.00000000 0.00000000 0.00000000 1.00000000
148	148	149
0.99899370 -0.03126226 0.03216003 22.57902210
0.03117191 0.99950857 0.00330702 -444.88975955
-0.03224761 -0.00230120 0.99947726 -1.64949245
0.00000000 0.00000000 0.00000000 1.00000000
149	149	150
0.99888099 -0.03420219 0.03266473 25.80548054
0.03419797 0.99941484 0.00068804 -454.30923792
-0.03266915 0.00042979 0.99946613 -1.66035533
0.00000000 0.00000000 0.00000000 1.00000000
150	150	151
0.99874558 -0.03840948 0.03212454 28.94292967
0.03844559 0.99926057 -0.00050714 -463.70783338
-0.03208131 0.00174155 0.99948375 -1.66500679
0.00000000 0.00000000 0.00000000 1.00000000
151	151	152
0.99855199 -0.04322147 0.03202864 31.81920581
0.04328854 0.99906163 -0.00140336 -472.83068905
-0.03193793 0.00278780 0.99948597 -1.72153319
0.00000000 0.00000000 0.00000000 1.00000000
152	152	153
0.99841412 -0.04619764 0.03217171 35.05493132
0.04628700 0.99892610 -0.00203813 -482.75956866
-0.03204301 0.00352403 0.99948028 -1.74545212
0.00000000 0.00000000 0.00000000 1.00000000
153	153	154
0.99838479 -0.04701607 0.03189512 38.03325878
0.04709597 0.99888882 -0.00175790 -492.17337468
-0.03177703 0.00325720 0.99948968 -1.80051037
0.00000000 0.00000000 0.00000000 1.00000000
154	154	155
0.99826591 -0.04854648 0.03329281 41.26903862
0.04866317 0.99881159 -0.00270308 -502.08829033
-0.03312202 0.00431853 0.99944199 -1.87336416
0.00000000 0.00000000 0.00000000 1.00000000
155	155	156
0.99820254 -0.05013329 0.03283800 44.51473596
0.05033081 0.99871898 -0.00521563 -511.77709445
-0.03253446 0.00685901 0.99944708 -1.95169818
0.00000000 0.00000000 0.00000000 1.00000000
156	156	157
0.99819285 -0.05070193 0.03225452 47.81405097
0.05091574 0.99868587 -0.00584189 -521.26650562
-0.03191594 0.00747359 0.99946261 -2.03692780
0.00000000 0.00000000 0.00000000 1.00000000
157	157	158
0.99817811 -0.05180471 0.03093102 51.22210915
0.05207995 0.99860958 -0.00815951 -530.49332379
-0.03046531 0.00975553 0.99948822 -2.05715467
0.00000000 0.00000000 0.00000000 1.00000000
158	158	159
0.99817169 -0.05156222 0.03153749 54.77811419
0.05181334 0.99863085 -0.00719737 -540.51730488
-0.03112319 0.00881827 0.99947666 -2.18722274
0.00000000 0.00000000 0.00000000 1.00000000
159	159	160
0.99824457 -0.05129164 0.02961331 58.16718148
0.05151315 0.99864940 -0.00676553 -549.89992263
-0.02922630 0.00827913 0.99953853 -2.27602919
0.00000000 0.00000000 0.00000000 1.00000000
160	160	161
0.99830687 -0.05048718 0.02888667 61.44429280
0.05073269 0.99868158 -0.00782969 -559.44116482
-0.02845329 0.00928193 0.99955203 -2.34691787
0.00000000 0.00000000 0.00000000 1.00000000
161	161	162
0.99843721 -0.05020886 0.02453999 64.38004501
0.05046536 0.99867628 -0.00994682 -568.40660204
-0.02400808 0.01116969 0.99964936 -2.51361357
0.00000000 0.00000000 0.00000000 1.00000000
162	162	163
0.99833510 -0.05063653 0.02762175 67.51890151
0.05092910 0.99865227 -0.00999307 -577.85180376
-0.02707851 0.01138318 0.99956850 -2.60611030
0.00000000 0.00000000 0.00000000 1.00000000
163	163	164
0.99837879 -0.05048724 0.02628358 70.68951160
0.05079740 0.99864539 -0.01126943 -586.96951938
-0.02567902 0.01258630 0.99959100 -2.77757908
0.00000000 0.00000000 0.00000000 1.00000000
164	164	165
0.99834868 -0.05006655 0.02816482 74.02224481
0.05045554 0.99863809 -0.01327392 -596.72709105
-0.02746189 0.01467307 0.99951516 -2.94972887
0.00000000 0.00000000 0.00000000 1.00000000
165	165	166
0.99838195 -0.05001402 0.02705716 77.48054711
0.05046111 0.99859623 -0.01610123 -606.62615849
-0.02621389 0.01744051 0.99950421 -3.19196949
0.00000000 0.00000000 0.00000000 1.00000000
166	166	167
0.99854017 -0.04771623 0.02531179 82.16414516
0.04826786 0.99859979 -0.02164907 -620.53372119
-0.02424333 0.02283921 0.99944516 -3.55660899
0.00000000 0.00000000 0.00000000 1.00000000
167	167	168
0.99860032 -0.04536055 0.02719982 84.91707129
0.04593781 0.99872381 -0.02098739 -630.74642884
-0.02621311 0.02220752 0.99940968 -3.66698584
0.00000000 0.00000000 0.00000000 1.00000000
168	168	169
0.99887974 -0.04214919 0.02151092 84.60423292
0.04262426 0.99884614 -0.02212615 -634.66597934
-0.02055350 0.02301825 0.99952374 -3.64178706
0.00000000 0.00000000 0.00000000 1.00000000
169	169	170
0.99898289 -0.03860832 0.02329350 83.38397167
0.03916334 0.99894789 -0.02386087 -638.19077142
-0.02234777 0.02474885 0.99944388 -3.61302650
0.00000000 0.00000000 0.00000000 1.00000000
170	170	171
0.99911286 -0.03669509 0.02066297 81.40143528
0.03709616 0.99912389 -0.01937328 -642.32331648
-0.01993396 0.02012261 0.99959878 -3.58091556
0.00000000 0.00000000 0.00000000 1.00000000
171	171	172
0.99925156 -0.03441974 0.01765236 78.19095506
0.03471907 0.99925353 -0.01694026 -647.07528741
-0.01705611 0.01754045 0.99970067 -3.58989164
0.00000000 0.00000000 0.00000000 1.00000000
172	172	173
0.99946405 -0.02773755 0.01738491 71.87143927
0.02803918 0.99945618 -0.01735368 -653.92708979
-0.01689411 0.01783184 0.99969826 -3.47587797
0.00000000 0.00000000 0.00000000 1.00000000
173	173	174
0.99958489 -0.02156435 0.01910546 52.97440623
0.02188175 0.99962336 -0.01656267 -660.38469492
-0.01874110 0.01697385 0.99968028 -3.17381629
0.00000000 0.00000000 0.00000000 1.00000000
174	174	175
0.99973227 -0.01638997 0.01633265 42.10533679
0.01660584 0.99977537 -0.01317013 -661.45913643
-0.01611313 0.01343782 0.99977987 -3.21668578
0.00000000 0.00000000 0.00000000 1.00000000
175	175	176
0.99982152 -0.01274420 0.01394691 33.69747855
0.01297382 0.99977971 -0.01649911 -662.14216501
-0.01373357 0.01667711 0.99976660 -3.20087399
0.00000000 0.00000000 0.00000000 1.00000000
176	176	177
0.99986193 -0.01091889 0.01252601 24.60653295
0.01113707 0.99978513 -0.01748316 -662.64086233
-0.01233242 0.01762025 0.99976869 -3.22433132
0.00000000 0.00000000 0.00000000 1.00000000
177	177	178
0.99987225 -0.00969605 0.01270731 16.23106117
0.00994413 0.99975832 -0.01960656 -663.22166649
-0.01251413 0.01973042 0.99972702 -3.09218775
0.00000000 0.00000000 0.00000000 1.00000000
178	178	179
0.99989641 -0.00940682 0.01089404 9.57834137
0.00963370 0.99973381 -0.02096440 -664.05799773
-0.01069394 0.02106718 0.99972087 -2.95067465
0.00000000 0.00000000 0.00000000 1.00000000
179	179	180
0.99990824 -0.00958363 0.00957450 3.22075763
0.00979556 0.99970248 -0.02233807 -665.48838329
-0.00935757 0.02242980 0.99970463 -2.84538024
0.00000000 0.00000000 0.00000000 1.00000000
180	180	181
0.99990321 -0.00999319 0.00968020 -3.16214488
0.01021533 0.99967920 -0.02317635 -668.08531109
-0.00944549 0.02327299 0.99968453 -2.77690085
0.00000000 0.00000000 0.00000000 1.00000000
181	181	182
0.99988692 -0.01106358 0.01018536 -10.01052924
0.01129502 0.99967275 -0.02295263 -671.84645560
-0.00992809 0.02306508 0.99968467 -2.73675228
0.00000000 0.00000000 0.00000000 1.00000000
182	182	183
0.99987166 -0.01222522 0.01035455 -16.98353815
0.01246280 0.99965316 -0.02319995 -677.48009629
-0.01006734 0.02332601 0.99967722 -2.67578649
0.00000000 0.00000000 0.00000000 1.00000000
183	183	184
0.99980476 -0.01607335 0.01149296 -25.27904586
0.01634896 0.99957096 -0.02430261 -689.84628483
-0.01109741 0.02448577 0.99963858 -2.57518453
0.00000000 0.00000000 0.00000000 1.00000000
184	184	185
0.99974832 -0.01729265 0.01429220 -28.63026007
0.01767158 0.99948390 -0.02682614 -701.30805628
-0.01382093 0.02707196 0.99953794 -2.83300342
0.00000000 0.00000000 0.00000000 1.00000000
185	185	186
0.99966976 -0.01705471 0.01922244 -30.68459718
0.01756273 0.99949248 -0.02657698 -712.19812609
-0.01875942 0.02690580 0.99946194 -2.93659907
0.00000000 0.00000000 0.00000000 1.00000000
186	186	187
0.99960668 -0.01582185 0.02315520 -33.06747389
0.01642485 0.99952472 -0.02608739 -724.13396628
-0.02273144 0.02645745 0.99939146 -3.02400609
0.00000000 0.00000000 0.00000000 1.00000000
187	187	188
0.99955684 -0.01735410 0.02418607 -37.27479133
0.01788442 0.99960051 -0.02188548 -742.00334004
-0.02379661 0.02230834 0.99946789 -3.45188727
0.00000000 0.00000000 0.00000000 1.00000000
188	188	189
0.99952366 -0.01727588 0.02557334 -38.65063973
0.01778060 0.99964896 -0.01964222 -747.88888113
-0.02522503 0.02008757 0.99947996 -3.64690348
0.00000000 0.00000000 0.00000000 1.00000000
189	189	190
0.99949135 -0.01665965 0.02719386 -40.01722589
0.01719397 0.99966133 -0.01953446 -753.44317206
-0.02685921 0.01999210 0.99943929 -3.87383642
0.00000000 0.00000000 0.00000000 1.00000000
190	190	191
0.99942843 -0.01745381 0.02895133 -41.21291533
0.01803844 0.99963611 -0.02005667 -758.53287143
-0.02859073 0.02056744 0.99937958 -4.10664990
0.00000000 0.00000000 0.00000000 1.00000000
191	191	192
0.99934015 -0.01824878 0.03140441 -42.30992913
0.01886062 0.99963587 -0.01929796 -763.63291377
-0.03104082 0.01987754 0.99932044 -4.37357113
0.00000000 0.00000000 0.00000000 1.00000000
192	192	193
0.99922349 -0.01890458 0.03456931 -43.43640017
0.01955122 0.99963835 -0.01846422 -769.21210839
-0.03420775 0.01912575 0.99923172 -4.67615092
0.00000000 0.00000000 0.00000000 1.00000000
193	193	194
0.99915545 -0.01809189 0.03689281 -46.72845703
0.01872249 0.99968324 -0.01681927 -782.87909228
-0.03657684 0.01749579 0.99917768 -5.34939781
0.00000000 0.00000000 0.00000000 1.00000000
194	194	195
0.99899222 -0.01883381 0.04074106 -49.70954726
0.01947782 0.99969062 -0.01546876 -789.96109938
-0.04043712 0.01624672 0.99904999 -5.60394778
0.00000000 0.00000000 0.00000000 1.00000000
195	195	196
0.99882284 -0.01951484 0.04440833 -53.72279238
0.02018743 0.99968744 -0.01474783 -796.70308657
-0.04410665 0.01562696 0.99890460 -5.77177627
0.00000000 0.00000000 0.00000000 1.00000000
196	196	197
0.99881784 -0.01928975 0.04461861 -59.88416173
0.01978904 0.99974611 -0.01077563 -804.26121306
-0.04439942 0.01164585 0.99894598 -5.88505657
0.00000000 0.00000000 0.00000000 1.00000000
197	197	198
0.99872759 -0.02319535 0.04477913 -69.63893061
0.02350706 0.99970288 -0.00644702 -811.68223949
-0.04461629 0.00749144 0.99897611 -5.85892429
0.00000000 0.00000000 0.00000000 1.00000000
198	198	199
0.99840740 -0.02821793 0.04885098 -82.42895053
0.02817743 0.99960179 0.00151756 -816.21220569
-0.04887435 -0.00013865 0.99880493 -5.63179585
0.00000000 0.00000000 0.00000000 1.00000000
199	199	200
0.99816299 -0.03391629 0.05020293 -94.17409160
0.03362821 0.99941280 0.00657217 -818.38440165
-0.05039635 -0.00487187 0.99871741 -5.31633285
0.00000000 0.00000000 0.00000000 1.00000000
200	200	201
0.99805536 -0.03777150 0.04958638 -104.84733860
0.03738586 0.99926319 0.00868188 -820.40346212
-0.04987777 -0.00681117 0.99873210 -4.95142032
0.00000000 0.00000000 0.00000000 1.00000000
201	201	202
0.99802081 -0.04071224 0.04792677 -119.09119671
0.04017464 0.99911907 0.01212789 -823.60643498
-0.04837830 -0.01017845 0.99877722 -4.47685463
0.00000000 0.00000000 0.00000000 1.00000000
202	202	203
0.99813372 -0.04026391 0.04591172 -126.99881274
0.03966425 0.99911640 0.01389855 -825.65833729
-0.04643076 -0.01205155 0.99884881 -4.16801312
0.00000000 0.00000000 0.00000000 1.00000000
203	203	204
0.99823016 -0.03967373 0.04430071 -132.84489911
0.03903514 0.99912240 0.01518844 -827.26993744
-0.04486441 -0.01343228 0.99890278 -4.07260215
0.00000000 0.00000000 0.00000000 1.00000000
204	204	205
0.99832934 -0.03826924 0.04328967 -138.65893713
0.03759915 0.99916175 0.01618926 -828.94506221
-0.04387293 -0.01453456 0.99893139 -3.99179097
0.00000000 0.00000000 0.00000000 1.00000000
