0	0	1
1.00000000 0.00000000 0.00000000 0.00000000
0.00000000 1.00000000 0.00000000 0.00000000
0.00000000 0.00000000 1.00000000 0.00000000
0.00000000 0.00000000 0.00000000 1.00000000
1	1	2
0.99999753 0.00071092 -0.00210594 -7.63872153
-0.00070721 0.99999820 0.00175884 13.26042912
0.00210719 -0.00175734 0.99999624 -0.04700702
0.00000000 0.00000000 0.00000000 1.00000000
2	2	3
0.99999750 -0.00049369 -0.00218037 -12.30371788
0.00049484 0.99999974 0.00052542 23.37915968
0.00218011 -0.00052649 0.99999748 -0.06177161
0.00000000 0.00000000 0.00000000 1.00000000
3	3	4
0.99999746 0.00070164 -0.00214337 -16.80678400
-0.00070091 0.99999970 0.00033892 32.42983989
0.00214361 -0.00033741 0.99999765 -0.12470241
0.00000000 0.00000000 0.00000000 1.00000000
4	4	5
0.99999626 0.00074967 -0.00263197 -21.43882003
-0.00074417 0.99999754 0.00208805 41.81421528
0.00263352 -0.00208608 0.99999436 -0.24047723
0.00000000 0.00000000 0.00000000 1.00000000
5	5	6
0.99999710 0.00008981 -0.00240774 -25.87637411
-0.00008587 0.99999866 0.00163496 50.68179526
0.00240789 -0.00163475 0.99999576 -0.41578458
0.00000000 0.00000000 0.00000000 1.00000000
6	6	7
0.99999678 -0.00166560 -0.00191715 -30.33704302
0.00167126 0.99999425 0.00295074 59.80776659
0.00191223 -0.00295394 0.99999381 -0.54476497
0.00000000 0.00000000 0.00000000 1.00000000
7	7	8
0.99999132 -0.00275748 -0.00312419 -34.84846236
0.00277216 0.99998509 0.00470383 68.56255160
0.00311117 -0.00471245 0.99998406 -0.72807494
0.00000000 0.00000000 0.00000000 1.00000000
8	8	9
0.99997689 -0.00332059 -0.00593221 -39.47080837
0.00335104 0.99998123 0.00512972 77.23957474
0.00591506 -0.00514948 0.99996925 -0.84570200
0.00000000 0.00000000 0.00000000 1.00000000
9	9	10
0.99996333 -0.00590734 -0.00620078 -44.00154736
0.00593821 0.99997001 0.00497121 85.79848211
0.00617122 -0.00500784 0.99996842 -0.97089211
0.00000000 0.00000000 0.00000000 1.00000000
10	10	11
0.99996339 -0.00650228 -0.00556250 -48.75833770
0.00654367 0.99995079 0.00745585 94.99519199
0.00551375 -0.00749197 0.99995673 -1.05769340
0.00000000 0.00000000 0.00000000 1.00000000
11	11	12
0.99997408 -0.00641867 -0.00326080 -53.42493044
0.00644252 0.99995218 0.00735754 104.19222863
0.00321342 -0.00737835 0.99996762 -1.10611137
0.00000000 0.00000000 0.00000000 1.00000000
12	12	13
0.99998191 -0.00592224 -0.00105069 -58.54821523
0.00592829 0.99996531 0.00585026 114.06532226
0.00101601 -0.00585638 0.99998234 -1.10211938
0.00000000 0.00000000 0.00000000 1.00000000
13	13	14
0.99998005 -0.00610198 -0.00163508 -63.93997847
0.00611111 0.99996546 0.00563311 124.33197812
0.00160065 -0.00564299 0.99998280 -0.95842665
0.00000000 0.00000000 0.00000000 1.00000000
14	14	15
0.99997555 -0.00692884 -0.00093933 -69.41554702
0.00693409 0.99995964 0.00571204 136.14870273
0.00089971 -0.00571841 0.99998325 -0.98154618
0.00000000 0.00000000 0.00000000 1.00000000
15	15	16
0.99996654 -0.00808915 -0.00121949 -72.51270815
0.00809582 0.99995170 0.00557268 147.66898886
0.00117435 -0.00558237 0.99998373 -1.37703045
0.00000000 0.00000000 0.00000000 1.00000000
16	16	17
0.99996906 -0.00786599 -0.00007511 -72.35011513
0.00786628 0.99995448 0.00540083 151.65742931
0.00003262 -0.00540126 0.99998541 -1.48011830
0.00000000 0.00000000 0.00000000 1.00000000
17	17	18
0.99996029 -0.00891100 -0.00011739 -71.50006103
0.00891150 0.99994568 0.00540608 155.13844542
0.00006921 -0.00540691 0.99998538 -1.63561150
0.00000000 0.00000000 0.00000000 1.00000000
18	18	19
0.99994895 -0.00992999 -0.00186902 -69.87282711
0.00993995 0.99993604 0.00539513 159.06122084
0.00181533 -0.00541344 0.99998370 -1.76138230
0.00000000 0.00000000 0.00000000 1.00000000
19	19	20
0.99994630 -0.01019631 -0.00185458 -67.35696877
0.01020658 0.99993213 0.00561794 164.15899657
0.00179717 -0.00563657 0.99998250 -1.92912549
0.00000000 0.00000000 0.00000000 1.00000000
20	20	21
0.99993678 -0.01119594 -0.00103965 -60.73358824
0.01120081 0.99992570 0.00481017 171.69976743
0.00098572 -0.00482151 0.99998789 -2.45418618
0.00000000 0.00000000 0.00000000 1.00000000
21	21	22
0.99993729 -0.01114094 -0.00113744 -46.57863397
0.01114738 0.99992093 0.00581964 179.34724345
0.00107251 -0.00583195 0.99998242 -2.81019430
0.00000000 0.00000000 0.00000000 1.00000000
22	22	23
0.99993643 -0.01125261 -0.00072061 -36.73999302
0.01125674 0.99991866 0.00599724 183.46181926
0.00065307 -0.00600497 0.99998176 -3.01713844
0.00000000 0.00000000 0.00000000 1.00000000
23	23	24
0.99994365 -0.01061208 0.00027518 -27.60037003
0.01061035 0.99992778 0.00564464 186.92871609
-0.00033506 -0.00564141 0.99998403 -3.08369051
0.00000000 0.00000000 0.00000000 1.00000000
24	24	25
0.99994505 -0.01046232 -0.00066396 -18.33692581
0.01046648 0.99992336 0.00661214 190.60208315
0.00059473 -0.00661873 0.99997792 -3.27679132
0.00000000 0.00000000 0.00000000 1.00000000
25	25	26
0.99994442 -0.01048742 -0.00107915 -8.35824873
0.01049397 0.99992534 0.00625972 194.42800973
0.00101342 -0.00627070 0.99997983 -3.45552791
0.00000000 0.00000000 0.00000000 1.00000000
26	26	27
0.99994408 -0.01057494 0.00000629 1.43554842
0.01057472 0.99992716 0.00581833 198.28789506
-0.00006781 -0.00581794 0.99998307 -3.58788971
0.00000000 0.00000000 0.00000000 1.00000000
27	27	28
0.99994984 -0.01001283 0.00026104 11.10875701
0.01001122 0.99993436 0.00557291 202.07687591
-0.00031683 -0.00557002 0.99998444 -3.68065351
0.00000000 0.00000000 0.00000000 1.00000000
28	28	29
0.99995561 -0.00941946 0.00022274 20.40243422
0.00941792 0.99993697 0.00611207 205.78041897
-0.00028030 -0.00610971 0.99998130 -3.76569033
0.00000000 0.00000000 0.00000000 1.00000000
29	29	30
0.99994678 -0.01031494 0.00017729 30.31126388
0.01031300 0.99990873 0.00872799 209.59498653
-0.00026730 -0.00872569 0.99996189 -3.81178994
0.00000000 0.00000000 0.00000000 1.00000000
30	30	31
0.99994003 -0.01077251 -0.00197351 40.48849072
0.01079298 0.99988474 0.01067827 213.47031877
0.00185825 -0.01069893 0.99994104 -3.75954269
0.00000000 0.00000000 0.00000000 1.00000000
31	31	32
0.99994692 -0.01026969 -0.00082514 51.58113483
0.01027721 0.99990031 0.00968239 217.23064337
0.00072562 -0.00969036 0.99995278 -3.56046983
0.00000000 0.00000000 0.00000000 1.00000000
32	32	33
0.99993654 -0.01126047 -0.00033026 59.70925556
0.01126326 0.99988393 0.01025962 218.36124824
0.00021469 -0.01026269 0.99994731 -3.14193414
0.00000000 0.00000000 0.00000000 1.00000000
33	33	34
0.99992769 -0.01200371 0.00072865 64.36673781
0.01199691 0.99989011 0.00870910 217.48133099
-0.00083311 -0.00869973 0.99996181 -2.90212652
0.00000000 0.00000000 0.00000000 1.00000000
34	34	35
0.99992760 -0.01202130 0.00053079 68.44640902
0.01201596 0.99988624 0.00911718 215.82351806
-0.00064033 -0.00911015 0.99995830 -2.71346285
0.00000000 0.00000000 0.00000000 1.00000000
35	35	36
0.99992234 -0.01244009 -0.00074636 73.16666285
0.01244610 0.99988497 0.00866845 213.26763690
0.00063844 -0.00867706 0.99996215 -2.56771989
0.00000000 0.00000000 0.00000000 1.00000000
36	36	37
0.99993085 -0.01176001 -0.00005174 79.03284351
0.01175996 0.99988498 0.00957736 209.22205995
-0.00006090 -0.00957731 0.99995413 -2.37704646
0.00000000 0.00000000 0.00000000 1.00000000
37	37	38
0.99993333 -0.01152731 0.00067273 87.47332631
0.01151978 0.99988068 0.01029224 198.69130667
-0.00079129 -0.01028380 0.99994681 -1.84577209
0.00000000 0.00000000 0.00000000 1.00000000
38	38	39
0.99994281 -0.01062631 -0.00120543 89.85490040
0.01063797 0.99989215 0.01012512 187.78865327
0.00109771 -0.01013737 0.99994801 -1.73244050
0.00000000 0.00000000 0.00000000 1.00000000
39	39	40
0.99993655 -0.01117156 -0.00144530 91.16366367
0.01118552 0.99988707 0.01003618 178.53987688
0.00133302 -0.01005170 0.99994859 -1.62588314
0.00000000 0.00000000 0.00000000 1.00000000
40	40	41
0.99994296 -0.01056440 -0.00157009 92.51848668
0.01057764 0.99990641 0.00867683 169.64285306
0.00147828 -0.00869295 0.99996112 -1.45927168
0.00000000 0.00000000 0.00000000 1.00000000
41	41	42
0.99995012 -0.00980793 -0.00188808 94.13095602
0.00982404 0.99991371 0.00872163 159.64999720
0.00180237 -0.00873974 0.99996018 -1.23339524
0.00000000 0.00000000 0.00000000 1.00000000
42	42	43
0.99993861 -0.01096266 -0.00160916 96.04959898
0.01097758 0.99989383 0.00958215 148.64204641
0.00150394 -0.00959923 0.99995280 -0.91705568
0.00000000 0.00000000 0.00000000 1.00000000
43	43	44
0.99994365 -0.01044466 -0.00189797 97.66166563
0.01046144 0.99990430 0.00905273 138.09509569
0.00180324 -0.00907208 0.99995722 -0.71269930
0.00000000 0.00000000 0.00000000 1.00000000
44	44	45
0.99994747 -0.01011096 -0.00168331 99.41224765
0.01012373 0.99991869 0.00775436 127.03331794
0.00160477 -0.00777100 0.99996852 -0.57305571
0.00000000 0.00000000 0.00000000 1.00000000
45	45	46
0.99995396 -0.00933726 -0.00221220 101.07101155
0.00935370 0.99992782 0.00754070 116.12383122
0.00214163 -0.00756105 0.99996912 -0.44073800
0.00000000 0.00000000 0.00000000 1.00000000
46	46	47
0.99996361 -0.00827737 -0.00206640 102.54903934
0.00829330 0.99993503 0.00782033 105.46743243
0.00200153 -0.00783718 0.99996729 -0.18465395
0.00000000 0.00000000 0.00000000 1.00000000
47	47	48
0.99996380 -0.00803403 -0.00280270 104.47254310
0.00805610 0.99993592 0.00795360 93.79609421
0.00273862 -0.00797589 0.99996444 0.18164478
0.00000000 0.00000000 0.00000000 1.00000000
48	48	49
0.99996247 -0.00841896 -0.00204537 108.49599235
0.00843391 0.99993694 0.00741464 76.26302942
0.00198282 -0.00743161 0.99997042 0.38488432
0.00000000 0.00000000 0.00000000 1.00000000
49	49	50
0.99996938 -0.00770043 -0.00139505 110.17018788
0.00770992 0.99994629 0.00692690 68.77517541
0.00134164 -0.00693744 0.99997504 0.27465432
0.00000000 0.00000000 0.00000000 1.00000000
50	50	51
0.99996550 -0.00741959 -0.00373440 111.36057289
0.00745012 0.99993840 0.00822770 62.46376036
0.00367312 -0.00825523 0.99995918 0.29254760
0.00000000 0.00000000 0.00000000 1.00000000
51	51	52
0.99996103 -0.00699445 -0.00538645 112.39128145
0.00703509 0.99994665 0.00756384 56.69210647
0.00533325 -0.00760144 0.99995689 0.26133229
0.00000000 0.00000000 0.00000000 1.00000000
52	52	53
0.99993865 -0.00791511 -0.00774841 113.54706204
0.00797120 0.99994205 0.00723591 51.75238767
0.00769069 -0.00729723 0.99994380 0.19527218
0.00000000 0.00000000 0.00000000 1.00000000
53	53	54
0.99995733 -0.00759436 -0.00525997 114.75152067
0.00762781 0.99995063 0.00636852 46.15390631
0.00521135 -0.00640837 0.99996589 0.10219587
0.00000000 0.00000000 0.00000000 1.00000000
54	54	55
0.99995347 -0.00642396 -0.00719603 116.61527262
0.00646728 0.99996101 0.00601218 34.19451015
0.00715713 -0.00605844 0.99995603 -0.01125411
0.00000000 0.00000000 0.00000000 1.00000000
55	55	56
0.99993898 -0.00564630 -0.00949520 118.09929271
0.00568722 0.99997463 0.00428810 22.96026536
0.00947075 -0.00434184 0.99994573 0.18703873
0.00000000 0.00000000 0.00000000 1.00000000
56	56	57
0.99994774 -0.00455074 -0.00915463 119.81262736
0.00459194 0.99997940 0.00448449 11.73068883
0.00913404 -0.00452629 0.99994804 0.32874154
0.00000000 0.00000000 0.00000000 1.00000000
57	57	58
0.99994807 -0.00538711 -0.00865051 121.62276350
0.00542237 0.99997706 0.00405839 -0.11488923
0.00862844 -0.00410508 0.99995435 0.58284650
0.00000000 0.00000000 0.00000000 1.00000000
58	58	59
0.99995370 -0.00542719 -0.00794609 122.61097375
0.00544770 0.99998188 0.00256179 -10.59634756
0.00793205 -0.00260495 0.99996515 0.75008080
0.00000000 0.00000000 0.00000000 1.00000000
59	59	60
0.99994786 -0.00474598 -0.00904135 123.51732608
0.00476349 0.99998682 0.00191571 -20.95904306
0.00903214 -0.00195868 0.99995729 0.77875023
0.00000000 0.00000000 0.00000000 1.00000000
60	60	61
0.99994356 -0.00545192 -0.00911879 124.07416875
0.00547200 0.99998266 0.00217779 -31.21318989
0.00910676 -0.00222757 0.99995605 0.67885159
0.00000000 0.00000000 0.00000000 1.00000000
61	61	62
0.99994923 -0.00560452 -0.00837381 125.18332510
0.00563103 0.99997920 0.00314640 -41.19395047
0.00835600 -0.00319339 0.99995999 0.79552811
0.00000000 0.00000000 0.00000000 1.00000000
62	62	63
0.99995580 -0.00491299 -0.00801567 126.21855201
0.00494392 0.99998039 0.00384364 -51.70170507
0.00799663 -0.00388310 0.99996049 0.93712944
0.00000000 0.00000000 0.00000000 1.00000000
63	63	64
0.99995818 -0.00478716 -0.00779204 127.45555387
0.00481499 0.99998208 0.00355702 -62.26588118
0.00777487 -0.00359439 0.99996332 1.06527163
0.00000000 0.00000000 0.00000000 1.00000000
64	64	65
0.99996079 -0.00445200 -0.00765541 128.29032215
0.00448218 0.99998224 0.00392887 -72.26737601
0.00763779 -0.00396303 0.99996298 0.96151008
0.00000000 0.00000000 0.00000000 1.00000000
65	65	66
0.99995116 -0.00469829 -0.00869453 129.16853945
0.00472028 0.99998571 0.00251008 -82.20789289
0.00868262 -0.00255099 0.99995905 0.95204764
0.00000000 0.00000000 0.00000000 1.00000000
66	66	67
0.99994330 -0.00620022 -0.00865772 130.57314737
0.00621600 0.99997907 0.00179704 -92.02491107
0.00864640 -0.00185076 0.99996091 1.13098424
0.00000000 0.00000000 0.00000000 1.00000000
67	67	68
0.99994868 -0.00555725 -0.00847094 131.38495936
0.00557264 0.99998286 0.00179346 -101.61517563
0.00846083 -0.00184057 0.99996251 1.12542486
0.00000000 0.00000000 0.00000000 1.00000000
68	68	69
0.99994546 -0.00643400 -0.00822723 132.40865455
0.00645899 0.99997460 0.00301438 -112.06896209
0.00820763 -0.00306735 0.99996161 1.07048562
0.00000000 0.00000000 0.00000000 1.00000000
69	69	70
0.99994338 -0.00583013 -0.00890206 133.39016551
0.00585449 0.99997918 0.00271296 -122.55934331
0.00888606 -0.00276493 0.99995670 1.02650757
0.00000000 0.00000000 0.00000000 1.00000000
70	70	71
0.99994354 -0.00530486 -0.00920767 134.70992775
0.00532194 0.99998416 0.00183176 -132.22071837
0.00919780 -0.00188066 0.99995593 1.23958743
0.00000000 0.00000000 0.00000000 1.00000000
71	71	72
0.99993505 -0.00660526 -0.00928838 136.03694813
0.00662531 0.99997579 0.00212932 -142.17573458
0.00927409 -0.00219072 0.99995459 1.39023422
0.00000000 0.00000000 0.00000000 1.00000000
72	72	73
0.99994775 -0.00579811 -0.00841923 137.27234206
0.00580926 0.99998228 0.00130008 -152.74568870
0.00841155 -0.00134892 0.99996371 1.44584940
0.00000000 0.00000000 0.00000000 1.00000000
73	73	74
0.99993152 -0.00780936 -0.00871632 138.93978566
0.00781651 0.99996914 0.00078552 -162.75371269
0.00870991 -0.00085359 0.99996170 1.54087823
0.00000000 0.00000000 0.00000000 1.00000000
74	74	75
0.99992683 -0.00788812 -0.00917089 140.80482298
0.00790386 0.99996735 0.00168173 -173.48909239
0.00915732 -0.00175409 0.99995653 1.59955920
0.00000000 0.00000000 0.00000000 1.00000000
75	75	76
0.99991935 -0.00839852 -0.00952650 142.39611717
0.00839987 0.99996472 0.00010185 -184.25496579
0.00952531 -0.00018186 0.99995462 1.64760329
0.00000000 0.00000000 0.00000000 1.00000000
76	76	77
0.99992121 -0.00816019 -0.00953895 143.85802395
0.00816205 0.99996668 0.00015624 -194.92669234
0.00953735 -0.00023409 0.99995449 1.66010435
0.00000000 0.00000000 0.00000000 1.00000000
77	77	78
0.99992773 -0.00775154 -0.00918947 145.74121798
0.00774719 0.99996986 -0.00050874 -211.27095877
0.00919313 0.00043751 0.99995765 1.69900213
0.00000000 0.00000000 0.00000000 1.00000000
78	78	79
0.99993838 -0.00703396 -0.00858881 146.79473076
0.00702791 0.99997503 -0.00073469 -222.13054824
0.00859376 0.00067429 0.99996285 1.74613669
0.00000000 0.00000000 0.00000000 1.00000000
79	79	80
0.99992594 -0.00754266 -0.00955150 147.07144195
0.00752444 0.99996980 -0.00194230 -227.46166774
0.00956586 0.00187029 0.99995250 1.79834241
0.00000000 0.00000000 0.00000000 1.00000000
80	80	81
0.99993111 -0.00753723 -0.00899837 147.21456120
0.00752261 0.99997033 -0.00165813 -232.30047438
0.00901060 0.00159032 0.99995814 1.80426973
0.00000000 0.00000000 0.00000000 1.00000000
81	81	82
0.99992511 -0.00818198 -0.00910134 147.38997779
0.00816793 0.99996539 -0.00158013 -236.92907831
0.00911395 0.00150568 0.99995733 1.79921160
0.00000000 0.00000000 0.00000000 1.00000000
82	82	83
0.99992314 -0.00845947 -0.00906347 147.54244539
0.00845012 0.99996373 -0.00106903 -241.59168349
0.00907219 0.00099236 0.99995835 1.80287061
0.00000000 0.00000000 0.00000000 1.00000000
83	83	84
0.99991411 -0.00904446 -0.00948498 147.71305945
0.00903513 0.99995866 -0.00102658 -250.17289772
0.00949388 0.00094079 0.99995449 1.77192404
0.00000000 0.00000000 0.00000000 1.00000000
84	84	85
0.99991013 -0.00895664 -0.00997574 148.00732005
0.00894223 0.99995891 -0.00148834 -267.43827672
0.00998866 0.00139900 0.99994913 1.73689126
0.00000000 0.00000000 0.00000000 1.00000000
85	85	86
0.99987472 -0.00861843 -0.01327633 148.33737950
0.00856313 0.99995444 -0.00421710 -279.77008835
0.01331207 0.00410288 0.99990297 1.60404923
0.00000000 0.00000000 0.00000000 1.00000000
86	86	87
0.99987279 -0.00788531 -0.01386422 148.41739768
0.00781580 0.99995665 -0.00506050 -291.37964874
0.01390352 0.00495149 0.99989108 1.52715819
0.00000000 0.00000000 0.00000000 1.00000000
87	87	88
0.99983026 -0.00762670 -0.01677181 147.99355004
0.00749180 0.99993920 -0.00809140 -301.92593196
0.01683251 0.00796437 0.99982660 1.52322842
0.00000000 0.00000000 0.00000000 1.00000000
88	88	89
0.99979666 -0.00968170 -0.01768882 147.59614154
0.00948791 0.99989440 -0.01100728 -312.01270964
0.01779352 0.01083721 0.99978295 1.49129169
0.00000000 0.00000000 0.00000000 1.00000000
89	89	90
0.99978613 -0.01033140 -0.01791552 147.13763011
0.01016114 0.99990259 -0.00956909 -322.42667572
0.01801264 0.00938500 0.99979371 1.75500159
0.00000000 0.00000000 0.00000000 1.00000000
90	90	91
0.99977397 -0.01040464 -0.01854052 146.51191905
0.01021244 0.99989344 -0.01043120 -333.09618104
0.01864708 0.01023950 0.99977369 1.89132905
0.00000000 0.00000000 0.00000000 1.00000000
91	91	92
0.99977354 -0.01084956 -0.01830753 146.02988973
0.01065087 0.99988370 -0.01091542 -342.98036701
0.01842383 0.01071796 0.99977282 1.84313585
0.00000000 0.00000000 0.00000000 1.00000000
92	92	93
0.99977080 -0.01112296 -0.01829300 146.04166969
0.01089434 0.99986189 -0.01255007 -352.95233675
0.01843007 0.01234791 0.99975390 1.81493407
0.00000000 0.00000000 0.00000000 1.00000000
93	93	94
0.99975976 -0.01127271 -0.01879777 146.96411922
0.01102536 0.99985195 -0.01321030 -363.34395425
0.01894390 0.01299988 0.99973603 1.79736388
0.00000000 0.00000000 0.00000000 1.00000000
94	94	95
0.99977103 -0.01143438 -0.01808714 148.16147752
0.01118526 0.99984200 -0.01381505 -373.01426524
0.01824225 0.01360957 0.99974097 1.76415744
0.00000000 0.00000000 0.00000000 1.00000000
95	95	96
0.99974650 -0.01247973 -0.01873989 149.57611540
0.01220678 0.99981876 -0.01460983 -383.20853483
0.01891882 0.01437737 0.99971764 1.52418847
0.00000000 0.00000000 0.00000000 1.00000000
96	96	97
0.99970668 -0.01251243 -0.02073629 151.81425557
0.01217725 0.99979442 -0.01621236 -394.06701531
0.02093489 0.01595509 0.99965352 1.40377357
0.00000000 0.00000000 0.00000000 1.00000000
97	97	98
0.99970865 -0.01179902 -0.02105710 154.18066041
0.01147441 0.99981449 -0.01547014 -404.29292893
0.02123573 0.01522402 0.99965858 1.35178482
0.00000000 0.00000000 0.00000000 1.00000000
98	98	99
0.99969710 -0.01190794 -0.02153855 156.10053517
0.01157503 0.99981263 -0.01551559 -415.38520654
0.02171927 0.01526158 0.99964762 1.18213188
0.00000000 0.00000000 0.00000000 1.00000000
99	99	100
0.99966880 -0.01255392 -0.02246523 156.05212933
0.01221765 0.99981219 -0.01504387 -432.71512240
0.02264987 0.01476441 0.99963443 0.82511508
0.00000000 0.00000000 0.00000000 1.00000000
100	100	101
0.99971365 -0.01219369 -0.02058952 153.95477253
0.01189715 0.99982461 -0.01446430 -437.87738570
0.02076228 0.01421520 0.99968338 0.50022458
0.00000000 0.00000000 0.00000000 1.00000000
101	101	102
0.99975871 -0.01241025 -0.01812484 152.04711307
0.01216117 0.99983097 -0.01378883 -441.68523056
0.01829290 0.01356508 0.99974065 0.23390561
0.00000000 0.00000000 0.00000000 1.00000000
102	102	103
0.99971475 -0.01264407 -0.02026196 150.05036175
0.01236371 0.99982691 -0.01390264 -445.09359697
0.02043424 0.01364816 0.99969804 0.05396751
0.00000000 0.00000000 0.00000000 1.00000000
103	103	104
0.99972552 -0.01195543 -0.02014810 147.05452437
0.01168382 0.99984000 -0.01354452 -448.95494022
0.02030681 0.01330540 0.99970526 -0.14211934
0.00000000 0.00000000 0.00000000 1.00000000
104	104	105
0.99972679 -0.01172423 -0.02022114 142.72644718
0.01142629 0.99982538 -0.01478699 -452.08715918
0.02039098 0.01455190 0.99968618 -0.35592251
0.00000000 0.00000000 0.00000000 1.00000000
105	105	106
0.99966732 -0.01283743 -0.02237070 129.79195203
0.01246967 0.99978607 -0.01650204 -458.56585710
0.02257776 0.01621760 0.99961354 -1.18605968
0.00000000 0.00000000 0.00000000 1.00000000
106	106	107
0.99963929 -0.01241433 -0.02381547 118.10642681
0.01208099 0.99982774 -0.01409032 -464.14819790
0.02398629 0.01379753 0.99961707 -1.58103977
0.00000000 0.00000000 0.00000000 1.00000000
107	107	108
0.99965195 -0.01386194 -0.02244627 106.80025656
0.01357684 0.99982584 -0.01280454 -468.83693025
0.02261986 0.01249533 0.99966605 -1.84632480
0.00000000 0.00000000 0.00000000 1.00000000
108	108	109
0.99966491 -0.01442172 -0.02149593 96.74269852
0.01406171 0.99975988 -0.01680610 -472.84536994
0.02173314 0.01649820 0.99962767 -2.14515517
0.00000000 0.00000000 0.00000000 1.00000000
109	109	110
0.99978288 -0.01607415 -0.01325964 86.45400620
0.01561460 0.99929773 -0.03406203 -476.89792841
0.01379784 0.03384759 0.99933176 -2.51585168
0.00000000 0.00000000 0.00000000 1.00000000
110	110	111
0.99978604 -0.01637780 -0.01263466 77.02827746
0.01587933 0.99912884 -0.03859293 -480.48453386
0.01325572 0.03838404 0.99917514 -2.83945813
0.00000000 0.00000000 0.00000000 1.00000000
111	111	112
0.99978190 -0.01672496 -0.01250729 67.57188989
0.01624291 0.99915717 -0.03769779 -484.26228856
0.01312724 0.03748642 0.99921091 -3.18741794
0.00000000 0.00000000 0.00000000 1.00000000
112	112	113
0.99977292 -0.01835122 -0.01083282 58.12330481
0.01793025 0.99912610 -0.03775625 -488.16456053
0.01151623 0.03755344 0.99922826 -3.42392939
0.00000000 0.00000000 0.00000000 1.00000000
113	113	114
0.99974657 -0.02017867 -0.00998085 46.06930138
0.01980805 0.99915786 -0.03593332 -493.25522519
0.01069753 0.03572652 0.99930435 -3.52697154
0.00000000 0.00000000 0.00000000 1.00000000
114	114	115
0.99974177 -0.01984875 -0.01106421 40.89937397
0.01943374 0.99914712 -0.03643301 -494.10325649
0.01177792 0.03620859 0.99927485 -3.51210212
0.00000000 0.00000000 0.00000000 1.00000000
115	115	116
0.99971208 -0.02244030 -0.00849632 37.09118006
0.02209144 0.99898952 -0.03913956 -493.73911483
0.00936603 0.03894059 0.99919763 -3.46078242
0.00000000 0.00000000 0.00000000 1.00000000
116	116	117
0.99970296 -0.02301951 -0.00800645 32.99976157
0.02267877 0.99892940 -0.04032037 -492.77684981
0.00892604 0.04012682 0.99915472 -3.39693105
0.00000000 0.00000000 0.00000000 1.00000000
117	117	118
0.99973796 -0.02211041 -0.00592860 27.83877626
0.02185373 0.99894717 -0.04033575 -491.32721608
0.00681420 0.04019562 0.99916859 -3.30375264
0.00000000 0.00000000 0.00000000 1.00000000
118	118	119
0.99975209 -0.02208234 -0.00285236 20.66629995
0.02195563 0.99901069 -0.03867281 -488.74765632
0.00370352 0.03860060 0.99924786 -3.10933196
0.00000000 0.00000000 0.00000000 1.00000000
119	119	120
0.99968747 -0.02443511 0.00528137 10.23515568
0.02461378 0.99901461 -0.03693184 -475.46728790
-0.00437373 0.03705030 0.99930383 -2.55593699
0.00000000 0.00000000 0.00000000 1.00000000
120	120	121
0.99957149 -0.02559153 0.01420965 6.49539598
0.02605244 0.99910717 -0.03325867 -464.15261230
-0.01334582 0.03361461 0.99934576 -2.16272957
0.00000000 0.00000000 0.00000000 1.00000000
121	121	122
0.99945908 -0.02802022 0.01721665 3.21562017
0.02857890 0.99904304 -0.03310965 -453.76058535
-0.01627243 0.03358377 0.99930343 -1.79489209
0.00000000 0.00000000 0.00000000 1.00000000
122	122	123
0.99933584 -0.02998568 0.02070612 -0.29527289
0.03068504 0.99893947 -0.03432740 -442.93550243
-0.01965483 0.03493997 0.99919612 -1.44936087
0.00000000 0.00000000 0.00000000 1.00000000
123	123	124
0.99933170 -0.03127519 0.01892144 -4.25612451
0.03192322 0.99887820 -0.03497512 -430.76571909
-0.01780637 0.03555578 0.99920905 -1.06790883
0.00000000 0.00000000 0.00000000 1.00000000
124	124	125
0.99928956 -0.03261891 0.01887822 -5.45135134
0.03326909 0.99882574 -0.03521791 -422.32739884
-0.01770728 0.03582095 0.99920134 -0.80406673
0.00000000 0.00000000 0.00000000 1.00000000
125	125	126
0.99925205 -0.03377033 0.01883915 -5.11023880
0.03442454 0.99877462 -0.03555581 -416.41802375
-0.01761533 0.03617774 0.99919011 -0.56972001
0.00000000 0.00000000 0.00000000 1.00000000
126	126	127
0.99909331 -0.03705635 0.02096147 -3.65942372
0.03774584 0.99872521 -0.03351432 -409.74614492
-0.01969283 0.03427514 0.99921840 -0.35979370
0.00000000 0.00000000 0.00000000 1.00000000
127	127	128
0.99908990 -0.03806328 0.01924989 -0.81297154
0.03868740 0.99870096 -0.03316141 -402.03879795
-0.01796265 0.03387596 0.99926461 -0.12828584
0.00000000 0.00000000 0.00000000 1.00000000
128	128	129
0.99913105 -0.03820274 0.01666424 2.36598479
0.03872267 0.99873488 -0.03208099 -395.07223514
-0.01541758 0.03269840 0.99934634 -0.04857736
0.00000000 0.00000000 0.00000000 1.00000000
129	129	130
0.99906458 -0.03936402 0.01790077 4.55167105
0.03998838 0.99855240 -0.03597266 -389.04756248
-0.01645883 0.03665484 0.99919244 0.08465736
0.00000000 0.00000000 0.00000000 1.00000000
130	130	131
0.99907461 -0.03957072 0.01685461 6.21454783
0.04013278 0.99860105 -0.03442812 -382.89603817
-0.01546869 0.03507268 0.99926504 0.21039974
0.00000000 0.00000000 0.00000000 1.00000000
131	131	132
0.99906184 -0.03979753 0.01707634 6.97925532
0.04037526 0.99857356 -0.03493821 -376.12995873
-0.01566152 0.03559489 0.99924357 0.39035853
0.00000000 0.00000000 0.00000000 1.00000000
132	132	133
0.99907664 -0.03956202 0.01675457 5.51723066
0.04014022 0.99855581 -0.03570798 -371.85866465
-0.01531769 0.03634754 0.99922181 0.48943229
0.00000000 0.00000000 0.00000000 1.00000000
133	133	134
0.99904857 -0.03953028 0.01842058 2.47128951
0.04015083 0.99859325 -0.03463290 -371.29669158
-0.01702562 0.03533955 0.99923033 0.51806804
0.00000000 0.00000000 0.00000000 1.00000000
134	134	135
0.99906455 -0.03898873 0.01870594 -0.49043416
0.03962448 0.99860450 -0.03491359 -370.93957699
-0.01731860 0.03562214 0.99921526 0.54047863
0.00000000 0.00000000 0.00000000 1.00000000
135	135	136
0.99906454 -0.03920294 0.01825315 -3.40824664
0.03982997 0.99858065 -0.03535886 -371.57978201
-0.01684107 0.03605281 0.99920797 0.55545697
0.00000000 0.00000000 0.00000000 1.00000000
136	136	137
0.99905976 -0.03995977 0.01681688 -5.95929869
0.04053647 0.99854807 -0.03547603 -373.33704441
-0.01537485 0.03612437 0.99922902 0.54188616
0.00000000 0.00000000 0.00000000 1.00000000
137	137	138
0.99892769 -0.04277492 0.01771386 -7.64133154
0.04338024 0.99843382 -0.03532791 -375.75247308
-0.01617496 0.03605846 0.99921877 0.47310635
0.00000000 0.00000000 0.00000000 1.00000000
138	138	139
0.99902777 -0.04057734 0.01723350 -8.65135194
0.04118006 0.99849605 -0.03619175 -378.51243045
-0.01573902 0.03686624 0.99919626 0.37202776
0.00000000 0.00000000 0.00000000 1.00000000
139	139	140
0.99901843 -0.04089522 0.01702240 -9.19845860
0.04149462 0.99847217 -0.03649004 -381.53808960
-0.01550413 0.03716056 0.99918903 0.25269245
0.00000000 0.00000000 0.00000000 1.00000000
140	140	141
0.99791429 -0.01538490 -0.06269268 -32.37240435
0.01191320 0.99839435 -0.05537870 -372.43400985
0.06344401 0.05451633 0.99649527 1.31667509
0.00000000 0.00000000 0.00000000 1.00000000
141	141	142
0.99785911 -0.01797738 -0.06288095 -30.74475835
0.01443504 0.99830719 -0.05634162 -385.93611663
0.06378738 0.05531331 0.99642943 0.34105585
0.00000000 0.00000000 0.00000000 1.00000000
142	142	143
0.99787873 -0.01888900 -0.06229963 -25.70547797
0.01544260 0.99834789 -0.05534459 -395.59112049
0.06324211 0.05426512 0.99652182 -0.12144624
0.00000000 0.00000000 0.00000000 1.00000000
143	143	144
0.99788085 -0.02095222 -0.06160200 -21.14665187
0.01768367 0.99843082 -0.05313366 -403.44415948
0.06261860 0.05193171 0.99668551 -0.42049203
0.00000000 0.00000000 0.00000000 1.00000000
144	144	145
0.99792949 -0.02196122 -0.06045188 -16.61142638
0.01882534 0.99847153 -0.05196353 -411.00603892
0.06150067 0.05071792 0.99681762 -0.65639103
0.00000000 0.00000000 0.00000000 1.00000000
145	145	146
0.99785142 -0.02143167 -0.06191303 -11.86209993
0.01800558 0.99830328 -0.05537466 -418.94684222
0.06299475 0.05414091 0.99654424 -0.92612395
0.00000000 0.00000000 0.00000000 1.00000000
146	146	147
0.99769598 -0.02170106 -0.06427904 -7.09429521
0.01813229 0.99828890 -0.05559226 -428.01769559
0.06537546 0.05429865 0.99638231 -1.14500803
0.00000000 0.00000000 0.00000000 1.00000000
147	147	148
0.99773555 -0.02332371 -0.06308554 -2.67412952
0.01978224 0.99822403 -0.05619117 -438.54160724
0.06428409 0.05481595 0.99642499 -1.23771494
0.00000000 0.00000000 0.00000000 1.00000000
148	148	149
0.99810101 -0.02340505 -0.05697878 1.01195065
0.02025668 0.99826876 -0.05521915 -449.55873715
0.05817255 0.05396009 0.99684716 -1.51447734
0.00000000 0.00000000 0.00000000 1.00000000
149	149	150
0.99817228 -0.02287803 -0.05593473 4.13136961
0.01974341 0.99823751 -0.05596497 -459.05677836
0.05711651 0.05475834 0.99686470 -1.75225816
0.00000000 0.00000000 0.00000000 1.00000000
150	150	151
0.99816496 -0.02419846 -0.05550811 7.13527666
0.02108464 0.99820743 -0.05601210 -468.47361174
0.05676401 0.05473894 0.99688590 -2.03022675
0.00000000 0.00000000 0.00000000 1.00000000
151	151	152
0.99808576 -0.02483733 -0.05663852 9.86896180
0.02166960 0.99820270 -0.05587312 -477.74270600
0.05792447 0.05453883 0.99683011 -2.32621466
0.00000000 0.00000000 0.00000000 1.00000000
152	152	153
0.99841931 -0.02488904 -0.05039260 12.88102039
0.02210904 0.99824199 -0.05499207 -487.76662659
0.05167271 0.05379102 0.99721435 -2.62156771
0.00000000 0.00000000 0.00000000 1.00000000
153	153	154
0.99881159 -0.02278869 -0.04308231 15.61243767
0.02057435 0.99847849 -0.05116051 -497.24848859
0.04418264 0.05021332 0.99776075 -2.91316467
0.00000000 0.00000000 0.00000000 1.00000000
154	154	155
0.99909208 -0.02203013 -0.03646495 18.60853446
0.02012221 0.99845023 -0.05188667 -507.29862630
0.03755151 0.05110581 0.99798701 -3.24790762
0.00000000 0.00000000 0.00000000 1.00000000
155	155	156
0.99908228 -0.02311764 -0.03605795 21.60242275
0.02116116 0.99833136 -0.05372798 -517.10870373
0.03723985 0.05291564 0.99790437 -3.61769920
0.00000000 0.00000000 0.00000000 1.00000000
156	156	157
0.99928798 -0.02301116 -0.02990018 24.63211888
0.02137436 0.99831463 -0.05395403 -526.69997615
0.03109133 0.05327652 0.99809566 -3.94793900
0.00000000 0.00000000 0.00000000 1.00000000
157	157	158
0.99933941 -0.02169206 -0.02915810 27.76816625
0.01999264 0.99815323 -0.05736217 -536.02307577
0.03034856 0.05674132 0.99792755 -4.20663886
0.00000000 0.00000000 0.00000000 1.00000000
158	158	159
0.99957811 -0.02016864 -0.02090057 31.00721963
0.01896842 0.99824420 -0.05611350 -546.19642259
0.02199560 0.05569338 0.99820561 -4.66174350
0.00000000 0.00000000 0.00000000 1.00000000
159	159	160
0.99970656 -0.01848182 -0.01565942 34.08822433
0.01759174 0.99832100 -0.05518800 -555.72836874
0.01665310 0.05489633 0.99835318 -5.05987329
0.00000000 0.00000000 0.00000000 1.00000000
160	160	161
0.99980202 -0.01679137 -0.01067535 37.02051426
0.01620449 0.99846999 -0.05286856 -565.35169807
0.01154675 0.05268511 0.99854442 -5.48260699
0.00000000 0.00000000 0.00000000 1.00000000
161	161	162
0.99983603 -0.01755555 -0.00444044 39.65581239
0.01732470 0.99871815 -0.04755953 -574.48591507
0.00526968 0.04747481 0.99885854 -5.91769430
0.00000000 0.00000000 0.00000000 1.00000000
162	162	163
0.99985559 -0.01696739 -0.00095150 42.53978773
0.01690804 0.99886082 -0.04462268 -584.11670480
0.00170754 0.04460015 0.99900346 -6.27276102
0.00000000 0.00000000 0.00000000 1.00000000
163	163	164
0.99986384 -0.01630590 0.00253204 45.40045654
0.01639864 0.99896603 -0.04240237 -593.33250162
-0.00183801 0.04243812 0.99909741 -6.67369869
0.00000000 0.00000000 0.00000000 1.00000000
164	164	165
0.99987668 -0.01487922 0.00502269 48.40741519
0.01507056 0.99906615 -0.04049325 -603.24547060
-0.00441549 0.04056395 0.99916719 -7.07330396
0.00000000 0.00000000 0.00000000 1.00000000
165	165	166
0.99987029 -0.01362871 0.00858253 51.52817917
0.01396088 0.99910565 -0.03991235 -613.28834184
-0.00803090 0.04002699 0.99916632 -7.49025041
0.00000000 0.00000000 0.00000000 1.00000000
166	166	167
0.99984409 -0.01106646 0.01375998 55.74218921
0.01155848 0.99927745 -0.03620734 -627.39073787
-0.01334935 0.03636074 0.99924956 -8.09315138
0.00000000 0.00000000 0.00000000 1.00000000
167	167	168
0.99970582 -0.00839686 0.02275438 58.12451638
0.00906960 0.99951993 -0.02962523 -637.72504219
-0.02249470 0.02982289 0.99930205 -8.27543669
0.00000000 0.00000000 0.00000000 1.00000000
168	168	169
0.99974368 -0.00540338 0.02198573 57.67864908
0.00603898 0.99956272 -0.02894653 -641.67199122
-0.02181970 0.02907188 0.99933914 -8.28933837
0.00000000 0.00000000 0.00000000 1.00000000
169	169	170
0.99967348 -0.00380526 0.02526776 56.36191204
0.00451889 0.99959078 -0.02824619 -645.20151102
-0.02514994 0.02835115 0.99928159 -8.28722277
0.00000000 0.00000000 0.00000000 1.00000000
170	170	171
0.99966364 -0.00278795 0.02578456 54.19769644
0.00343260 0.99968178 -0.02499096 -649.23936541
-0.02570668 0.02507106 0.99935510 -8.29256165
0.00000000 0.00000000 0.00000000 1.00000000
171	171	172
0.99982175 -0.00163562 0.01880933 50.75185874
0.00201863 0.99979064 -0.02036182 -653.90714068
-0.01877209 0.02039616 0.99961573 -8.30232823
0.00000000 0.00000000 0.00000000 1.00000000
172	172	173
0.99982802 0.00140954 0.01849194 44.21060138
-0.00108130 0.99984190 -0.01774830 -660.60145809
-0.01851403 0.01772525 0.99967147 -8.24009215
0.00000000 0.00000000 0.00000000 1.00000000
173	173	174
0.99966377 0.00452144 0.02553251 25.05332687
-0.00429427 0.99995077 -0.00894524 -666.68394457
-0.02557170 0.00883259 0.99963397 -7.97389610
0.00000000 0.00000000 0.00000000 1.00000000
174	174	175
0.99963700 0.00871582 0.02549327 14.13335780
-0.00861827 0.99995512 -0.00393382 -667.55691550
-0.02552642 0.00371268 0.99966725 -7.92910630
0.00000000 0.00000000 0.00000000 1.00000000
175	175	176
0.99958937 0.01009935 0.02681598 5.68842610
-0.01009064 0.99994898 -0.00046022 -668.09854255
-0.02681926 0.00018945 0.99964028 -7.83790222
0.00000000 0.00000000 0.00000000 1.00000000
176	176	177
0.99957826 0.01139958 0.02670861 -3.44317353
-0.01142118 0.99993456 0.00065610 -668.41940361
-0.02669938 -0.00096086 0.99964305 -7.73166286
0.00000000 0.00000000 0.00000000 1.00000000
177	177	178
0.99961910 0.01206890 0.02481910 -11.83182691
-0.01213120 0.99992363 0.00236115 -668.84462517
-0.02478871 -0.00266134 0.99968917 -7.48386926
0.00000000 0.00000000 0.00000000 1.00000000
178	178	179
0.99963927 0.01315694 0.02341418 -18.50984633
-0.01325979 0.99990308 0.00424277 -669.55396981
-0.02335609 -0.00455171 0.99971685 -7.25196832
0.00000000 0.00000000 0.00000000 1.00000000
179	179	180
0.99962478 0.01415558 0.02345049 -24.90872056
-0.01428234 0.99988424 0.00524701 -670.86416277
-0.02337350 -0.00557997 0.99971123 -7.02140256
0.00000000 0.00000000 0.00000000 1.00000000
180	180	181
0.99963789 0.01245774 0.02385134 -31.34894097
-0.01256324 0.99991192 0.00427875 -673.28989731
-0.02379593 -0.00457685 0.99970636 -6.80430144
0.00000000 0.00000000 0.00000000 1.00000000
181	181	182
0.99960828 0.01158227 0.02547805 -38.29578609
-0.01166102 0.99992767 0.00294434 -676.87792832
-0.02544211 -0.00324028 0.99967105 -6.56680220
0.00000000 0.00000000 0.00000000 1.00000000
182	182	183
0.99961676 0.00920612 0.02610711 -45.40614876
-0.00926342 0.99995494 0.00207460 -682.31373957
-0.02608684 -0.00231565 0.99965700 -6.26756821
0.00000000 0.00000000 0.00000000 1.00000000
183	183	184
0.99951857 0.00466450 0.03067372 -54.00038372
-0.00460546 0.99998740 -0.00199526 -694.44612479
-0.03068264 0.00185303 0.99952746 -5.70426191
0.00000000 0.00000000 0.00000000 1.00000000
184	184	185
0.99946222 0.00556913 0.03231508 -57.62407135
-0.00549845 0.99998229 -0.00227557 -705.81336326
-0.03232718 0.00209666 0.99947514 -5.62857770
0.00000000 0.00000000 0.00000000 1.00000000
185	185	186
0.99930742 0.00744652 0.03645858 -59.90469142
-0.00728511 0.99996307 -0.00455825 -716.59220202
-0.03649117 0.00428949 0.99932477 -5.45693014
0.00000000 0.00000000 0.00000000 1.00000000
186	186	187
0.99904347 0.01106827 0.04230401 -62.53015299
-0.01099796 0.99993773 -0.00189427 -728.42966303
-0.04232234 0.00142720 0.99910299 -5.27270029
0.00000000 0.00000000 0.00000000 1.00000000
187	187	188
0.99903461 0.01311262 0.04192739 -67.20406404
-0.01346017 0.99987726 0.00801773 -746.21380517
-0.04181711 -0.00857434 0.99908849 -5.24752778
0.00000000 0.00000000 0.00000000 1.00000000
188	188	189
0.99887928 0.01469676 0.04499107 -68.75357141
-0.01526150 0.99980868 0.01223469 -752.03901491
-0.04480265 -0.01290761 0.99891247 -5.26328354
0.00000000 0.00000000 0.00000000 1.00000000
189	189	190
0.99854296 0.01834401 0.05074902 -70.32281729
-0.01914828 0.99969793 0.01540739 -757.54918887
-0.05045106 -0.01635669 0.99859258 -5.29062994
0.00000000 0.00000000 0.00000000 1.00000000
190	190	191
0.99828753 0.01837999 0.05553544 -71.72522079
-0.01930483 0.99968299 0.01616279 -762.64413089
-0.05522077 -0.01720722 0.99832589 -5.31084519
0.00000000 0.00000000 0.00000000 1.00000000
191	191	192
0.99807109 0.01854822 0.05924580 -73.00909468
-0.01955912 0.99967207 0.01652878 -767.73153340
-0.05891979 -0.01765569 0.99810658 -5.34606494
0.00000000 0.00000000 0.00000000 1.00000000
192	192	193
0.99791339 0.01719106 0.06223611 -74.32962111
-0.01830299 0.99968210 0.01734042 -773.20143460
-0.06191822 -0.01844334 0.99791081 -5.40561172
0.00000000 0.00000000 0.00000000 1.00000000
193	193	194
0.99758361 0.01879035 0.06688701 -78.12724001
-0.02002478 0.99964043 0.01783296 -786.83072048
-0.06652787 -0.01912926 0.99760118 -5.48856552
0.00000000 0.00000000 0.00000000 1.00000000
194	194	195
0.99727897 0.01904057 0.07121883 -81.35939917
-0.02039902 0.99962266 0.01839588 -793.80311343
-0.07084169 -0.01979862 0.99729107 -5.36849264
0.00000000 0.00000000 0.00000000 1.00000000
195	195	196
0.99723753 0.01887470 0.07184055 -85.62850369
-0.02031896 0.99960480 0.01942619 -800.46381488
-0.07144549 -0.02083225 0.99722693 -5.19035825
0.00000000 0.00000000 0.00000000 1.00000000
196	196	197
0.99718219 0.01772943 0.07289268 -92.05668910
-0.01939691 0.99956466 0.02223189 -807.76013946
-0.07246679 -0.02358313 0.99709197 -4.89661233
0.00000000 0.00000000 0.00000000 1.00000000
197	197	198
0.99705617 0.01485042 0.07522275 -102.07565315
-0.01700702 0.99946014 0.02811047 -814.78889346
-0.07476469 -0.02930704 0.99677045 -4.38993999
0.00000000 0.00000000 0.00000000 1.00000000
198	198	199
0.99670979 0.01035765 0.08038857 -115.01643539
-0.01320386 0.99930165 0.03495514 -818.72351886
-0.07997038 -0.03590157 0.99615050 -3.68796682
0.00000000 0.00000000 0.00000000 1.00000000
199	199	200
0.99664870 0.00154361 0.08178618 -126.78614881
-0.00505264 0.99907450 0.04271541 -820.34826548
-0.08164455 -0.04298549 0.99573411 -2.97562820
0.00000000 0.00000000 0.00000000 1.00000000
200	200	201
0.99699501 -0.00351007 0.07738627 -137.55522202
-0.00003308 0.99895354 0.04573640 -821.92854744
-0.07746583 -0.04560152 0.99595158 -2.20474001
