0	0	1
1.00000000 0.00000000 0.00000000 0.00000000
0.00000000 1.00000000 0.00000000 0.00000000
0.00000000 0.00000000 1.00000000 0.00000000
0.00000000 0.00000000 0.00000000 1.00000000
1	1	2
0.74240017 0.55183182 -0.37989951 -7.63836188
-0.40497029 0.82136370 0.40169732 13.26384437
0.53370503 -0.14437214 0.83325604 -0.06212252
0.00000000 0.00000000 0.00000000 1.00000000
2	2	3
0.48467756 0.65316392 -0.58177707 -5.51839632
-0.34965318 0.75434588 0.55561223 23.47277249
0.80176700 -0.06587258 0.59399536 -4.01460631
0.00000000 0.00000000 0.00000000 1.00000000
3	3	4
0.38834000 0.45787730 -0.79971271 -1.74544798
-0.14001785 0.88706501 0.43989847 31.84969525
0.91081669 -0.05885611 0.40859382 -8.25096615
0.00000000 0.00000000 0.00000000 1.00000000
4	4	5
0.36351082 -0.14206158 -0.92069452 0.84289921
0.28926148 0.95666707 -0.03340517 40.77869513
0.88554372 -0.25417832 0.38885177 -13.07204086
0.00000000 0.00000000 0.00000000 1.00000000
5	5	6
0.70611383 -0.37435828 -0.60104837 -1.89528143
0.15702758 0.91047087 -0.38260310 47.96860474
0.69046767 0.17578017 0.70168065 -19.31484109
0.00000000 0.00000000 0.00000000 1.00000000
6	6	7
0.88940143 -0.30719797 -0.33851811 -8.39770861
0.08707889 0.84082981 -0.53424948 55.60706338
0.44875647 0.44568447 0.77458569 -20.85736078
0.00000000 0.00000000 0.00000000 1.00000000
7	7	8
0.95756766 -0.14629983 -0.24831541 -15.03476527
0.00555147 0.87078529 -0.49163214 62.65388803
0.28815510 0.46939252 0.83464801 -19.07992224
0.00000000 0.00000000 0.00000000 1.00000000
8	8	9
0.97400396 0.02617848 -0.22501326 -20.69064711
-0.10161755 0.93824571 -0.33070964 70.21569524
0.20246025 0.34497780 0.91651523 -16.38310983
0.00000000 0.00000000 0.00000000 1.00000000
9	9	10
0.97348283 0.15493960 -0.16830003 -24.83478098
-0.18399776 0.96747297 -0.17361130 78.72536354
0.13592647 0.19997445 0.97032686 -14.39060491
0.00000000 0.00000000 0.00000000 1.00000000
10	10	11
0.97844574 0.13258224 -0.15832208 -27.98510264
-0.14070893 0.98919237 -0.04122433 88.51831724
0.15114539 0.06261310 0.98652657 -13.19778417
0.00000000 0.00000000 0.00000000 1.00000000
11	11	12
0.97968136 0.14485358 -0.13871509 -31.27790633
-0.13730722 0.98855103 0.06255871 98.29093744
0.14618879 -0.04224102 0.98835446 -13.26838277
0.00000000 0.00000000 0.00000000 1.00000000
12	12	13
0.97520467 0.19414440 -0.10622528 -34.81532152
-0.17946632 0.97463488 0.13371124 108.78387399
0.12949015 -0.11133196 0.98531086 -14.33336514
0.00000000 0.00000000 0.00000000 1.00000000
13	13	14
0.95572521 0.28911013 -0.05481483 -38.04027388
-0.27916122 0.94971889 0.14178520 119.80557247
0.09305022 -0.12020551 0.98837862 -15.96418651
0.00000000 0.00000000 0.00000000 1.00000000
14	14	15
0.90247808 0.43067901 0.00699374 -39.78401646
-0.43073566 0.90234581 0.01545411 132.57624771
0.00034499 -0.01695945 0.99985612 -17.84099975
0.00000000 0.00000000 0.00000000 1.00000000
15	15	16
0.74878313 0.66214387 0.02982163 -37.47889202
-0.66195343 0.74934584 -0.01727595 144.33172827
-0.03378588 -0.00680459 0.99940593 -18.36718318
0.00000000 0.00000000 0.00000000 1.00000000
16	16	17
0.73302628 0.67903010 0.03988228 -34.62919710
-0.67567801 0.73364993 -0.07222882 147.23565395
-0.07830518 0.02599805 0.99659039 -18.48522155
0.00000000 0.00000000 0.00000000 1.00000000
17	17	18
0.75296065 0.65705416 0.03647036 -31.55975492
-0.64719413 0.74941557 -0.13969987 149.24484944
-0.11912184 0.08158510 0.98952204 -18.60392041
0.00000000 0.00000000 0.00000000 1.00000000
18	18	19
0.74807907 0.66291122 -0.03043697 -27.66614989
-0.64930127 0.72170617 -0.23989177 151.15535542
-0.13706040 0.19922077 0.97032239 -18.59191743
0.00000000 0.00000000 0.00000000 1.00000000
19	19	20
0.58961974 0.75146367 -0.29605898 -22.29456698
-0.79527100 0.47614183 -0.37527721 153.24907978
-0.14104112 0.45671798 0.87835989 -18.08309300
0.00000000 0.00000000 0.00000000 1.00000000
20	20	21
-0.14449110 -0.96933808 0.19876116 -12.59399797
0.85342038 -0.22374053 -0.47075879 151.60728636
0.50079535 0.10160637 0.85958139 -16.03874568
0.00000000 0.00000000 0.00000000 1.00000000
21	21	22
0.26874175 -0.94704117 0.17575806 -21.97946744
0.96209025 0.25511732 -0.09642357 162.22368225
0.04647817 0.19500815 0.97969975 -8.42132536
0.00000000 0.00000000 0.00000000 1.00000000
22	22	23
0.75719591 0.33672330 0.55970686 -23.19182698
-0.39569154 0.91822424 -0.01710088 172.82846447
-0.51969468 -0.20852256 0.82851420 -7.39515797
0.00000000 0.00000000 0.00000000 1.00000000
23	23	24
0.64638841 0.58981879 0.48404114 -15.04111273
-0.55728548 0.79825967 -0.22850469 172.30548782
-0.52116688 -0.12204632 0.84468324 -12.94038956
0.00000000 0.00000000 0.00000000 1.00000000
24	24	25
0.10062998 0.42247017 0.90077331 -6.89422928
0.31203998 0.84628678 -0.43177511 170.00027917
-0.94472465 0.32452681 -0.04666576 -18.40541417
0.00000000 0.00000000 0.00000000 1.00000000
25	25	26
0.77468127 -0.08540304 0.62655826 -4.50903455
0.35380325 0.87977243 -0.31752754 176.23845094
-0.52411086 0.46766099 0.71175909 -26.89873634
0.00000000 0.00000000 0.00000000 1.00000000
26	26	27
0.99545471 0.04618798 0.08328620 2.69852965
-0.04523864 0.99888832 -0.01325085 183.03895474
-0.08380564 0.00942286 0.99643757 -30.40151516
0.00000000 0.00000000 0.00000000 1.00000000
27	27	28
0.72088663 0.68748417 -0.08768117 12.50318026
-0.55913767 0.65167207 0.51253153 186.28402360
0.40949668 -0.32045129 0.85417998 -31.24022711
0.00000000 0.00000000 0.00000000 1.00000000
28	28	29
0.50678543 0.86090432 0.04485837 21.68528426
-0.46766960 0.23084303 0.85322719 183.39330166
0.72419174 -0.45338201 0.51960666 -28.62295450
0.00000000 0.00000000 0.00000000 1.00000000
29	29	30
0.88053456 0.32297150 -0.34691252 29.89300519
0.37702866 -0.03371434 0.92558778 179.58236642
0.28724254 -0.94580799 -0.15145615 -23.12186097
0.00000000 0.00000000 0.00000000 1.00000000
30	30	31
0.97637354 0.19200080 -0.09914834 40.23464538
0.09006788 0.05547965 0.99438915 183.41703176
0.19642423 -0.97982534 0.03687576 -23.78555879
0.00000000 0.00000000 0.00000000 1.00000000
31	31	32
0.99873131 0.01317948 0.04860125 51.92470667
-0.05028863 0.21093398 0.97620588 184.85320610
0.00261423 -0.97741146 0.21132914 -25.17214733
0.00000000 0.00000000 0.00000000 1.00000000
32	32	33
0.96444018 -0.20106575 0.17154503 60.21661153
-0.08475653 0.37949119 0.92130493 185.07912771
-0.25034269 -0.90308306 0.34895491 -26.09270569
0.00000000 0.00000000 0.00000000 1.00000000
33	33	34
0.90984223 -0.28606001 0.30059407 65.04032142
-0.10907107 0.53406380 0.83837901 184.53030417
-0.40036312 -0.79557874 0.45471292 -26.34159630
0.00000000 0.00000000 0.00000000 1.00000000
34	34	35
0.86219914 -0.23190782 0.45036807 69.37657247
-0.19378772 0.67043106 0.71621821 183.29970944
-0.46803735 -0.70479852 0.53310420 -26.53540775
0.00000000 0.00000000 0.00000000 1.00000000
35	35	36
0.78239198 -0.23065192 0.57850020 74.15870984
-0.23730352 0.74840558 0.61933523 180.68205383
-0.57580364 -0.62184305 0.53081201 -26.82601239
0.00000000 0.00000000 0.00000000 1.00000000
36	36	37
0.66246303 -0.31641585 0.67898729 79.81199683
-0.15350289 0.82983510 0.53647980 176.25682709
-0.73319819 -0.45962455 0.50116433 -27.53632050
0.00000000 0.00000000 0.00000000 1.00000000
37	37	38
0.47882089 -0.48507717 0.73173130 89.03386894
0.08243700 0.85465012 0.51261810 166.32194699
-0.87403358 -0.18513052 0.44921264 -28.53185729
0.00000000 0.00000000 0.00000000 1.00000000
38	38	39
0.36891089 -0.57056477 0.73373061 95.46687073
0.16084486 0.81669131 0.55420595 157.09874189
-0.91544180 -0.08643581 0.39305873 -28.48124343
0.00000000 0.00000000 0.00000000 1.00000000
39	39	40
0.17792807 -0.88232154 0.43571815 101.25108503
0.31297944 0.47053170 0.82501139 149.66235561
-0.93294452 -0.01042186 0.35986929 -28.78678808
0.00000000 0.00000000 0.00000000 1.00000000
40	40	41
0.72176628 -0.66851845 0.17926662 109.36017010
-0.02232203 0.23638658 0.97140265 145.94861061
-0.69177682 -0.70512727 0.15569317 -29.83569174
0.00000000 0.00000000 0.00000000 1.00000000
41	41	42
0.73644222 -0.31236569 0.60006710 117.15015583
-0.29441050 0.65062709 0.70000489 143.70380391
-0.60907742 -0.69217921 0.38718552 -23.79293384
0.00000000 0.00000000 0.00000000 1.00000000
42	42	43
0.39061015 0.16083819 0.90639660 122.04316440
0.19453315 0.94796043 -0.25204736 136.16824417
-0.89976695 0.27477644 0.33899460 -17.17624881
0.00000000 0.00000000 0.00000000 1.00000000
43	43	44
0.28416367 0.11898655 0.95136387 121.00728375
0.42563595 0.87347535 -0.23637863 126.43966263
-0.85911876 0.47210488 0.19756500 -21.39574027
0.00000000 0.00000000 0.00000000 1.00000000
44	44	45
0.30042495 -0.37709931 0.87609415 120.17984243
-0.04790462 0.91140022 0.40872336 117.46904339
-0.95260170 -0.16475965 0.25574257 -28.03069645
0.00000000 0.00000000 0.00000000 1.00000000
45	45	46
0.17046295 -0.19770596 0.96532623 124.79561215
-0.22435931 0.94614438 0.23339605 107.47363913
-0.95948178 -0.25636531 0.11692539 -27.69092399
0.00000000 0.00000000 0.00000000 1.00000000
46	46	47
-0.01429660 -0.14925755 0.98869499 127.29961823
-0.15892660 0.97656546 0.14512833 97.12589623
-0.98718688 -0.15505509 -0.03768256 -26.25477979
0.00000000 0.00000000 0.00000000 1.00000000
47	47	48
-0.19883918 -0.15854188 0.96712329 129.28024934
0.00102450 0.98679398 0.16197716 85.47600519
-0.98003160 0.03319823 -0.19605088 -26.25330665
0.00000000 0.00000000 0.00000000 1.00000000
48	48	49
-0.34241870 -0.18978995 0.92017890 131.33871319
-0.07317345 0.98179745 0.17526954 68.16918572
-0.93669370 -0.00731710 -0.35007339 -30.64844688
0.00000000 0.00000000 0.00000000 1.00000000
49	49	50
-0.47337939 -0.21513022 0.85418437 132.05307505
-0.19814213 0.97087218 0.13471043 60.67107295
-0.85828413 -0.10548077 -0.50221724 -32.04055958
0.00000000 0.00000000 0.00000000 1.00000000
50	50	51
-0.40221731 -0.09399331 0.91070659 132.84653399
-0.22103604 0.97526092 0.00303444 53.95163696
-0.88846176 -0.20007847 -0.41304273 -32.31798861
0.00000000 0.00000000 0.00000000 1.00000000
51	51	52
-0.30847859 -0.08888861 0.94706904 132.91579552
-0.26530817 0.96415505 0.00407627 47.74280181
-0.91348373 -0.25000771 -0.32100407 -31.98352002
0.00000000 0.00000000 0.00000000 1.00000000
52	52	53
-0.21379237 -0.06907665 0.97443380 132.90524904
-0.25118910 0.96784391 0.01349820 42.31952118
-0.94403223 -0.24188134 -0.22426894 -31.71387399
0.00000000 0.00000000 0.00000000 1.00000000
53	53	54
-0.12404166 -0.03479327 0.99166683 132.90534625
-0.20075900 0.97959691 0.00925805 36.24220658
-0.97175588 -0.19793766 -0.12849589 -31.39881446
0.00000000 0.00000000 0.00000000 1.00000000
54	54	55
-0.03598018 0.05973631 0.99756554 132.90272890
-0.17326255 0.98272199 -0.06509668 23.79690059
-0.98421822 -0.17518294 -0.02500845 -30.70399968
0.00000000 0.00000000 0.00000000 1.00000000
55	55	56
0.08956170 -0.01881197 0.99580360 132.29541603
-0.22015179 0.97471683 0.03821387 12.54633670
-0.97134540 -0.22265044 0.08315580 -30.12955341
0.00000000 0.00000000 0.00000000 1.00000000
56	56	57
0.21685082 -0.10665235 0.97036127 132.72708176
-0.25550501 0.95316225 0.16186081 1.28074597
-0.94217456 -0.28303182 0.17944380 -29.22744971
0.00000000 0.00000000 0.00000000 1.00000000
57	57	58
0.30078525 0.00528697 0.95367724 134.54545579
-0.19048020 0.98016910 0.05464271 -10.39051535
-0.93447607 -0.19809235 0.29582747 -27.49894354
0.00000000 0.00000000 0.00000000 1.00000000
58	58	59
0.38705558 0.00705318 0.92202941 134.87540018
0.13322971 0.98904923 -0.06349390 -20.79348558
-0.91238031 0.14741738 0.38187733 -26.25843235
0.00000000 0.00000000 0.00000000 1.00000000
59	59	60
0.47519710 -0.13330264 0.86972301 135.12101088
0.24515603 0.96937327 0.01462832 -30.88731586
-0.84503624 0.20626650 0.49332331 -28.56056722
0.00000000 0.00000000 0.00000000 1.00000000
60	60	61
0.67648026 -0.45504433 0.57905882 136.60874849
0.16273442 0.85919768 0.48507406 -40.68716754
-0.71825620 -0.23391023 0.65528164 -31.15448461
0.00000000 0.00000000 0.00000000 1.00000000
61	61	62
0.64321796 -0.60640147 0.46749109 141.90711284
0.40438177 0.78749651 0.46510711 -49.03566353
-0.65018924 -0.11012037 0.75174960 -29.51043589
0.00000000 0.00000000 0.00000000 1.00000000
62	62	63
0.71930968 -0.30851674 0.62242350 148.95316309
0.40169811 0.91571384 -0.01033427 -56.85107435
-0.56677352 0.25745988 0.78261241 -28.90910247
0.00000000 0.00000000 0.00000000 1.00000000
63	63	64
0.72351265 0.50731582 0.46814539 153.11418229
-0.37675897 0.85845449 -0.34800656 -66.03114896
-0.57843075 0.07540917 0.81223847 -32.24857055
0.00000000 0.00000000 0.00000000 1.00000000
64	64	65
0.31540916 0.73296680 0.60272442 148.53971238
-0.93185995 0.35924854 0.05076932 -74.84110500
-0.17931564 -0.57766786 0.79633269 -33.58714482
0.00000000 0.00000000 0.00000000 1.00000000
65	65	66
0.79103015 0.24899871 0.55881208 141.48371223
-0.32903908 0.94322008 0.04548800 -79.22373474
-0.51575632 -0.21985339 0.82804583 -28.03898038
0.00000000 0.00000000 0.00000000 1.00000000
66	66	67
0.85277616 0.01409447 0.52208636 140.19783787
-0.04554414 0.99783459 0.04745384 -88.96147143
-0.52028699 -0.06424547 0.85157147 -26.46560022
0.00000000 0.00000000 0.00000000 1.00000000
67	67	68
0.87242333 -0.05675437 0.48544462 140.69379321
0.03873436 0.99813970 0.04708268 -98.60083270
-0.48721370 -0.02227265 0.87299870 -26.26854215
0.00000000 0.00000000 0.00000000 1.00000000
68	68	69
0.89088128 -0.05655367 0.45070193 142.09218100
0.04757245 0.99837910 0.03124149 -109.03776788
-0.45173821 -0.00639146 0.89212765 -26.58357949
0.00000000 0.00000000 0.00000000 1.00000000
69	69	70
0.90778983 0.00985657 0.41930951 143.46588331
0.00552278 0.99935626 -0.03544815 -119.50468941
-0.41938898 0.03449523 0.90715102 -27.00552945
0.00000000 0.00000000 0.00000000 1.00000000
70	70	71
0.92751649 0.05323771 0.36997150 144.58955517
-0.04698411 0.99855979 -0.02590065 -129.13933769
-0.37081755 0.00664050 0.92868199 -27.71104132
0.00000000 0.00000000 0.00000000 1.00000000
71	71	72
0.94400465 0.08290364 0.31934654 145.28343124
-0.08958508 0.99595948 0.00626300 -139.12200818
-0.31753699 -0.03452099 0.94761731 -28.13899718
0.00000000 0.00000000 0.00000000 1.00000000
72	72	73
0.96331168 0.01975861 0.26765687 145.51031176
-0.03366872 0.99830460 0.04748002 -149.73245912
-0.26626495 -0.05474972 0.96234373 -28.12438296
0.00000000 0.00000000 0.00000000 1.00000000
73	73	74
0.97647818 -0.02479208 0.21418617 146.87688663
0.00966778 0.99740277 0.07137396 -159.75333269
-0.21539939 -0.06762440 0.97418173 -27.94101629
0.00000000 0.00000000 0.00000000 1.00000000
74	74	75
0.98650288 0.00731513 0.16358042 148.88441339
-0.01961714 0.99708629 0.07371631 -170.42486505
-0.16256455 -0.07593033 0.98377200 -27.56934044
0.00000000 0.00000000 0.00000000 1.00000000
75	75	76
0.99168819 0.07548352 0.10419584 150.29265729
-0.07771884 0.99682072 0.01755647 -181.19733106
-0.10253935 -0.02550853 0.99440183 -26.98516569
0.00000000 0.00000000 0.00000000 1.00000000
76	76	77
0.97666590 0.21115943 0.03918436 150.84706460
-0.21030210 0.97731953 -0.02489119 -191.94784552
-0.04355165 0.01606982 0.99892193 -26.85724665
0.00000000 0.00000000 0.00000000 1.00000000
77	77	78
0.92950272 0.36793068 -0.02552833 149.10353108
-0.36851550 0.92930986 -0.02407316 -208.29764449
0.01486647 0.03178365 0.99938420 -27.18101677
0.00000000 0.00000000 0.00000000 1.00000000
78	78	79
0.94385522 0.32007721 -0.08177961 146.00222385
-0.32066688 0.94717190 0.00617558 -218.74715323
0.07943601 0.02039516 0.99663130 -27.46935247
0.00000000 0.00000000 0.00000000 1.00000000
79	79	80
0.98883887 -0.04044592 -0.14339395 144.50518272
0.04288242 0.99898286 0.01394078 -223.86276059
0.14268425 -0.01993426 0.98956750 -27.50468516
0.00000000 0.00000000 0.00000000 1.00000000
80	80	81
0.95654803 -0.24251468 -0.16187184 144.83900703
0.24274597 0.96991055 -0.01865279 -228.72879413
0.16152478 -0.02145144 0.98663549 -27.37881314
0.00000000 0.00000000 0.00000000 1.00000000
81	81	82
0.95974516 -0.20866468 -0.18801137 146.11815160
0.20947926 0.97768618 -0.01575367 -233.21728542
0.18710335 -0.02426498 0.98204050 -27.25567976
0.00000000 0.00000000 0.00000000 1.00000000
82	82	83
0.97292548 -0.07804427 -0.21754334 147.21139986
0.08231888 0.99654922 0.01064240 -237.78158140
0.21596206 -0.02826218 0.97599264 -27.11165498
0.00000000 0.00000000 0.00000000 1.00000000
83	83	84
0.96641910 0.08260347 -0.24333268 147.98424711
-0.07258552 0.99611472 0.04986793 -246.35042480
0.24650653 -0.03053089 0.96866010 -26.87417011
0.00000000 0.00000000 0.00000000 1.00000000
84	84	85
0.96227013 -0.03543138 -0.26977919 146.68948486
0.04463421 0.99860945 0.02805280 -263.58212844
0.26841010 -0.03903576 0.96251350 -26.33656876
0.00000000 0.00000000 0.00000000 1.00000000
85	85	86
0.89464479 -0.35092356 -0.27652009 147.38985648
0.37343740 0.92711590 0.03163248 -275.90195811
0.24526559 -0.13156278 0.96048739 -25.91218785
0.00000000 0.00000000 0.00000000 1.00000000
86	86	87
0.92694905 -0.22445480 -0.30064183 151.46458809
0.26494172 0.95896814 0.10092568 -286.67918467
0.26565268 -0.17320553 0.94838204 -24.41792244
0.00000000 0.00000000 0.00000000 1.00000000
87	87	88
0.94485630 0.10044776 -0.31169989 153.34505457
-0.05406021 0.98658134 0.15406089 -296.91858167
0.32299237 -0.12871484 0.93760782 -22.66765589
0.00000000 0.00000000 0.00000000 1.00000000
88	88	89
0.87192423 0.37194111 -0.31844615 151.86467641
-0.33443501 0.92741333 0.16750447 -306.82488026
0.35763300 -0.03955166 0.93302428 -21.46659544
0.00000000 0.00000000 0.00000000 1.00000000
89	89	90
0.88369938 0.32588909 -0.33596383 147.38603695
-0.30064818 0.94534958 0.12619367 -316.21351174
0.35872841 -0.01051036 0.93338280 -20.89251621
0.00000000 0.00000000 0.00000000 1.00000000
90	90	91
0.91925818 -0.23691999 -0.31437765 143.20339479
0.23385066 0.97108534 -0.04803269 -326.09505579
0.31666743 -0.02936298 0.94808204 -20.81287012
0.00000000 0.00000000 0.00000000 1.00000000
91	91	92
0.91342934 -0.30484790 -0.26965645 145.01115404
0.29261583 0.95240070 -0.08549200 -335.87171359
0.28288305 -0.00081484 0.95915406 -20.65521801
0.00000000 0.00000000 0.00000000 1.00000000
92	92	93
0.94578279 -0.22065039 -0.23834495 147.96095628
0.20790184 0.97505945 -0.07769104 -345.44001903
0.24954306 0.02392650 0.96806807 -20.60356610
0.00000000 0.00000000 0.00000000 1.00000000
93	93	94
0.97101065 -0.08756605 -0.22241964 151.00856878
0.08812319 0.99608181 -0.00743816 -355.44928363
0.22219949 -0.01237779 0.97492265 -20.56045924
0.00000000 0.00000000 0.00000000 1.00000000
94	94	95
0.97467041 0.08051814 -0.20864903 152.90402856
-0.04210157 0.98232091 0.18240914 -365.01975150
0.21964755 -0.16900434 0.96082906 -20.13079034
0.00000000 0.00000000 0.00000000 1.00000000
95	95	96
0.96909886 0.16082039 -0.18704066 153.37319571
-0.14913677 0.98596532 0.07503741 -375.22568114
0.19648315 -0.04482402 0.97948210 -18.24221165
0.00000000 0.00000000 0.00000000 1.00000000
96	96	97
0.96556321 0.19297938 -0.17448968 153.66131858
-0.18800981 0.98114781 0.04473579 -386.36081126
0.17983325 -0.01038946 0.98364224 -17.34507817
0.00000000 0.00000000 0.00000000 1.00000000
97	97	98
0.97436975 0.15777088 -0.16034943 153.83327598
-0.15371805 0.98740471 0.03745254 -396.91939199
0.16423870 -0.01184402 0.98634952 -16.77171100
0.00000000 0.00000000 0.00000000 1.00000000
98	98	99
0.98852525 0.03713544 -0.14641992 153.82611807
-0.03260548 0.99891612 0.03321850 -408.24383986
0.14749480 -0.02806324 0.98866462 -16.38527904
0.00000000 0.00000000 0.00000000 1.00000000
99	99	100
0.98367605 -0.12081910 -0.13335735 152.93749979
0.12847817 0.99043212 0.05037431 -425.61986597
0.12599522 -0.06668551 0.98978697 -16.02579322
0.00000000 0.00000000 0.00000000 1.00000000
100	100	101
0.97303624 -0.19890348 -0.11678137 151.44477978
0.20501336 0.97782503 0.04275192 -431.04996554
0.10568824 -0.06554091 0.99223706 -16.15509742
0.00000000 0.00000000 0.00000000 1.00000000
101	101	102
0.96686097 -0.23606321 -0.09723180 150.30176543
0.24053771 0.96993298 0.03703551 -435.20660779
0.08556561 -0.05919610 0.99457245 -16.28773113
0.00000000 0.00000000 0.00000000 1.00000000
102	102	103
0.95955661 -0.27017736 -0.07909050 149.12526678
0.27384065 0.96095699 0.03966068 -439.02111644
0.06528715 -0.05971486 0.99607817 -16.36021319
0.00000000 0.00000000 0.00000000 1.00000000
103	103	104
0.95093223 -0.30512875 -0.05122830 147.22941560
0.30802851 0.94922049 0.06402264 -443.56487642
0.02909180 -0.07666097 0.99663271 -16.41466428
0.00000000 0.00000000 0.00000000 1.00000000
104	104	105
0.95892742 -0.28364264 0.00224637 144.00786890
0.28138702 0.95224076 0.11857012 -447.86639774
-0.03577063 -0.11306804 0.99294314 -16.39181699
0.00000000 0.00000000 0.00000000 1.00000000
105	105	106
0.97156037 -0.13839133 0.19214131 133.30501603
0.09336829 0.96958707 0.22623721 -457.63557470
-0.21760700 -0.20186320 0.95493374 -15.67363601
0.00000000 0.00000000 0.00000000 1.00000000
106	106	107
0.95738964 -0.05124088 0.28421725 122.61373012
-0.02323139 0.96728037 0.25264401 -464.02617137
-0.28786347 -0.24848152 0.92487381 -12.05012197
0.00000000 0.00000000 0.00000000 1.00000000
107	107	108
0.95441820 0.00184146 0.29846694 111.97706045
-0.07751783 0.96719622 0.24191416 -468.16170260
-0.28823062 -0.25402378 0.92325242 -7.58253429
0.00000000 0.00000000 0.00000000 1.00000000
108	108	109
0.97325375 0.02601731 0.22825474 102.30077318
-0.07317406 0.97692580 0.20065276 -471.13419254
-0.21776750 -0.21198838 0.95270050 -3.69934902
0.00000000 0.00000000 0.00000000 1.00000000
109	109	110
0.99714195 -0.00127292 0.07554020 92.10164437
-0.00744949 0.99332913 0.11507275 -474.22089985
-0.07518275 -0.11530661 0.99048066 -0.69144500
0.00000000 0.00000000 0.00000000 1.00000000
110	110	111
0.98877673 -0.06351566 -0.13522696 82.64124835
0.06465458 0.99789951 0.00404283 -477.59072311
0.13468614 -0.01274050 0.99080640 0.34093669
0.00000000 0.00000000 0.00000000 1.00000000
111	111	112
0.93527410 -0.15851649 -0.31644097 73.47160084
0.12976595 0.98541390 -0.11009200 -481.84458826
0.32927672 0.06190293 0.94220214 -0.97042699
0.00000000 0.00000000 0.00000000 1.00000000
112	112	113
0.88686757 -0.24475236 -0.39187013 65.15896662
0.18519282 0.96535758 -0.18381611 -486.78710770
0.42328423 0.09044901 0.90147071 -4.29980278
0.00000000 0.00000000 0.00000000 1.00000000
113	113	114
0.91827478 -0.25608271 -0.30198190 55.49536076
0.22367092 0.96483922 -0.13804562 -493.78546125
0.32671508 0.05921924 0.94326578 -9.67531741
0.00000000 0.00000000 0.00000000 1.00000000
114	114	115
0.96321459 -0.23818075 -0.12444915 50.89713776
0.23277530 0.97088674 -0.05652079 -495.67831991
0.13428819 0.02547296 0.99061486 -11.32221861
0.00000000 0.00000000 0.00000000 1.00000000
115	115	116
0.96835663 -0.24239569 -0.05941190 47.12509105
0.23926969 0.96938567 -0.05514916 -496.14243090
0.07096096 0.03918859 0.99670898 -11.73687774
0.00000000 0.00000000 0.00000000 1.00000000
116	116	117
0.97297061 -0.23072584 -0.00968379 42.93131346
0.22992011 0.97178336 -0.05266728 -496.10161863
0.02156225 0.04901722 0.99856516 -11.91561232
0.00000000 0.00000000 0.00000000 1.00000000
117	117	118
0.98251886 -0.18555828 0.01499416 37.58766611
0.18607088 0.98137652 -0.04772584 -495.76329003
-0.00585899 0.04968151 0.99874793 -11.86558761
0.00000000 0.00000000 0.00000000 1.00000000
118	118	119
0.99694859 -0.07806090 -0.00011226 30.10207981
0.07801583 0.99641992 -0.03257089 -494.40817814
0.00265437 0.03246274 0.99946942 -11.53980229
0.00000000 0.00000000 0.00000000 1.00000000
119	119	120
0.98452647 -0.16966062 -0.04385082 18.95287902
0.17024358 0.98535235 0.00989305 -481.75161572
0.04153005 -0.01720529 0.99898911 -10.99732691
0.00000000 0.00000000 0.00000000 1.00000000
120	120	121
0.99920279 -0.02245269 -0.03300994 13.59637825
0.02106314 0.99890158 -0.04185668 -471.08949233
0.03391348 0.04112802 0.99857817 -11.37543103
0.00000000 0.00000000 0.00000000 1.00000000
121	121	122
0.99826327 0.03715440 -0.04571636 10.33465382
-0.03953570 0.99784658 -0.05233674 -460.67426207
0.04367338 0.05405327 0.99758252 -11.07035563
0.00000000 0.00000000 0.00000000 1.00000000
122	122	123
0.99655102 0.05393828 -0.06306122 7.52069129
-0.05656329 0.99757281 -0.04060889 -449.63348514
0.06071778 0.04403579 0.99718313 -10.69358306
0.00000000 0.00000000 0.00000000 1.00000000
123	123	124
0.99581096 0.01738624 -0.08976777 4.58774814
-0.01820316 0.99979994 -0.00828969 -437.15527964
0.08960568 0.00988903 0.99592822 -10.49434404
0.00000000 0.00000000 0.00000000 1.00000000
124	124	125
0.99310952 -0.00039083 -0.11718925 3.80640558
0.00481475 0.99928617 0.03746957 -428.65123441
0.11709095 -0.03777563 0.99240249 -10.55285333
0.00000000 0.00000000 0.00000000 1.00000000
125	125	126
0.98654462 -0.12536578 -0.10494353 4.33309209
0.12761580 0.99171054 0.01498061 -422.73371990
0.10219554 -0.02817149 0.99436534 -10.68026340
0.00000000 0.00000000 0.00000000 1.00000000
126	126	127
0.97601364 -0.19926190 -0.08770446 5.15950989
0.20103385 0.97951361 0.01176727 -415.93574229
0.08356294 -0.02911658 0.99607703 -10.69527445
0.00000000 0.00000000 0.00000000 1.00000000
127	127	128
0.97564387 -0.20690810 -0.07285651 6.70174040
0.20813170 0.97805428 0.00954013 -407.84503015
0.06928370 -0.02447152 0.99729680 -10.62148217
0.00000000 0.00000000 0.00000000 1.00000000
128	128	129
0.98692053 -0.15000442 -0.05904688 8.65667012
0.15082170 0.98851425 0.00961155 -400.42393465
0.05692691 -0.01839139 0.99820894 -10.63948079
0.00000000 0.00000000 0.00000000 1.00000000
129	129	130
0.99719342 -0.06160141 -0.04255045 10.15575302
0.06167835 0.99809595 0.00049653 -394.17596175
0.04243885 -0.00311958 0.99909420 -10.63266962
0.00000000 0.00000000 0.00000000 1.00000000
130	130	131
0.99737005 0.07216361 -0.00673805 11.69173202
-0.07213796 0.99738674 0.00397613 -387.97332786
0.00700738 -0.00347960 0.99996939 -10.63314663
0.00000000 0.00000000 0.00000000 1.00000000
131	131	132
0.98350499 0.17967179 0.02088043 13.21448402
-0.17897870 0.98335358 -0.03134265 -381.32195136
-0.02616424 0.02708850 0.99929057 -10.68479944
0.00000000 0.00000000 0.00000000 1.00000000
132	132	133
0.97387045 0.22192900 0.04820652 12.72888089
-0.21700808 0.97195629 -0.09060061 -376.82678779
-0.06696154 0.07777205 0.99471989 -10.60474631
0.00000000 0.00000000 0.00000000 1.00000000
133	133	134
0.97633227 0.19569260 0.09208534 9.94352797
-0.18019750 0.97149820 -0.15401334 -375.49928571
-0.11960002 0.13377465 0.98376836 -10.38676201
0.00000000 0.00000000 0.00000000 1.00000000
134	134	135
0.98094141 0.12591093 0.14798782 7.16438476
-0.09190430 0.97171046 -0.21756005 -374.49871294
-0.17119450 0.19981294 0.96476278 -10.01255497
0.00000000 0.00000000 0.00000000 1.00000000
135	135	136
0.97488434 0.14351599 0.17030466 4.17316090
-0.10178486 0.96726467 -0.23246269 -374.73500761
-0.19809180 0.20928980 0.95757894 -9.61658425
0.00000000 0.00000000 0.00000000 1.00000000
136	136	137
0.96687935 0.16573643 0.19410246 1.35237889
-0.11560338 0.96238047 -0.24588554 -376.07746530
-0.22755261 0.21530275 0.94966549 -9.43282272
0.00000000 0.00000000 0.00000000 1.00000000
137	137	138
0.96561651 0.13975390 0.21921133 -0.78639694
-0.08030741 0.96232750 -0.25976240 -378.13985253
-0.24725590 0.23322656 0.94046259 -9.53549297
0.00000000 0.00000000 0.00000000 1.00000000
138	138	139
0.96985910 0.02915383 0.24191606 -2.28611843
0.03984922 0.96047274 -0.27550708 -380.67244268
-0.24038587 0.27684321 0.93036147 -9.90229988
0.00000000 0.00000000 0.00000000 1.00000000
139	139	140
0.93710732 -0.22507271 0.26678109 -3.05283517
0.30090087 0.90827433 -0.29068267 -383.59426943
-0.17688567 0.35267552 0.91887509 -10.58354628
0.00000000 0.00000000 0.00000000 1.00000000
140	140	141
0.94530875 -0.28535535 0.15799905 -26.77341099
0.31514088 0.92395769 -0.21676812 -380.80952720
-0.08412850 0.25470476 0.96335242 -3.56091366
0.00000000 0.00000000 0.00000000 1.00000000
141	141	142
0.99104798 -0.10680111 0.08010885 -21.60373609
0.12116539 0.97149016 -0.20377883 -392.84818921
-0.05606115 0.21166102 0.97573396 -7.45834267
0.00000000 0.00000000 0.00000000 1.00000000
142	142	143
0.99970875 -0.02060871 0.01255778 -15.73691964
0.02264827 0.98088710 -0.19325515 -401.71589977
-0.00833503 0.19348328 0.98106817 -10.03203059
0.00000000 0.00000000 0.00000000 1.00000000
143	143	144
0.99749888 0.01379189 -0.06932365 -11.14053837
-0.02419639 0.98815028 -0.15157030 -409.40950550
0.06641174 0.15286859 0.98601251 -11.75821473
0.00000000 0.00000000 0.00000000 1.00000000
144	144	145
0.97703191 0.02423144 -0.21171085 -6.84508666
-0.02376570 0.99970630 0.00474457 -417.09792814
0.21176363 0.00039586 0.97732083 -12.75612166
0.00000000 0.00000000 0.00000000 1.00000000
145	145	146
0.97425860 0.06505849 -0.21584155 -2.54818293
-0.06371755 0.99788103 0.01317290 -425.23550712
0.21624119 0.00091908 0.97633954 -11.93413156
0.00000000 0.00000000 0.00000000 1.00000000
146	146	147
0.97571426 0.09226895 -0.19866587 1.31964340
-0.10019595 0.99450920 -0.03020297 -434.66171091
0.19478824 0.04937499 0.97960178 -10.97128120
0.00000000 0.00000000 0.00000000 1.00000000
147	147	148
0.98396191 0.05024449 -0.17115624 4.40953433
-0.06710410 0.99329052 -0.09418589 -445.62612662
0.16527555 0.10416061 0.98073164 -10.48406516
0.00000000 0.00000000 0.00000000 1.00000000
148	148	149
0.98800108 -0.05469111 -0.14443944 7.21621901
0.03742614 0.99211016 -0.11965249 -456.88571051
0.14984376 0.11281098 0.98225278 -10.97274180
0.00000000 0.00000000 0.00000000 1.00000000
149	149	150
0.97269815 -0.18349050 -0.14208994 10.59097455
0.17170330 0.98090939 -0.09129482 -466.28033585
0.15612909 0.06440499 0.98563467 -11.51778003
0.00000000 0.00000000 0.00000000 1.00000000
150	150	151
0.95410551 0.05517192 -0.29434460 15.04125060
0.06605136 0.91990848 0.38653022 -475.08080435
0.29209570 -0.38823247 0.87404557 -11.62376380
0.00000000 0.00000000 0.00000000 1.00000000
151	151	152
0.87424379 0.38768415 -0.29223072 16.90764868
-0.08241346 0.71170627 0.69762612 -483.44862174
0.47844103 -0.58581156 0.65415518 -7.21074927
0.00000000 0.00000000 0.00000000 1.00000000
152	152	153
0.80474470 0.52407456 -0.27880428 15.39369699
-0.22103023 0.70043159 0.67863188 -490.78014643
0.55093703 -0.48450123 0.67950493 0.07892206
0.00000000 0.00000000 0.00000000 1.00000000
153	153	154
0.82736378 0.43521553 -0.35504451 12.38118690
-0.31250491 0.88194640 0.35286148 -497.94252659
0.46670103 -0.18099166 0.86569750 6.13479658
0.00000000 0.00000000 0.00000000 1.00000000
154	154	155
0.92076841 0.14242030 -0.36318315 10.25515461
-0.23057126 0.94964393 -0.21216336 -507.69686834
0.31467831 0.27909292 0.90724016 9.29311699
0.00000000 0.00000000 0.00000000 1.00000000
155	155	156
0.95355911 -0.18616970 -0.23678231 11.39640391
0.04849144 0.87074454 -0.48933887 -517.70814271
0.29727697 0.45513163 0.83933402 7.43344986
0.00000000 0.00000000 0.00000000 1.00000000
156	156	157
0.91026679 -0.40198123 -0.09912345 15.85324810
0.26498219 0.74960224 -0.60653188 -526.00325085
0.31811759 0.52583988 0.78885589 3.93442365
0.00000000 0.00000000 0.00000000 1.00000000
157	157	158
0.89904719 -0.43653316 -0.03395502 22.26984578
0.32101449 0.70989656 -0.62689438 -532.34003300
0.29776474 0.55270758 0.77836399 0.04865123
0.00000000 0.00000000 0.00000000 1.00000000
158	158	159
0.96789080 -0.25125438 -0.00765729 29.44578276
0.19680704 0.77639398 -0.59873147 -538.65134219
0.15637898 0.57799968 0.80091322 -4.67742186
0.00000000 0.00000000 0.00000000 1.00000000
159	159	160
0.99607280 0.08019987 0.03750940 34.64271032
-0.04128555 0.79550434 -0.60453979 -545.56156747
-0.07832290 0.60061704 0.79569133 -9.68935629
0.00000000 0.00000000 0.00000000 1.00000000
160	160	161
0.99336652 0.04332111 -0.10651871 36.63365191
-0.04344457 0.99905516 0.00116216 -553.51326649
0.10646841 0.00347321 0.99431002 -15.64828529
0.00000000 0.00000000 0.00000000 1.00000000
161	161	162
0.98924023 0.06300707 -0.13203744 38.71649490
-0.04896260 0.99304838 0.10704007 -562.88708277
0.13786384 -0.09942345 0.98544840 -15.37982544
0.00000000 0.00000000 0.00000000 1.00000000
162	162	163
0.98640788 0.08419607 -0.14110460 40.79267923
-0.06651304 0.98984074 0.12566356 -572.71211441
0.15025146 -0.11457023 0.98198684 -13.93959483
0.00000000 0.00000000 0.00000000 1.00000000
163	163	164
0.98547168 0.09073711 -0.14357002 42.69132152
-0.07437363 0.99051815 0.11550914 -582.14520930
0.15268968 -0.10315316 0.98287603 -12.44994609
0.00000000 0.00000000 0.00000000 1.00000000
164	164	165
0.98796388 0.07260653 -0.13658577 44.59716400
-0.06513958 0.99616746 0.05837144 -592.29746347
0.14030045 -0.04877174 0.98890702 -10.94489643
0.00000000 0.00000000 0.00000000 1.00000000
165	165	166
0.98774105 0.11936191 -0.10059992 46.80467420
-0.11876095 0.99285080 0.01196321 -602.58846365
0.10130866 0.00013079 0.99485503 -10.02467925
0.00000000 0.00000000 0.00000000 1.00000000
166	166	167
0.99181525 0.10458606 -0.07324116 49.06891636
-0.10518788 0.99444264 -0.00439790 -617.17194156
0.07237417 0.01206598 0.99730456 -9.59797847
0.00000000 0.00000000 0.00000000 1.00000000
167	167	168
0.99907524 0.01312486 -0.04094399 50.21958502
-0.01320499 0.99991139 -0.00168719 -627.74733880
0.04091822 0.00222630 0.99916002 -9.34512343
0.00000000 0.00000000 0.00000000 1.00000000
168	168	169
0.99920211 -0.03554437 -0.01821373 49.69231145
0.03555657 0.99936761 0.00034603 -631.70973136
0.01818991 -0.00099337 0.99983406 -9.29569892
0.00000000 0.00000000 0.00000000 1.00000000
169	169	170
0.99941380 -0.03280144 0.00980437 48.47806619
0.03276746 0.99945650 0.00360658 -635.30116151
-0.00991734 -0.00328320 0.99994543 -9.24816242
0.00000000 0.00000000 0.00000000 1.00000000
170	170	171
0.99859530 -0.03753085 0.03740125 46.41514270
0.03764068 0.99928884 -0.00223645 -639.42146664
-0.03729072 0.00364112 0.99929783 -9.15667601
0.00000000 0.00000000 0.00000000 1.00000000
171	171	172
0.99731584 -0.05338581 0.05011052 43.11042954
0.05431125 0.99837434 -0.01729075 -644.22457768
-0.04910597 0.01996591 0.99859399 -9.01860747
0.00000000 0.00000000 0.00000000 1.00000000
172	172	173
0.97997294 -0.18787792 0.06599181 36.89370569
0.19088424 0.98068732 -0.04260965 -651.26258967
-0.05671192 0.05435310 0.99690998 -8.72941991
0.00000000 0.00000000 0.00000000 1.00000000
173	173	174
0.95804591 -0.27412460 0.08368834 19.20846193
0.27964867 0.95800966 -0.06335700 -660.86789614
-0.06280653 0.08410225 0.99447582 -7.89092929
0.00000000 0.00000000 0.00000000 1.00000000
174	174	175
0.95000068 -0.29787355 0.09364858 8.93942019
0.30605062 0.94773730 -0.09014999 -664.77652824
-0.06190095 0.11430376 0.99151547 -7.47785207
0.00000000 0.00000000 0.00000000 1.00000000
175	175	176
0.94152307 -0.32180161 0.09989012 1.06050109
0.33252953 0.93526061 -0.12129180 -667.93281856
-0.05439140 0.14741544 0.98757798 -7.13400115
0.00000000 0.00000000 0.00000000 1.00000000
176	176	177
0.93770146 -0.33153510 0.10392521 -7.44341776
0.34453578 0.92589348 -0.15497215 -671.33919441
-0.04484497 0.18112357 0.98243737 -6.82736737
0.00000000 0.00000000 0.00000000 1.00000000
177	177	178
0.94181479 -0.31605755 0.11442258 -15.16481702
0.33274969 0.92482690 -0.18431727 -674.72092773
-0.04756621 0.21166680 0.97618370 -6.51718592
0.00000000 0.00000000 0.00000000 1.00000000
178	178	179
0.95662576 -0.25928281 0.13281407 -21.21776276
0.28268504 0.93636350 -0.20811672 -677.69533387
-0.07040116 0.23663436 0.96904482 -6.30352985
0.00000000 0.00000000 0.00000000 1.00000000
179	179	180
0.97757508 -0.13738017 0.15960467 -26.97995473
0.17197982 0.95821188 -0.22858900 -680.83472402
-0.12153149 0.25091169 0.96035067 -6.11515190
0.00000000 0.00000000 0.00000000 1.00000000
180	180	181
0.97730679 -0.08267635 0.19502835 -32.95493360
0.13092105 0.95953812 -0.24929153 -684.44547956
-0.16652663 0.26916762 0.94858720 -5.92478074
0.00000000 0.00000000 0.00000000 1.00000000
181	181	182
0.97212118 0.06893284 0.22411753 -39.45193935
-0.00464727 0.96128708 -0.27550963 -688.98021890
-0.23443295 0.26678722 0.93480788 -5.71630208
0.00000000 0.00000000 0.00000000 1.00000000
182	182	183
0.92002384 0.29257294 0.26068604 -46.73239091
-0.21228897 0.93129981 -0.29599671 -694.37356367
-0.32937748 0.21698326 0.91892804 -5.44082646
0.00000000 0.00000000 0.00000000 1.00000000
183	183	184
0.84261573 0.35984445 0.40063788 -58.11264425
-0.28254630 0.92875943 -0.23994479 -704.13694516
-0.45843901 0.08898250 0.88426002 -5.02955888
0.00000000 0.00000000 0.00000000 1.00000000
184	184	185
0.52767584 -0.65043695 0.54634237 -65.31855194
0.39026854 0.75691110 0.52419085 -713.77484555
-0.75448570 -0.06338261 0.65324878 -4.42033252
0.00000000 0.00000000 0.00000000 1.00000000
185	185	186
0.67826270 0.28713158 0.67639868 -59.40898457
-0.11846990 0.95118368 -0.28498158 -722.81348465
-0.72520659 0.11315949 0.67916885 -1.96448178
0.00000000 0.00000000 0.00000000 1.00000000
186	186	187
0.59264956 0.56380338 0.57523235 -64.50914126
-0.22130652 0.80066084 -0.55674559 -733.91619108
-0.77446106 0.20265236 0.59928465 -1.34168259
0.00000000 0.00000000 0.00000000 1.00000000
187	187	188
0.59863124 0.65884424 0.45559292 -77.30913078
-0.14806812 0.64997591 -0.74539060 -747.20258080
-0.78722072 0.37875532 0.48664972 -1.49597474
0.00000000 0.00000000 0.00000000 1.00000000
188	188	189
0.74870919 0.63062378 0.20432376 -82.15233517
-0.01692352 0.32631093 -0.94511098 -750.74021080
-0.66268253 0.70415540 0.25498437 -2.60566615
0.00000000 0.00000000 0.00000000 1.00000000
189	189	190
0.88955980 -0.44337676 -0.11000189 -86.84775842
-0.40094272 -0.64237834 -0.65314241 -752.41523247
0.21892533 0.62511369 -0.74920263 -5.56613668
0.00000000 0.00000000 0.00000000 1.00000000
190	190	191
0.99596260 0.03205297 -0.08385167 -85.69405446
-0.07213802 0.84171658 -0.53507879 -748.49256802
0.05342848 0.53896735 0.84063047 -8.93078921
0.00000000 0.00000000 0.00000000 1.00000000
191	191	192
0.97702269 0.18480089 0.10618517 -87.01078613
-0.18296697 0.98275245 -0.02684598 -752.65298123
-0.10931490 0.00680075 0.99398390 -11.90679387
0.00000000 0.00000000 0.00000000 1.00000000
192	192	193
0.93544184 0.27107044 0.22686866 -89.24040383
-0.31962354 0.92274418 0.21536936 -757.86847369
-0.15096147 -0.27397808 0.94981401 -12.01916508
0.00000000 0.00000000 0.00000000 1.00000000
193	193	194
0.95223804 0.24141811 0.18697598 -96.40496129
-0.27379476 0.94614596 0.17275488 -769.52173093
-0.13520041 -0.21569681 0.96705519 -8.22861229
0.00000000 0.00000000 0.00000000 1.00000000
194	194	195
0.99790792 0.02315039 0.06036427 -101.10759452
-0.02218680 0.99961628 -0.01658458 -775.38920338
-0.06072505 0.01521060 0.99803863 -6.48646571
0.00000000 0.00000000 0.00000000 1.00000000
195	195	196
0.99633061 -0.04402814 0.07339515 -105.44241448
0.03810203 0.99604429 0.08027453 -782.10189145
-0.07663916 -0.07718347 0.99406698 -6.57479651
0.00000000 0.00000000 0.00000000 1.00000000
196	196	197
0.97957494 -0.19693722 0.04060383 -111.43904570
0.19035622 0.97329443 0.12830616 -789.81841004
-0.06478774 -0.11795631 0.99090305 -5.80961773
0.00000000 0.00000000 0.00000000 1.00000000
197	197	198
0.91982347 -0.39230539 -0.00461092 -119.74599964
0.38748510 0.90655430 0.16737560 -798.85579503
-0.06148230 -0.15574266 0.98588242 -4.64561704
0.00000000 0.00000000 0.00000000 1.00000000
198	198	199
0.89813642 -0.43554666 -0.06041596 -130.00540537
0.43886531 0.87934843 0.18477983 -807.75430248
-0.02735355 -0.19247196 0.98092116 -3.55709632
0.00000000 0.00000000 0.00000000 1.00000000
199	199	200
0.96331540 -0.14783635 -0.22398180 -139.84143023
0.18295300 0.97236068 0.14506172 -814.61850378
