24	1265	1770
311.000000	0.000000	0.000000	0.000000	2112.809800	-1030.553289
0.000000	311.000000	0.000000	-2112.809800	0.000000	-1407.299240
0.000000	0.000000	311.000000	1030.553289	1407.299240	0.000000
0.000000	-2112.809800	1030.553289	179147.129410	-64604.297066	16445.937974
2112.809800	0.000000	1407.299240	-64604.297066	282765.387409	-8627.091013
-1030.553289	-1407.299240	0.000000	16445.937974	-8627.091013	420130.852836
781	983	1770
349.000000	0.000000	0.000000	0.000000	1903.560475	369.402391
0.000000	349.000000	0.000000	-1903.560475	0.000000	791.966612
0.000000	0.000000	349.000000	-369.402391	-791.966612	0.000000
0.000000	-1903.560475	-369.402391	303436.749622	31619.348540	2411.280422
1903.560475	0.000000	-791.966612	31619.348540	242010.539455	2153.111142
369.402391	791.966612	0.000000	2411.280422	2153.111142	508883.173741
42	1722	1770
265.000000	0.000000	0.000000	0.000000	2356.295944	337.953614
0.000000	265.000000	0.000000	-2356.295944	0.000000	-42.597115
0.000000	0.000000	265.000000	-337.953614	42.597115	0.000000
0.000000	-2356.295944	-337.953614	206994.944072	5325.170610	11140.764526
2356.295944	0.000000	42.597115	5325.170610	177086.287508	813.861552
337.953614	-42.597115	0.000000	11140.764526	813.861552	318647.242241
20	1269	1770
233.000000	0.000000	0.000000	0.000000	1674.852785	-1110.238216
0.000000	233.000000	0.000000	-1674.852785	0.000000	273.779082
0.000000	0.000000	233.000000	1110.238216	-273.779082	0.000000
0.000000	-1674.852785	1110.238216	148701.660059	-25724.022245	-4215.331969
1674.852785	0.000000	-273.779082	-25724.022245	148022.277229	-9989.890032
-1110.238216	273.779082	0.000000	-4215.331969	-9989.890032	260395.197959
27	1262	1770
338.000000	0.000000	0.000000	0.000000	1965.714520	-1462.558164
0.000000	338.000000	0.000000	-1965.714520	0.000000	-1781.145116
0.000000	0.000000	338.000000	1462.558164	1781.145116	0.000000
0.000000	-1965.714520	1462.558164	162431.389089	-50346.916305	4575.726961
1965.714520	0.000000	1781.145116	-50346.916305	355221.365014	-5948.009794
-1462.558164	-1781.145116	0.000000	4575.726961	-5948.009794	481125.694139
848	920	1770
241.000000	0.000000	0.000000	0.000000	1980.554246	-4681.587410
0.000000	241.000000	0.000000	-1980.554246	0.000000	-389.788253
0.000000	0.000000	241.000000	4681.587410	389.788253	0.000000
0.000000	-1980.554246	4681.587410	252420.769363	71155.607516	18116.792920
1980.554246	0.000000	389.788253	71155.607516	153328.197148	-50342.288353
-4681.587410	-389.788253	0.000000	18116.792920	-50342.288353	361909.232217
779	985	1770
389.000000	0.000000	0.000000	0.000000	2215.493615	-1994.317192
0.000000	389.000000	0.000000	-2215.493615	0.000000	-1377.696970
0.000000	0.000000	389.000000	1994.317192	1377.696970	0.000000
0.000000	-2215.493615	1994.317192	275914.602966	41530.965010	7722.024786
2215.493615	0.000000	1377.696970	41530.965010	277824.583717	-18473.762110
-1994.317192	-1377.696970	0.000000	7722.024786	-18473.762110	513259.355438
782	982	1770
373.000000	0.000000	0.000000	0.000000	2407.124151	1797.321331
0.000000	373.000000	0.000000	-2407.124151	0.000000	2318.852180
0.000000	0.000000	373.000000	-1797.321331	-2318.852180	0.000000
0.000000	-2407.124151	-1797.321331	337321.457116	27738.765436	-7839.700074
2407.124151	0.000000	-2318.852180	27738.765436	320072.564075	12783.781320
1797.321331	2318.852180	0.000000	-7839.700074	12783.781320	608479.015016
64	1700	1770
330.000000	0.000000	0.000000	0.000000	2595.358621	897.830230
0.000000	330.000000	0.000000	-2595.358621	0.000000	2263.466648
0.000000	0.000000	330.000000	-897.830230	-2263.466648	0.000000
0.000000	-2595.358621	-897.830230	217796.332496	47596.622352	-24632.166155
2595.358621	0.000000	-2263.466648	47596.622352	394953.969729	8646.395981
897.830230	2263.466648	0.000000	-24632.166155	8646.395981	525207.415724
775	989	1770
290.000000	0.000000	0.000000	0.000000	2338.010108	-1394.244672
0.000000	290.000000	0.000000	-2338.010108	0.000000	554.122446
0.000000	0.000000	290.000000	1394.244672	-554.122446	0.000000
0.000000	-2338.010108	1394.244672	262770.272494	-32421.851594	-737.924571
2338.010108	0.000000	-554.122446	-32421.851594	234173.770374	4999.772368
-1394.244672	554.122446	0.000000	-737.924571	4999.772368	432961.102351
25	1739	1770
310.000000	0.000000	0.000000	0.000000	2141.269025	-2251.743369
0.000000	310.000000	0.000000	-2141.269025	0.000000	-2432.982620
0.000000	0.000000	310.000000	2251.743369	2432.982620	0.000000
0.000000	-2141.269025	2251.743369	187294.274039	-81828.348990	26535.119159
2141.269025	0.000000	2432.982620	-81828.348990	288392.308702	-9507.109372
-2251.743369	-2432.982620	0.000000	26535.119159	-9507.109372	433706.811795
86	1678	1770
264.000000	0.000000	0.000000	0.000000	1723.465757	-3581.747449
0.000000	264.000000	0.000000	-1723.465757	0.000000	1848.338570
0.000000	0.000000	264.000000	3581.747449	-1848.338570	0.000000
0.000000	-1723.465757	3581.747449	247458.978362	70632.299959	-10609.768269
1723.465757	0.000000	-1848.338570	70632.299959	165596.466097	-18527.843401
-3581.747449	1848.338570	0.000000	-10609.768269	-18527.843401	381701.489292
828	1696	1770
264.000000	0.000000	0.000000	0.000000	1895.725942	2579.677630
0.000000	264.000000	0.000000	-1895.725942	0.000000	297.471060
0.000000	0.000000	264.000000	-2579.677630	-297.471060	0.000000
0.000000	-1895.725942	-2579.677630	194355.579763	13830.054367	-9031.528599
1895.725942	0.000000	-297.471060	13830.054367	229405.209034	23038.783181
2579.677630	297.471060	0.000000	-9031.528599	23038.783181	366275.576744
736	1028	1770
260.000000	0.000000	0.000000	0.000000	1905.650769	3297.014422
0.000000	260.000000	0.000000	-1905.650769	0.000000	1861.896713
0.000000	0.000000	260.000000	-3297.014422	-1861.896713	0.000000
0.000000	-1905.650769	-3297.014422	246043.298803	14458.722996	-14609.099275
1905.650769	0.000000	-1861.896713	14458.722996	232402.873938	39563.425329
3297.014422	1861.896713	0.000000	-14609.099275	39563.425329	430334.413312
24	1740	1770
304.000000	0.000000	0.000000	0.000000	2070.052577	-575.406007
0.000000	304.000000	0.000000	-2070.052577	0.000000	-2726.277877
0.000000	0.000000	304.000000	575.406007	2726.277877	0.000000
0.000000	-2070.052577	575.406007	172106.558937	-69056.366823	26140.395789
2070.052577	0.000000	2726.277877	-69056.366823	274621.967881	-5793.438474
-575.406007	-2726.277877	0.000000	26140.395789	-5793.438474	404229.404608
1265	1740	1770
403.000000	0.000000	0.000000	0.000000	2553.835324	-1512.699058
0.000000	403.000000	0.000000	-2553.835324	0.000000	-3264.859729
0.000000	0.000000	403.000000	1512.699058	3264.859729	0.000000
0.000000	-2553.835324	1512.699058	230417.881380	-92470.604596	21863.280242
2553.835324	0.000000	3264.859729	-92470.604596	383956.670225	-12745.194257
-1512.699058	-3264.859729	0.000000	21863.280242	-12745.194257	564854.070976
549	1215	1770
328.000000	0.000000	0.000000	0.000000	1952.026844	-5817.555834
0.000000	328.000000	0.000000	-1952.026844	0.000000	-555.835661
0.000000	0.000000	328.000000	5817.555834	555.835661	0.000000
0.000000	-1952.026844	5817.555834	265602.302294	61110.635534	-2988.507236
1952.026844	0.000000	555.835661	61110.635534	276264.092999	-32976.948565
-5817.555834	-555.835661	0.000000	-2988.507236	-32976.948565	506358.488265
92	1672	1770
326.000000	0.000000	0.000000	0.000000	4693.415859	2554.953378
0.000000	326.000000	0.000000	-4693.415859	0.000000	-1805.252673
0.000000	0.000000	326.000000	-2554.953378	1805.252673	0.000000
0.000000	-4693.415859	-2554.953378	200016.062958	-91930.435308	10447.747885
4693.415859	0.000000	1805.252673	-91930.435308	422753.822110	31163.913364
2554.953378	-1805.252673	0.000000	10447.747885	31163.913364	470448.677510
19	1745	1770
220.000000	0.000000	0.000000	0.000000	1459.562575	-96.107774
0.000000	220.000000	0.000000	-1459.562575	0.000000	927.014480
0.000000	0.000000	220.000000	96.107774	-927.014480	0.000000
0.000000	-1459.562575	96.107774	174739.148514	22283.703428	-10025.222571
1459.562575	0.000000	-927.014480	22283.703428	49964.696633	7708.275822
-96.107774	927.014480	0.000000	-10025.222571	7708.275822	195687.716042
91	1673	1770
311.000000	0.000000	0.000000	0.000000	4212.461220	5041.784243
0.000000	311.000000	0.000000	-4212.461220	0.000000	3404.168869
0.000000	0.000000	311.000000	-5041.784243	-3404.168869	0.000000
0.000000	-4212.461220	-5041.784243	238591.996472	-50631.241024	-26246.293454
4212.461220	0.000000	-3404.168869	-50631.241024	488822.474482	83015.903130
5041.784243	3404.168869	0.000000	-26246.293454	83015.903130	588984.078232
806	958	1770
178.000000	0.000000	0.000000	0.000000	1294.977866	-101.778586
0.000000	178.000000	0.000000	-1294.977866	0.000000	4322.364184
0.000000	0.000000	178.000000	101.778586	-4322.364184	0.000000
0.000000	-1294.977866	101.778586	131541.373645	-19952.681574	-32593.025114
1294.977866	0.000000	-4322.364184	-19952.681574	265113.297049	6806.800540
-101.778586	4322.364184	0.000000	-32593.025114	6806.800540	366932.956343
737	1027	1770
274.000000	0.000000	0.000000	0.000000	1902.417021	2344.515053
0.000000	274.000000	0.000000	-1902.417021	0.000000	2417.594373
0.000000	0.000000	274.000000	-2344.515053	-2417.594373	0.000000
0.000000	-1902.417021	-2344.515053	210608.107689	44529.834936	-20347.945087
1902.417021	0.000000	-2417.594373	44529.834936	280074.355664	21555.869236
2344.515053	2417.594373	0.000000	-20347.945087	21555.869236	446404.781801
63	1701	1770
325.000000	0.000000	0.000000	0.000000	2914.613377	1483.238208
0.000000	325.000000	0.000000	-2914.613377	0.000000	-437.967451
0.000000	0.000000	325.000000	-1483.238208	437.967451	0.000000
0.000000	-2914.613377	-1483.238208	301216.855085	117350.667613	19614.378815
2914.613377	0.000000	437.967451	117350.667613	384065.573606	3748.132018
1483.238208	-437.967451	0.000000	19614.378815	3748.132018	576914.522011
658	1106	1770
247.000000	0.000000	0.000000	0.000000	2480.845500	1320.878832
0.000000	247.000000	0.000000	-2480.845500	0.000000	394.882801
0.000000	0.000000	247.000000	-1320.878832	-394.882801	0.000000
0.000000	-2480.845500	-1320.878832	208618.540455	19841.760693	-11741.855115
2480.845500	0.000000	-394.882801	19841.760693	258654.605177	26046.350144
1320.878832	394.882801	0.000000	-11741.855115	26046.350144	383079.102347
807	957	1770
154.000000	0.000000	0.000000	0.000000	990.846393	675.254065
0.000000	154.000000	0.000000	-990.846393	0.000000	-435.713021
0.000000	0.000000	154.000000	-675.254065	435.713021	0.000000
0.000000	-990.846393	-675.254065	127674.618784	44318.773101	-2129.619524
990.846393	0.000000	435.713021	44318.773101	100376.427943	14025.903492
675.254065	-435.713021	0.000000	-2129.619524	14025.903492	202604.571470
732	1032	1770
337.000000	0.000000	0.000000	0.000000	1643.685135	252.248391
0.000000	337.000000	0.000000	-1643.685135	0.000000	1797.899060
0.000000	0.000000	337.000000	-252.248391	-1797.899060	0.000000
0.000000	-1643.685135	-252.248391	167260.277840	-30469.628759	-5083.753426
1643.685135	0.000000	-1797.899060	-30469.628759	211644.030822	-3750.841113
252.248391	1797.899060	0.000000	-5083.753426	-3750.841113	347504.556767
817	947	1770
260.000000	0.000000	0.000000	0.000000	1288.212832	2683.090532
0.000000	260.000000	0.000000	-1288.212832	0.000000	775.981256
0.000000	0.000000	260.000000	-2683.090532	-775.981256	0.000000
0.000000	-1288.212832	-2683.090532	239140.668447	76615.059348	-5008.123710
1288.212832	0.000000	-775.981256	76615.059348	214159.848842	11719.864268
2683.090532	775.981256	0.000000	-5008.123710	11719.864268	418668.904785
69	1695	1770
342.000000	0.000000	0.000000	0.000000	2870.465639	221.458477
0.000000	342.000000	0.000000	-2870.465639	0.000000	383.807128
0.000000	0.000000	342.000000	-221.458477	-383.807128	0.000000
0.000000	-2870.465639	-221.458477	333527.498587	9153.395515	-12069.208689
2870.465639	0.000000	-383.807128	9153.395515	277642.811965	8920.744295
221.458477	383.807128	0.000000	-12069.208689	8920.744295	526961.617019
29	1260	1770
310.000000	0.000000	0.000000	0.000000	2091.207059	-1129.458156
0.000000	310.000000	0.000000	-2091.207059	0.000000	-2626.239008
0.000000	0.000000	310.000000	1129.458156	2626.239008	0.000000
0.000000	-2091.207059	1129.458156	163711.468683	-51192.392011	11472.719548
2091.207059	0.000000	2626.239008	-51192.392011	320087.588533	-4946.265403
-1129.458156	-2626.239008	0.000000	11472.719548	-4946.265403	441362.824017
233	1530	1770
244.000000	0.000000	0.000000	0.000000	1161.987135	2496.748960
0.000000	244.000000	0.000000	-1161.987135	0.000000	-0.614312
0.000000	0.000000	244.000000	-2496.748960	0.614312	0.000000
0.000000	-1161.987135	-2496.748960	169442.990717	4373.764468	3631.913934
1161.987135	0.000000	0.614312	4373.764468	76234.570858	9297.356351
2496.748960	-0.614312	0.000000	3631.913934	9297.356351	222870.986578
25	1264	1770
296.000000	0.000000	0.000000	0.000000	2041.302893	-1392.186729
0.000000	296.000000	0.000000	-2041.302893	0.000000	-1324.393483
0.000000	0.000000	296.000000	1392.186729	1324.393483	0.000000
0.000000	-2041.302893	1392.186729	201363.045510	-90328.062908	17496.193349
2041.302893	0.000000	1324.393483	-90328.062908	273999.795406	-3823.719322
-1392.186729	-1324.393483	0.000000	17496.193349	-3823.719322	435017.582356
66	1698	1770
403.000000	0.000000	0.000000	0.000000	2951.742833	-2136.763168
0.000000	403.000000	0.000000	-2951.742833	0.000000	2028.542494
0.000000	0.000000	403.000000	2136.763168	-2028.542494	0.000000
0.000000	-2951.742833	2136.763168	428546.877584	-66396.301642	-36055.666387
2951.742833	0.000000	-2028.542494	-66396.301642	409618.570614	-25697.409061
-2136.763168	2028.542494	0.000000	-36055.666387	-25697.409061	743555.373669
84	1680	1770
323.000000	0.000000	0.000000	0.000000	2492.433307	-2770.425625
0.000000	323.000000	0.000000	-2492.433307	0.000000	-1944.745118
0.000000	0.000000	323.000000	2770.425625	1944.745118	0.000000
0.000000	-2492.433307	2770.425625	235538.333082	24004.342688	31178.297056
2492.433307	0.000000	1944.745118	24004.342688	227473.011124	-35649.578331
-2770.425625	-1944.745118	0.000000	31178.297056	-35649.578331	408674.946954
99	1665	1770
176.000000	0.000000	0.000000	0.000000	2262.499235	-4201.720357
0.000000	176.000000	0.000000	-2262.499235	0.000000	1126.024236
0.000000	0.000000	176.000000	4201.720357	-1126.024236	0.000000
0.000000	-2262.499235	4201.720357	168668.235115	-13289.599172	-17135.307802
2262.499235	0.000000	-1126.024236	-13289.599172	235191.844795	-53250.527973
-4201.720357	1126.024236	0.000000	-17135.307802	-53250.527973	340792.121253
849	915	1770
147.000000	0.000000	0.000000	0.000000	921.294540	869.882759
0.000000	147.000000	0.000000	-921.294540	0.000000	1242.911237
0.000000	0.000000	147.000000	-869.882759	-1242.911237	0.000000
0.000000	-921.294540	-869.882759	84926.893675	51038.699840	-4153.811502
921.294540	0.000000	-1242.911237	51038.699840	83535.789793	3360.345639
869.882759	1242.911237	0.000000	-4153.811502	3360.345639	151251.481344
58	1706	1770
344.000000	0.000000	0.000000	0.000000	2337.218737	3037.746099
0.000000	344.000000	0.000000	-2337.218737	0.000000	-585.000816
0.000000	0.000000	344.000000	-3037.746099	585.000816	0.000000
0.000000	-2337.218737	-3037.746099	303270.504234	-4230.784443	6076.099623
2337.218737	0.000000	585.000816	-4230.784443	307160.748997	38049.621334
3037.746099	-585.000816	0.000000	6076.099623	38049.621334	546313.723158
778	986	1770
366.000000	0.000000	0.000000	0.000000	2229.520399	-1457.368857
0.000000	366.000000	0.000000	-2229.520399	0.000000	-339.018470
0.000000	0.000000	366.000000	1457.368857	339.018470	0.000000
0.000000	-2229.520399	1457.368857	276093.407769	50173.263659	-264.049548
2229.520399	0.000000	339.018470	50173.263659	319329.266306	-12137.923785
-1457.368857	-339.018470	0.000000	-264.049548	-12137.923785	550620.354966
26	1738	1770
282.000000	0.000000	0.000000	0.000000	1697.408014	-2331.032338
0.000000	282.000000	0.000000	-1697.408014	0.000000	-1165.897907
0.000000	0.000000	282.000000	2331.032338	1165.897907	0.000000
0.000000	-1697.408014	2331.032338	133088.731210	-32179.068285	19563.962089
1697.408014	0.000000	1165.897907	-32179.068285	273046.893099	-9753.887867
-2331.032338	-1165.897907	0.000000	19563.962089	-9753.887867	374917.832499
1264	1739	1770
339.000000	0.000000	0.000000	0.000000	2187.120234	-2172.983005
0.000000	339.000000	0.000000	-2187.120234	0.000000	-2442.637239
0.000000	0.000000	339.000000	2172.983005	2442.637239	0.000000
0.000000	-2187.120234	2172.983005	202168.649634	-70999.329001	19910.879244
2187.120234	0.000000	2442.637239	-70999.329001	307019.485233	-10674.049618
-2172.983005	-2442.637239	0.000000	19910.879244	-10674.049618	467292.459718
1270	1745	1770
220.000000	0.000000	0.000000	0.000000	1365.906818	250.893970
0.000000	220.000000	0.000000	-1365.906818	0.000000	1808.975373
0.000000	0.000000	220.000000	-250.893970	-1808.975373	0.000000
0.000000	-1365.906818	-250.893970	151506.145279	662.164293	-17290.352779
1365.906818	0.000000	-1808.975373	662.164293	90433.960591	7666.234627
250.893970	1808.975373	0.000000	-17290.352779	7666.234627	213752.665696
596	1168	1770
297.000000	0.000000	0.000000	0.000000	1776.050118	-3782.862318
0.000000	297.000000	0.000000	-1776.050118	0.000000	-213.654431
0.000000	0.000000	297.000000	3782.862318	213.654431	0.000000
0.000000	-1776.050118	3782.862318	291660.158005	38089.102351	-5365.152988
1776.050118	0.000000	213.654431	38089.102351	214285.279393	-36837.292086
-3782.862318	-213.654431	0.000000	-5365.152988	-36837.292086	470698.990066
728	1036	1770
198.000000	0.000000	0.000000	0.000000	1193.834965	628.527214
0.000000	198.000000	0.000000	-1193.834965	0.000000	238.106017
0.000000	0.000000	198.000000	-628.527214	-238.106017	0.000000
0.000000	-1193.834965	-628.527214	83573.273995	-34200.490256	3362.247037
1193.834965	0.000000	-238.106017	-34200.490256	242131.667283	3749.945451
628.527214	238.106017	0.000000	3362.247037	3749.945451	299867.299462
31	1258	1770
246.000000	0.000000	0.000000	0.000000	1495.598593	-2247.937064
0.000000	246.000000	0.000000	-1495.598593	0.000000	847.082797
0.000000	0.000000	246.000000	2247.937064	-847.082797	0.000000
0.000000	-1495.598593	2247.937064	127001.001787	-62520.420655	-12883.961156
1495.598593	0.000000	-847.082797	-62520.420655	247783.104824	-9463.740352
-2247.937064	847.082797	0.000000	-12883.961156	-9463.740352	345973.106428
549	1214	1770
339.000000	0.000000	0.000000	0.000000	1995.100774	-4955.402420
0.000000	339.000000	0.000000	-1995.100774	0.000000	768.229574
0.000000	0.000000	339.000000	4955.402420	-768.229574	0.000000
0.000000	-1995.100774	4955.402420	237095.820093	35982.286284	-6234.430220
1995.100774	0.000000	-768.229574	35982.286284	274019.585276	-30433.811890
-4955.402420	768.229574	0.000000	-6234.430220	-30433.811890	475637.475945
98	1666	1770
239.000000	0.000000	0.000000	0.000000	2811.190790	-1230.831142
0.000000	239.000000	0.000000	-2811.190790	0.000000	-863.006306
0.000000	0.000000	239.000000	1230.831142	863.006306	0.000000
0.000000	-2811.190790	1230.831142	131488.588423	42262.241327	5212.065115
2811.190790	0.000000	863.006306	42262.241327	315093.190336	-12550.568503
-1230.831142	-863.006306	0.000000	5212.065115	-12550.568503	370856.596985
784	980	1770
347.000000	0.000000	0.000000	0.000000	2613.296190	-1443.647825
0.000000	347.000000	0.000000	-2613.296190	0.000000	2069.415862
0.000000	0.000000	347.000000	1443.647825	-2069.415862	0.000000
0.000000	-2613.296190	1443.647825	293849.690203	-17659.985400	-11100.990210
2613.296190	0.000000	-2069.415862	-17659.985400	306352.668215	-11211.167728
-1443.647825	2069.415862	0.000000	-11100.990210	-11211.167728	541448.826068
550	1214	1770
347.000000	0.000000	0.000000	0.000000	1795.298450	-6511.864633
0.000000	347.000000	0.000000	-1795.298450	0.000000	534.619807
0.000000	0.000000	347.000000	6511.864633	-534.619807	0.000000
0.000000	-1795.298450	6511.864633	301265.382438	59759.196109	-6753.282075
1795.298450	0.000000	-534.619807	59759.196109	270284.549954	-40308.742165
-6511.864633	534.619807	0.000000	-6753.282075	-40308.742165	542383.858810
558	1206	1770
308.000000	0.000000	0.000000	0.000000	1787.820517	-2387.924356
0.000000	308.000000	0.000000	-1787.820517	0.000000	-9.069114
0.000000	0.000000	308.000000	2387.924356	9.069114	0.000000
0.000000	-1787.820517	2387.924356	207242.125611	-80994.905526	903.913226
1787.820517	0.000000	9.069114	-80994.905526	254911.578139	-16188.462559
-2387.924356	-9.069114	0.000000	903.913226	-16188.462559	429968.181051
740	1024	1770
169.000000	0.000000	0.000000	0.000000	968.219332	1241.229550
0.000000	169.000000	0.000000	-968.219332	0.000000	-752.957784
0.000000	0.000000	169.000000	-1241.229550	752.957784	0.000000
0.000000	-968.219332	-1241.229550	157982.347287	-20267.641268	9533.828897
968.219332	0.000000	752.957784	-20267.641268	101132.401226	6861.436804
1241.229550	-752.957784	0.000000	9533.828897	6861.436804	237416.152634
831	1693	1770
249.000000	0.000000	0.000000	0.000000	1802.129727	-161.323651
0.000000	249.000000	0.000000	-1802.129727	0.000000	-1468.920509
0.000000	0.000000	249.000000	161.323651	1468.920509	0.000000
0.000000	-1802.129727	161.323651	189032.397685	-17746.154304	12978.932674
1802.129727	0.000000	1468.920509	-17746.154304	186618.026883	6860.595995
-161.323651	-1468.920509	0.000000	12978.932674	6860.595995	332889.609129
55	1709	1770
157.000000	0.000000	0.000000	0.000000	922.949836	538.719477
0.000000	157.000000	0.000000	-922.949836	0.000000	-1852.066878
0.000000	0.000000	157.000000	-538.719477	1852.066878	0.000000
0.000000	-922.949836	-538.719477	122516.977220	2794.784149	16130.020949
922.949836	0.000000	1852.066878	2794.784149	102094.585991	3203.623953
538.719477	-1852.066878	0.000000	16130.020949	3203.623953	203823.129467
27	1737	1770
324.000000	0.000000	0.000000	0.000000	1838.827975	-1570.896455
0.000000	324.000000	0.000000	-1838.827975	0.000000	-1968.069703
0.000000	0.000000	324.000000	1570.896455	1968.069703	0.000000
0.000000	-1838.827975	1570.896455	138984.039460	-25835.500459	9114.810618
1838.827975	0.000000	1968.069703	-25835.500459	335705.142470	-6259.072554
-1570.896455	-1968.069703	0.000000	9114.810618	-6259.072554	442067.314061
59	1705	1770
315.000000	0.000000	0.000000	0.000000	2242.299094	-193.116561
0.000000	315.000000	0.000000	-2242.299094	0.000000	-1533.663458
0.000000	0.000000	315.000000	193.116561	1533.663458	0.000000
0.000000	-2242.299094	193.116561	272443.123199	-41982.093343	17239.670742
2242.299094	0.000000	1533.663458	-41982.093343	274780.987992	11205.488086
-193.116561	-1533.663458	0.000000	17239.670742	11205.488086	485675.531301
742	1022	1770
169.000000	0.000000	0.000000	0.000000	927.274705	498.281503
0.000000	169.000000	0.000000	-927.274705	0.000000	989.865461
0.000000	0.000000	169.000000	-498.281503	-989.865461	0.000000
0.000000	-927.274705	-498.281503	127658.694996	6489.715160	-2544.497535
927.274705	0.000000	-989.865461	6489.715160	160985.690299	-2191.551610
498.281503	989.865461	0.000000	-2544.497535	-2191.551610	269620.626334
823	941	1770
343.000000	0.000000	0.000000	0.000000	2872.894265	989.710893
0.000000	343.000000	0.000000	-2872.894265	0.000000	-1463.124531
0.000000	0.000000	343.000000	-989.710893	1463.124531	0.000000
0.000000	-2872.894265	-989.710893	352896.465153	76887.823915	29108.398039
2872.894265	0.000000	1463.124531	76887.823915	362033.346602	8942.126994
989.710893	-1463.124531	0.000000	29108.398039	8942.126994	615767.631441
816	948	1770
208.000000	0.000000	0.000000	0.000000	1245.988531	623.327256
0.000000	208.000000	0.000000	-1245.988531	0.000000	-764.776816
0.000000	0.000000	208.000000	-623.327256	764.776816	0.000000
0.000000	-1245.988531	-623.327256	123566.467486	-23417.916471	2623.118206
1245.988531	0.000000	764.776816	-23417.916471	146320.212596	-4799.047198
623.327256	-764.776816	0.000000	2623.118206	-4799.047198	239635.186984
67	1697	1770
344.000000	0.000000	0.000000	0.000000	2166.992115	-2246.019557
0.000000	344.000000	0.000000	-2166.992115	0.000000	1207.535082
0.000000	0.000000	344.000000	2246.019557	-1207.535082	0.000000
0.000000	-2166.992115	2246.019557	368493.435377	-29860.258166	-21997.773222
2166.992115	0.000000	-1207.535082	-29860.258166	323585.876284	-10988.562750
-2246.019557	1207.535082	0.000000	-21997.773222	-10988.562750	631291.199163
848	1680	1770
252.000000	0.000000	0.000000	0.000000	2032.150451	-5175.102456
0.000000	252.000000	0.000000	-2032.150451	0.000000	112.907378
0.000000	0.000000	252.000000	5175.102456	-112.907378	0.000000
0.000000	-2032.150451	5175.102456	274459.719535	52983.706822	14258.748545
2032.150451	0.000000	-112.907378	52983.706822	154354.876711	-51384.471803
-5175.102456	112.907378	0.000000	14258.748545	-51384.471803	384009.173522
730	1034	1770
306.000000	0.000000	0.000000	0.000000	1641.117719	2845.607036
0.000000	306.000000	0.000000	-1641.117719	0.000000	-2675.664671
0.000000	0.000000	306.000000	-2845.607036	2675.664671	0.000000
0.000000	-1641.117719	-2845.607036	230251.919934	-102823.482541	10947.297493
1641.117719	0.000000	2675.664671	-102823.482541	223815.921967	6241.429081
2845.607036	-2675.664671	0.000000	10947.297493	6241.429081	421452.757805
612	1152	1770
338.000000	0.000000	0.000000	0.000000	2355.873122	-1203.553900
0.000000	338.000000	0.000000	-2355.873122	0.000000	-759.697212
0.000000	0.000000	338.000000	1203.553900	759.697212	0.000000
0.000000	-2355.873122	1203.553900	308589.184191	53663.768111	10773.896603
2355.873122	0.000000	759.697212	53663.768111	162436.193810	5827.897888
-1203.553900	-759.697212	0.000000	10773.896603	5827.897888	422506.036195
733	1031	1770
320.000000	0.000000	0.000000	0.000000	1555.909772	169.322653
0.000000	320.000000	0.000000	-1555.909772	0.000000	3596.099049
0.000000	0.000000	320.000000	-169.322653	-3596.099049	0.000000
0.000000	-1555.909772	-169.322653	175047.892056	-53670.585999	-7542.256975
1555.909772	0.000000	-3596.099049	-53670.585999	271558.160535	-2507.781613
169.322653	3596.099049	0.000000	-7542.256975	-2507.781613	417451.012769
76	1688	1770
321.000000	0.000000	0.000000	0.000000	2142.953450	12.521190
0.000000	321.000000	0.000000	-2142.953450	0.000000	2618.413989
0.000000	0.000000	321.000000	-12.521190	-2618.413989	0.000000
0.000000	-2142.953450	-12.521190	234083.259894	28503.636826	-18938.563308
2142.953450	0.000000	-2618.413989	28503.636826	200557.588844	-15936.350229
12.521190	2618.413989	0.000000	-18938.563308	-15936.350229	391916.552952
19	1270	1770
233.000000	0.000000	0.000000	0.000000	1467.327990	-17.776858
0.000000	233.000000	0.000000	-1467.327990	0.000000	476.553508
0.000000	0.000000	233.000000	17.776858	-476.553508	0.000000
0.000000	-1467.327990	17.776858	145057.869053	10663.241497	-7656.970229
1467.327990	0.000000	-476.553508	10663.241497	64110.382261	5682.937252
-17.776858	476.553508	0.000000	-7656.970229	5682.937252	180491.980179
96	1668	1770
259.000000	0.000000	0.000000	0.000000	3184.202635	487.138934
0.000000	259.000000	0.000000	-3184.202635	0.000000	-5618.061323
0.000000	0.000000	259.000000	-487.138934	5618.061323	0.000000
0.000000	-3184.202635	-487.138934	222566.917603	33447.423769	80631.358691
3184.202635	0.000000	5618.061323	33447.423769	296148.163786	-3092.686853
487.138934	-5618.061323	0.000000	80631.358691	-3092.686853	427668.132006
787	977	1770
310.000000	0.000000	0.000000	0.000000	2019.995369	-1087.095117
0.000000	310.000000	0.000000	-2019.995369	0.000000	1010.960572
0.000000	0.000000	310.000000	1087.095117	-1010.960572	0.000000
0.000000	-2019.995369	1087.095117	293746.559489	12908.398223	-4521.660468
2019.995369	0.000000	-1010.960572	12908.398223	246381.815226	-9835.051379
-1087.095117	1010.960572	0.000000	-4521.660468	-9835.051379	500767.576901
811	953	1770
245.000000	0.000000	0.000000	0.000000	1610.422771	-2142.628770
0.000000	245.000000	0.000000	-1610.422771	0.000000	-1179.253580
0.000000	0.000000	245.000000	2142.628770	1179.253580	0.000000
0.000000	-1610.422771	2142.628770	193702.169886	13962.772144	12810.647435
1610.422771	0.000000	1179.253580	13962.772144	182752.720836	-25104.018443
-2142.628770	-1179.253580	0.000000	12810.647435	-25104.018443	335433.220703
760	1004	1770
295.000000	0.000000	0.000000	0.000000	2588.034866	809.742937
0.000000	295.000000	0.000000	-2588.034866	0.000000	2104.206464
0.000000	0.000000	295.000000	-809.742937	-2104.206464	0.000000
0.000000	-2588.034866	-809.742937	252254.870397	20741.285995	-18806.268564
2588.034866	0.000000	-2104.206464	20741.285995	186539.124519	13148.100608
809.742937	2104.206464	0.000000	-18806.268564	13148.100608	378130.322422
85	1679	1770
286.000000	0.000000	0.000000	0.000000	2022.331102	-669.539463
0.000000	286.000000	0.000000	-2022.331102	0.000000	1370.516084
0.000000	0.000000	286.000000	669.539463	-1370.516084	0.000000
0.000000	-2022.331102	669.539463	307736.673606	105849.653125	-4764.907833
2022.331102	0.000000	-1370.516084	105849.653125	174859.232938	-2258.511554
-669.539463	1370.516084	0.000000	-4764.907833	-2258.511554	443263.798527
310	1454	1770
199.000000	0.000000	0.000000	0.000000	1570.615197	1987.702479
0.000000	199.000000	0.000000	-1570.615197	0.000000	288.329237
0.000000	0.000000	199.000000	-1987.702479	-288.329237	0.000000
0.000000	-1570.615197	-1987.702479	173710.536004	10492.462492	-140.359197
1570.615197	0.000000	-288.329237	10492.462492	145857.146038	21251.155192
1987.702479	288.329237	0.000000	-140.359197	21251.155192	280553.119699
916	1680	1770
126.000000	0.000000	0.000000	0.000000	706.179745	-3556.110235
0.000000	126.000000	0.000000	-706.179745	0.000000	767.920472
0.000000	0.000000	126.000000	3556.110235	-767.920472	0.000000
0.000000	-706.179745	3556.110235	144576.015986	9568.639834	-2348.920739
706.179745	0.000000	-767.920472	9568.639834	59535.157108	-19474.484015
-3556.110235	767.920472	0.000000	-2348.920739	-19474.484015	192740.907736
1262	1737	1770
376.000000	0.000000	0.000000	0.000000	1964.029110	-1300.616325
0.000000	376.000000	0.000000	-1964.029110	0.000000	-1795.423795
0.000000	0.000000	376.000000	1300.616325	1795.423795	0.000000
0.000000	-1964.029110	1300.616325	152372.783382	-31168.365751	7268.354422
1964.029110	0.000000	1795.423795	-31168.365751	400723.503440	-3591.325593
-1300.616325	-1795.423795	0.000000	7268.354422	-3591.325593	519296.137821
1292	1295	1770
67.000000	0.000000	0.000000	0.000000	140.870678	1455.997415
0.000000	67.000000	0.000000	-140.870678	0.000000	-1711.621226
0.000000	0.000000	67.000000	-1455.997415	1711.621226	0.000000
0.000000	-140.870678	-1455.997415	43291.108698	-44320.252279	3618.986089
140.870678	0.000000	1711.621226	-44320.252279	56231.831632	3131.161394
1455.997415	-1711.621226	0.000000	3618.986089	3131.161394	97845.931017
879	881	1770
201.000000	0.000000	0.000000	0.000000	900.729117	105.202759
0.000000	201.000000	0.000000	-900.729117	0.000000	-1364.977407
0.000000	0.000000	201.000000	-105.202759	1364.977407	0.000000
0.000000	-900.729117	-105.202759	88942.166634	40626.092329	4547.955787
900.729117	0.000000	1364.977407	40626.092329	131698.562456	2076.815199
105.202759	-1364.977407	0.000000	4547.955787	2076.815199	202186.105827
656	1108	1770
241.000000	0.000000	0.000000	0.000000	2461.989531	612.608630
0.000000	241.000000	0.000000	-2461.989531	0.000000	965.786277
0.000000	0.000000	241.000000	-612.608630	-965.786277	0.000000
0.000000	-2461.989531	-612.608630	236912.188478	12539.584235	-27393.527155
2461.989531	0.000000	-965.786277	12539.584235	216681.445603	19559.031975
612.608630	965.786277	0.000000	-27393.527155	19559.031975	370569.254122
22	1267	1770
281.000000	0.000000	0.000000	0.000000	2201.682321	-1533.653186
0.000000	281.000000	0.000000	-2201.682321	0.000000	264.525430
0.000000	0.000000	281.000000	1533.653186	-264.525430	0.000000
0.000000	-2201.682321	1533.653186	157135.981893	-27428.437679	303.202574
2201.682321	0.000000	-264.525430	-27428.437679	222402.341344	-18633.173093
-1533.653186	264.525430	0.000000	303.202574	-18633.173093	330745.424148
860	904	1770
246.000000	0.000000	0.000000	0.000000	971.039495	-426.595816
0.000000	246.000000	0.000000	-971.039495	0.000000	-1490.126270
0.000000	0.000000	246.000000	426.595816	1490.126270	0.000000
0.000000	-971.039495	426.595816	157092.593037	72157.870412	1952.714399
971.039495	0.000000	1490.126270	72157.870412	185005.462652	4875.170871
-426.595816	-1490.126270	0.000000	1952.714399	4875.170871	325948.272890
234	1529	1770
252.000000	0.000000	0.000000	0.000000	1374.740984	-2704.076523
0.000000	252.000000	0.000000	-1374.740984	0.000000	-524.288092
0.000000	0.000000	252.000000	2704.076523	524.288092	0.000000
0.000000	-1374.740984	2704.076523	158482.061338	-1464.782949	6955.678774
1374.740984	0.000000	524.288092	-1464.782949	75720.493534	-16454.668171
-2704.076523	-524.288092	0.000000	6955.678774	-16454.668171	207311.712224
826	938	1770
386.000000	0.000000	0.000000	0.000000	2776.556636	-71.664526
0.000000	386.000000	0.000000	-2776.556636	0.000000	1013.944118
0.000000	0.000000	386.000000	71.664526	-1013.944118	0.000000
0.000000	-2776.556636	71.664526	414038.213540	4548.890716	-28297.704583
2776.556636	0.000000	-1013.944118	4548.890716	361861.918799	-13908.919092
-71.664526	1013.944118	0.000000	-28297.704583	-13908.919092	691565.489582
46	1718	1770
170.000000	0.000000	0.000000	0.000000	993.540645	-1949.673637
0.000000	170.000000	0.000000	-993.540645	0.000000	425.935747
0.000000	0.000000	170.000000	1949.673637	-425.935747	0.000000
0.000000	-993.540645	1949.673637	154355.682601	-25532.313848	-2173.745070
993.540645	0.000000	-425.935747	-25532.313848	78277.232925	-8036.188448
-1949.673637	425.935747	0.000000	-2173.745070	-8036.188448	215289.454224
643	1121	1770
129.000000	0.000000	0.000000	0.000000	1053.166059	97.750355
0.000000	129.000000	0.000000	-1053.166059	0.000000	1260.908092
0.000000	0.000000	129.000000	-97.750355	-1260.908092	0.000000
0.000000	-1053.166059	-97.750355	115083.689199	-5981.370707	-7861.186406
1053.166059	0.000000	-1260.908092	-5981.370707	124362.561292	19867.399908
97.750355	1260.908092	0.000000	-7861.186406	19867.399908	207744.227958
726	1038	1770
223.000000	0.000000	0.000000	0.000000	1512.004579	2094.410426
0.000000	223.000000	0.000000	-1512.004579	0.000000	940.844068
0.000000	0.000000	223.000000	-2094.410426	-940.844068	0.000000
0.000000	-1512.004579	-2094.410426	196392.088709	20287.407921	-7997.011962
1512.004579	0.000000	-940.844068	20287.407921	140267.783974	12017.430865
2094.410426	940.844068	0.000000	-7997.011962	12017.430865	297514.986261
57	1707	1770
270.000000	0.000000	0.000000	0.000000	1674.150545	2282.379343
0.000000	270.000000	0.000000	-1674.150545	0.000000	128.718422
0.000000	0.000000	270.000000	-2282.379343	-128.718422	0.000000
0.000000	-1674.150545	-2282.379343	267542.885657	36685.103287	-2343.430709
1674.150545	0.000000	-128.718422	36685.103287	238160.822037	26473.061413
2282.379343	128.718422	0.000000	-2343.430709	26473.061413	458625.297090
80	1684	1770
308.000000	0.000000	0.000000	0.000000	2466.895834	1437.544890
0.000000	308.000000	0.000000	-2466.895834	0.000000	-343.663321
0.000000	0.000000	308.000000	-1437.544890	343.663321	0.000000
0.000000	-2466.895834	-1437.544890	351515.647081	-36711.881751	14834.668162
2466.895834	0.000000	343.663321	-36711.881751	209706.649743	37119.831102
1437.544890	-343.663321	0.000000	14834.668162	37119.831102	500560.659129
545	1219	1770
384.000000	0.000000	0.000000	0.000000	2767.143553	-389.359576
0.000000	384.000000	0.000000	-2767.143553	0.000000	-274.105800
0.000000	0.000000	384.000000	389.359576	274.105800	0.000000
0.000000	-2767.143553	389.359576	355357.590025	-5967.886878	27563.723428
2767.143553	0.000000	274.105800	-5967.886878	255797.086642	7668.869456
-389.359576	-274.105800	0.000000	27563.723428	7668.869456	543310.086488
84	848	1770
232.000000	0.000000	0.000000	0.000000	1736.529915	-307.207921
0.000000	232.000000	0.000000	-1736.529915	0.000000	-2538.981437
0.000000	0.000000	232.000000	307.207921	2538.981437	0.000000
0.000000	-1736.529915	307.207921	111358.165285	32253.371370	35572.939571
1736.529915	0.000000	2538.981437	32253.371370	155827.754405	-11841.517494
-307.207921	-2538.981437	0.000000	35572.939571	-11841.517494	228908.839885
744	1020	1770
188.000000	0.000000	0.000000	0.000000	1282.391809	1667.759964
0.000000	188.000000	0.000000	-1282.391809	0.000000	-85.692504
0.000000	0.000000	188.000000	-1667.759964	85.692504	0.000000
0.000000	-1282.391809	-1667.759964	155221.239557	-41932.368843	6589.960187
1282.391809	0.000000	85.692504	-41932.368843	210382.212240	12231.416824
1667.759964	-85.692504	0.000000	6589.960187	12231.416824	335370.998156
628	1136	1770
172.000000	0.000000	0.000000	0.000000	771.472513	-2151.858488
0.000000	172.000000	0.000000	-771.472513	0.000000	-726.137951
0.000000	0.000000	172.000000	2151.858488	726.137951	0.000000
0.000000	-771.472513	2151.858488	142436.009293	27655.205215	-3047.030699
771.472513	0.000000	726.137951	27655.205215	60896.125578	-10476.987348
-2151.858488	-726.137951	0.000000	-3047.030699	-10476.987348	188012.965919
783	981	1770
387.000000	0.000000	0.000000	0.000000	2415.409936	727.575332
0.000000	387.000000	0.000000	-2415.409936	0.000000	2140.271311
0.000000	0.000000	387.000000	-727.575332	-2140.271311	0.000000
0.000000	-2415.409936	-727.575332	415213.309296	32383.819689	-7912.019317
2415.409936	0.000000	-2140.271311	32383.819689	322170.664063	1060.034405
727.575332	2140.271311	0.000000	-7912.019317	1060.034405	687750.416366
622	1142	1770
208.000000	0.000000	0.000000	0.000000	1863.503162	-2500.341792
0.000000	208.000000	0.000000	-1863.503162	0.000000	-65.575577
0.000000	0.000000	208.000000	2500.341792	65.575577	0.000000
0.000000	-1863.503162	2500.341792	150923.443418	-182.463929	-18135.144738
1863.503162	0.000000	65.575577	-182.463929	239933.179134	-12845.476509
-2500.341792	-65.575577	0.000000	-18135.144738	-12845.476509	330527.595532
829	1695	1770
301.000000	0.000000	0.000000	0.000000	2422.563750	992.800079
0.000000	301.000000	0.000000	-2422.563750	0.000000	101.690305
0.000000	0.000000	301.000000	-992.800079	-101.690305	0.000000
0.000000	-2422.563750	-992.800079	294626.594193	14969.628609	-14415.007883
2422.563750	0.000000	-101.690305	14969.628609	243943.727134	8463.447522
992.800079	101.690305	0.000000	-14415.007883	8463.447522	467404.563935
478	1286	1770
117.000000	0.000000	0.000000	0.000000	307.724980	27.743765
0.000000	117.000000	0.000000	-307.724980	0.000000	-542.053910
0.000000	0.000000	117.000000	-27.743765	542.053910	0.000000
0.000000	-307.724980	-27.743765	50931.975459	-54196.881347	1810.731522
307.724980	0.000000	542.053910	-54196.881347	93571.017866	516.324576
27.743765	-542.053910	0.000000	1810.731522	516.324576	141017.723734
639	1125	1770
186.000000	0.000000	0.000000	0.000000	1087.884006	1452.556649
0.000000	186.000000	0.000000	-1087.884006	0.000000	1325.396549
0.000000	0.000000	186.000000	-1452.556649	-1325.396549	0.000000
0.000000	-1087.884006	-1452.556649	171069.571111	17706.374823	-9571.910783
1087.884006	0.000000	-1325.396549	17706.374823	171521.599874	21777.720630
1452.556649	1325.396549	0.000000	-9571.910783	21777.720630	315493.930090
861	903	1770
270.000000	0.000000	0.000000	0.000000	1205.993622	1135.722100
0.000000	270.000000	0.000000	-1205.993622	0.000000	-1216.181560
0.000000	0.000000	270.000000	-1135.722100	1216.181560	0.000000
0.000000	-1205.993622	-1135.722100	245218.477127	39672.839690	6212.075374
1205.993622	0.000000	1216.181560	39672.839690	155900.155077	6497.797442
1135.722100	-1216.181560	0.000000	6212.075374	6497.797442	381433.756534
93	1671	1770
348.000000	0.000000	0.000000	0.000000	4901.578749	-2007.391596
0.000000	348.000000	0.000000	-4901.578749	0.000000	-2735.138079
0.000000	0.000000	348.000000	2007.391596	2735.138079	0.000000
0.000000	-4901.578749	2007.391596	285752.141645	-92609.806243	28188.281077
4901.578749	0.000000	2735.138079	-92609.806243	443511.796560	-39134.063704
-2007.391596	-2735.138079	0.000000	28188.281077	-39134.063704	572832.995865
36	1728	1770
193.000000	0.000000	0.000000	0.000000	1077.259394	-1144.911409
0.000000	193.000000	0.000000	-1077.259394	0.000000	811.814066
0.000000	0.000000	193.000000	1144.911409	-811.814066	0.000000
0.000000	-1077.259394	1144.911409	146821.775973	48142.127901	-15080.498207
1077.259394	0.000000	-811.814066	48142.127901	176582.593857	1350.577242
-1144.911409	811.814066	0.000000	-15080.498207	1350.577242	299045.502636
683	1081	1770
