0	1	1770
244.000000	0.000000	0.000000	0.000000	1532.900534	-5498.149717
0.000000	244.000000	0.000000	-1532.900534	0.000000	-205.928905
0.000000	0.000000	244.000000	5498.149717	205.928905	0.000000
0.000000	-1532.900534	5498.149717	252589.947567	-17566.637997	-925.220044
1532.900534	0.000000	205.928905	-17566.637997	71501.808541	-40311.227849
-5498.149717	-205.928905	0.000000	-925.220044	-40311.227849	296913.403035
1	2	1770
294.000000	0.000000	0.000000	0.000000	1969.722987	-4044.317703
0.000000	294.000000	0.000000	-1969.722987	0.000000	1839.555587
0.000000	0.000000	294.000000	4044.317703	-1839.555587	0.000000
0.000000	-1969.722987	4044.317703	193048.698664	-13294.422813	-17563.311800
1969.722987	0.000000	-1839.555587	-13294.422813	161674.481334	-30894.968594
-4044.317703	1839.555587	0.000000	-17563.311800	-30894.968594	317819.279358
2	3	1770
342.000000	0.000000	0.000000	0.000000	2315.075467	-4186.360325
0.000000	342.000000	0.000000	-2315.075467	0.000000	1302.977522
0.000000	0.000000	342.000000	4186.360325	-1302.977522	0.000000
0.000000	-2315.075467	4186.360325	268255.256202	20103.890497	-12130.196433
2315.075467	0.000000	-1302.977522	20103.890497	257400.331068	-27936.990655
-4186.360325	1302.977522	0.000000	-12130.196433	-27936.990655	481707.344524
3	4	1770
323.000000	0.000000	0.000000	0.000000	2338.225961	-3212.960659
0.000000	323.000000	0.000000	-2338.225961	0.000000	-689.214401
0.000000	0.000000	323.000000	3212.960659	689.214401	0.000000
0.000000	-2338.225961	3212.960659	204395.641011	-24248.705898	2605.339274
2338.225961	0.000000	689.214401	-24248.705898	286685.920699	-23620.460917
-3212.960659	-689.214401	0.000000	2605.339274	-23620.460917	444765.210601
4	5	1770
291.000000	0.000000	0.000000	0.000000	2242.222204	-1097.128853
0.000000	291.000000	0.000000	-2242.222204	0.000000	109.826685
0.000000	0.000000	291.000000	1097.128853	-109.826685	0.000000
0.000000	-2242.222204	1097.128853	145740.153383	-52960.294137	-2942.781605
2242.222204	0.000000	-109.826685	-52960.294137	260802.953372	-8745.256798
-1097.128853	109.826685	0.000000	-2942.781605	-8745.256798	361963.746847
5	6	1770
233.000000	0.000000	0.000000	0.000000	1612.735360	-413.707743
0.000000	233.000000	0.000000	-1612.735360	0.000000	461.799820
0.000000	0.000000	233.000000	413.707743	-461.799820	0.000000
0.000000	-1612.735360	413.707743	131657.390462	-22125.886869	-7797.469007
1612.735360	0.000000	-461.799820	-22125.886869	190334.786204	-2546.487892
-413.707743	461.799820	0.000000	-7797.469007	-2546.487892	291737.989329
6	7	1770
183.000000	0.000000	0.000000	0.000000	1183.109184	-600.187009
0.000000	183.000000	0.000000	-1183.109184	0.000000	949.179585
0.000000	0.000000	183.000000	600.187009	-949.179585	0.000000
0.000000	-1183.109184	600.187009	157953.209511	15667.558439	-10727.778312
1183.109184	0.000000	-949.179585	15667.558439	125887.872272	-2995.283567
-600.187009	949.179585	0.000000	-10727.778312	-2995.283567	263456.918954
7	8	1770
157.000000	0.000000	0.000000	0.000000	841.242223	-2541.358980
0.000000	157.000000	0.000000	-841.242223	0.000000	-2249.466006
0.000000	0.000000	157.000000	2541.358980	2249.466006	0.000000
0.000000	-841.242223	2541.358980	117754.834611	54139.335428	9496.219324
841.242223	0.000000	2249.466006	54139.335428	138379.744944	-13004.943486
-2541.358980	-2249.466006	0.000000	9496.219324	-13004.943486	243780.715509
8	9	1770
194.000000	0.000000	0.000000	0.000000	1029.212584	-1737.858976
0.000000	194.000000	0.000000	-1029.212584	0.000000	-2027.762456
0.000000	0.000000	194.000000	1737.858976	2027.762456	0.000000
0.000000	-1029.212584	1737.858976	98966.873971	41854.753561	5365.739354
1029.212584	0.000000	2027.762456	41854.753561	152573.443819	-5531.877532
-1737.858976	-2027.762456	0.000000	5365.739354	-5531.877532	236287.974945
9	10	1770
244.000000	0.000000	0.000000	0.000000	1505.695695	-2861.562345
0.000000	244.000000	0.000000	-1505.695695	0.000000	-4903.188957
0.000000	0.000000	244.000000	2861.562345	4903.188957	0.000000
0.000000	-1505.695695	2861.562345	132590.715072	99410.223638	34573.395411
1505.695695	0.000000	4903.188957	99410.223638	267962.220538	-15677.602457
-2861.562345	-4903.188957	0.000000	34573.395411	-15677.602457	370675.190563
10	11	1770
236.000000	0.000000	0.000000	0.000000	1277.639065	112.722661
0.000000	236.000000	0.000000	-1277.639065	0.000000	-4137.553588
0.000000	0.000000	236.000000	-112.722661	4137.553588	0.000000
0.000000	-1277.639065	-112.722661	114215.113028	21913.731706	26909.514755
1277.639065	0.000000	4137.553588	21913.731706	189823.020527	4773.042244
112.722661	-4137.553588	0.000000	26909.514755	4773.042244	279595.612741
11	12	1770
270.000000	0.000000	0.000000	0.000000	1765.281797	-2523.689473
0.000000	270.000000	0.000000	-1765.281797	0.000000	-3450.464530
0.000000	0.000000	270.000000	2523.689473	3450.464530	0.000000
0.000000	-1765.281797	2523.689473	295004.998178	-11602.035810	23135.750283
1765.281797	0.000000	3450.464530	-11602.035810	155329.792000	-21756.109380
-2523.689473	-3450.464530	0.000000	23135.750283	-21756.109380	412607.183149
12	13	1770
277.000000	0.000000	0.000000	0.000000	1625.502267	-4220.072380
0.000000	277.000000	0.000000	-1625.502267	0.000000	-1403.269270
0.000000	0.000000	277.000000	4220.072380	1403.269270	0.000000
0.000000	-1625.502267	4220.072380	253642.108706	-35540.383376	-3946.790784
1625.502267	0.000000	1403.269270	-35540.383376	170591.057023	-41927.158035
-4220.072380	-1403.269270	0.000000	-3946.790784	-41927.158035	394681.329584
13	14	1770
367.000000	0.000000	0.000000	0.000000	2686.528071	-6611.988682
0.000000	367.000000	0.000000	-2686.528071	0.000000	-1202.463529
0.000000	0.000000	367.000000	6611.988682	1202.463529	0.000000
0.000000	-2686.528071	6611.988682	318904.569615	-29247.211873	-338.749572
2686.528071	0.000000	1202.463529	-29247.211873	283681.656745	-60432.204351
-6611.988682	-1202.463529	0.000000	-338.749572	-60432.204351	545261.654683
14	15	1770
321.000000	0.000000	0.000000	0.000000	2453.355052	-2184.870385
0.000000	321.000000	0.000000	-2453.355052	0.000000	81.452811
0.000000	0.000000	321.000000	2184.870385	-81.452811	0.000000
0.000000	-2453.355052	2184.870385	151532.293871	-28977.049994	-603.236121
2453.355052	0.000000	-81.452811	-28977.049994	259107.270185	-12151.429120
-2184.870385	81.452811	0.000000	-603.236121	-12151.429120	358391.569956
15	16	1770
382.000000	0.000000	0.000000	0.000000	2927.685095	1433.390974
0.000000	382.000000	0.000000	-2927.685095	0.000000	2262.625330
0.000000	0.000000	382.000000	-1433.390974	-2262.625330	0.000000
0.000000	-2927.685095	-1433.390974	196044.684172	9331.950001	-32962.018318
2927.685095	0.000000	-2262.625330	9331.950001	256019.357717	23974.794586
1433.390974	2262.625330	0.000000	-32962.018318	23974.794586	383539.060184
16	17	1770
461.000000	0.000000	0.000000	0.000000	3577.794219	-2578.954082
0.000000	461.000000	0.000000	-3577.794219	0.000000	5709.336925
0.000000	0.000000	461.000000	2578.954082	-5709.336925	0.000000
0.000000	-3577.794219	2578.954082	345719.558037	40218.502899	-63809.302639
3577.794219	0.000000	-5709.336925	40218.502899	203137.028103	286.568448
-2578.954082	5709.336925	0.000000	-63809.302639	286.568448	462969.500697
17	18	1770
497.000000	0.000000	0.000000	0.000000	3772.581159	-3462.073123
0.000000	497.000000	0.000000	-3772.581159	0.000000	5452.735283
0.000000	0.000000	497.000000	3462.073123	-5452.735283	0.000000
0.000000	-3772.581159	3462.073123	405851.757141	31153.274849	-57053.019165
3772.581159	0.000000	-5452.735283	31153.274849	164103.218472	1385.814761
-3462.073123	5452.735283	0.000000	-57053.019165	1385.814761	479907.392026
18	19	1770
473.000000	0.000000	0.000000	0.000000	3420.853301	-2801.276594
0.000000	473.000000	0.000000	-3420.853301	0.000000	3986.618418
0.000000	0.000000	473.000000	2801.276594	-3986.618418	0.000000
0.000000	-3420.853301	2801.276594	384327.226551	10981.335652	-41338.885169
3420.853301	0.000000	-3986.618418	10981.335652	149023.993563	7671.271440
-2801.276594	3986.618418	0.000000	-41338.885169	7671.271440	453911.831256
19	20	1770
322.000000	0.000000	0.000000	0.000000	1800.083285	-4920.555853
0.000000	322.000000	0.000000	-1800.083285	0.000000	1920.970242
0.000000	0.000000	322.000000	4920.555853	-1920.970242	0.000000
0.000000	-1800.083285	4920.555853	212642.491964	-27017.849290	-16053.047023
1800.083285	0.000000	-1920.970242	-27017.849290	149764.798515	-21366.277620
-4920.555853	1920.970242	0.000000	-16053.047023	-21366.277620	324400.618116
20	21	1770
382.000000	0.000000	0.000000	0.000000	2422.393236	-5711.866574
0.000000	382.000000	0.000000	-2422.393236	0.000000	5828.663576
0.000000	0.000000	382.000000	5711.866574	-5828.663576	0.000000
0.000000	-2422.393236	5711.866574	276439.958094	-103219.753911	-26599.121279
2422.393236	0.000000	-5828.663576	-103219.753911	329764.033704	-33566.775631
-5711.866574	5828.663576	0.000000	-26599.121279	-33566.775631	553966.098708
21	22	1770
425.000000	0.000000	0.000000	0.000000	2760.698762	-4792.243040
0.000000	425.000000	0.000000	-2760.698762	0.000000	4573.016543
0.000000	0.000000	425.000000	4792.243040	-4573.016543	0.000000
0.000000	-2760.698762	4792.243040	229672.422058	-33463.944627	-24761.494960
2760.698762	0.000000	-4573.016543	-33463.944627	273501.761398	-43260.831502
-4792.243040	4573.016543	0.000000	-24761.494960	-43260.831502	445016.577799
22	23	1770
513.000000	0.000000	0.000000	0.000000	3777.060521	-4346.841764
0.000000	513.000000	0.000000	-3777.060521	0.000000	3694.857565
0.000000	0.000000	513.000000	4346.841764	-3694.857565	0.000000
0.000000	-3777.060521	4346.841764	315853.756208	-82540.336304	-24211.499825
3777.060521	0.000000	-3694.857565	-82540.336304	338831.205061	-39905.996721
-4346.841764	3694.857565	0.000000	-24211.499825	-39905.996721	570708.044006
23	24	1770
495.000000	0.000000	0.000000	0.000000	3290.464739	-4815.060982
0.000000	495.000000	0.000000	-3290.464739	0.000000	3136.027174
0.000000	0.000000	495.000000	4815.060982	-3136.027174	0.000000
0.000000	-3290.464739	4815.060982	299509.350067	-92659.067511	-11559.369232
3290.464739	0.000000	-3136.027174	-92659.067511	354667.115683	-40691.547711
-4815.060982	3136.027174	0.000000	-11559.369232	-40691.547711	585859.221892
24	25	1770
450.000000	0.000000	0.000000	0.000000	2959.535052	-5092.763399
0.000000	450.000000	0.000000	-2959.535052	0.000000	2796.581424
0.000000	0.000000	450.000000	5092.763399	-2796.581424	0.000000
0.000000	-2959.535052	5092.763399	285174.952057	-95655.816784	-2252.309632
2959.535052	0.000000	-2796.581424	-95655.816784	282608.013883	-32464.161586
-5092.763399	2796.581424	0.000000	-2252.309632	-32464.161586	507140.899552
25	26	1770
474.000000	0.000000	0.000000	0.000000	3085.869836	-7012.651445
0.000000	474.000000	0.000000	-3085.869836	0.000000	2157.079547
0.000000	0.000000	474.000000	7012.651445	-2157.079547	0.000000
0.000000	-3085.869836	7012.651445	319752.732531	-94483.437454	-6226.444232
3085.869836	0.000000	-2157.079547	-94483.437454	305292.867082	-45727.637869
-7012.651445	2157.079547	0.000000	-6226.444232	-45727.637869	565683.642324
26	27	1770
489.000000	0.000000	0.000000	0.000000	2747.975113	-5864.819100
0.000000	489.000000	0.000000	-2747.975113	0.000000	2666.510533
0.000000	0.000000	489.000000	5864.819100	-2666.510533	0.000000
0.000000	-2747.975113	5864.819100	272846.604220	-73189.053932	-9475.580012
2747.975113	0.000000	-2666.510533	-73189.053932	371061.194351	-36950.092601
-5864.819100	2666.510533	0.000000	-9475.580012	-36950.092601	597761.167786
27	28	1770
450.000000	0.000000	0.000000	0.000000	2684.863993	-4684.226392
0.000000	450.000000	0.000000	-2684.863993	0.000000	2228.428549
0.000000	0.000000	450.000000	4684.226392	-2228.428549	0.000000
0.000000	-2684.863993	4684.226392	212960.544607	-10650.173926	-14357.016453
2684.863993	0.000000	-2228.428549	-10650.173926	311020.891698	-26102.547616
-4684.226392	2228.428549	0.000000	-14357.016453	-26102.547616	475292.773528
28	29	1770
403.000000	0.000000	0.000000	0.000000	2389.927720	-3571.831419
0.000000	403.000000	0.000000	-2389.927720	0.000000	34.554825
0.000000	0.000000	403.000000	3571.831419	-34.554825	0.000000
0.000000	-2389.927720	3571.831419	175453.028270	181.035133	6142.726179
2389.927720	0.000000	-34.554825	181.035133	265006.773048	-18150.944098
-3571.831419	34.554825	0.000000	6142.726179	-18150.944098	394763.733166
29	30	1770
397.000000	0.000000	0.000000	0.000000	2448.439447	-3546.953731
0.000000	397.000000	0.000000	-2448.439447	0.000000	4695.028277
0.000000	0.000000	397.000000	3546.953731	-4695.028277	0.000000
0.000000	-2448.439447	3546.953731	240448.523011	-91927.647046	-33818.747762
2448.439447	0.000000	-4695.028277	-91927.647046	283960.197361	-17803.497860
-3546.953731	4695.028277	0.000000	-33818.747762	-17803.497860	469924.375010
30	31	1770
408.000000	0.000000	0.000000	0.000000	2539.629085	-3243.451575
0.000000	408.000000	0.000000	-2539.629085	0.000000	5111.818924
0.000000	0.000000	408.000000	3243.451575	-5111.818924	0.000000
0.000000	-2539.629085	3243.451575	211411.392146	-90048.476558	-38699.314754
2539.629085	0.000000	-5111.818924	-90048.476558	359460.933839	-14528.299224
-3243.451575	5111.818924	0.000000	-38699.314754	-14528.299224	513715.907995
31	32	1770
429.000000	0.000000	0.000000	0.000000	2481.618776	-4140.637813
0.000000	429.000000	0.000000	-2481.618776	0.000000	3819.229698
0.000000	0.000000	429.000000	4140.637813	-3819.229698	0.000000
0.000000	-2481.618776	4140.637813	224069.616893	-76274.491148	-29204.909567
2481.618776	0.000000	-3819.229698	-76274.491148	273001.509010	-19372.764602
-4140.637813	3819.229698	0.000000	-29204.909567	-19372.764602	445909.831936
32	33	1770
438.000000	0.000000	0.000000	0.000000	2126.838567	-3541.824650
0.000000	438.000000	0.000000	-2126.838567	0.000000	-589.046167
0.000000	0.000000	438.000000	3541.824650	589.046167	0.000000
0.000000	-2126.838567	3541.824650	212543.946022	-17357.753196	-8006.169723
2126.838567	0.000000	589.046167	-17357.753196	239277.893009	-10724.694161
-3541.824650	-589.046167	0.000000	-8006.169723	-10724.694161	407510.520817
33	34	1770
455.000000	0.000000	0.000000	0.000000	2171.920347	-3679.378216
0.000000	455.000000	0.000000	-2171.920347	0.000000	-1061.685706
0.000000	0.000000	455.000000	3679.378216	1061.685706	0.000000
0.000000	-2171.920347	3679.378216	236866.279799	3008.106257	-1811.444135
2171.920347	0.000000	1061.685706	3008.106257	258402.906964	-3958.452627
-3679.378216	-1061.685706	0.000000	-1811.444135	-3958.452627	450676.436667
34	35	1770
448.000000	0.000000	0.000000	0.000000	2280.047505	-1495.657838
0.000000	448.000000	0.000000	-2280.047505	0.000000	59.569223
0.000000	0.000000	448.000000	1495.657838	-59.569223	0.000000
0.000000	-2280.047505	1495.657838	278692.997560	57220.841645	-7141.174550
2280.047505	0.000000	-59.569223	57220.841645	230492.218273	10511.544650
-1495.657838	59.569223	0.000000	-7141.174550	10511.544650	459933.038501
35	36	1770
442.000000	0.000000	0.000000	0.000000	2720.401075	-696.544832
0.000000	442.000000	0.000000	-2720.401075	0.000000	4364.028140
0.000000	0.000000	442.000000	696.544832	-4364.028140	0.000000
0.000000	-2720.401075	696.544832	247706.526653	44100.048524	-46081.956340
2720.401075	0.000000	-4364.028140	44100.048524	453049.019014	9211.844566
-696.544832	4364.028140	0.000000	-46081.956340	9211.844566	639828.948296
36	37	1770
329.000000	0.000000	0.000000	0.000000	2453.458617	2960.593017
0.000000	329.000000	0.000000	-2453.458617	0.000000	7485.740182
0.000000	0.000000	329.000000	-2960.593017	-7485.740182	0.000000
0.000000	-2453.458617	-2960.593017	182878.677962	51154.756141	-56217.371750
2453.458617	0.000000	-7485.740182	51154.756141	361604.025367	20454.280074
2960.593017	7485.740182	0.000000	-56217.371750	20454.280074	487355.920995
37	38	1770
395.000000	0.000000	0.000000	0.000000	2533.355537	1862.739783
0.000000	395.000000	0.000000	-2533.355537	0.000000	4312.273204
0.000000	0.000000	395.000000	-1862.739783	-4312.273204	0.000000
0.000000	-2533.355537	-1862.739783	210812.170316	28927.194695	-27605.625644
2533.355537	0.000000	-4312.273204	28927.194695	258957.290881	2450.929227
1862.739783	4312.273204	0.000000	-27605.625644	2450.929227	412212.958301
38	39	1770
380.000000	0.000000	0.000000	0.000000	2176.738777	2730.902583
0.000000	380.000000	0.000000	-2176.738777	0.000000	4205.369694
0.000000	0.000000	380.000000	-2730.902583	-4205.369694	0.000000
0.000000	-2176.738777	-2730.902583	332066.683765	81474.189127	-29278.069428
2176.738777	0.000000	-4205.369694	81474.189127	233094.102805	14420.148372
2730.902583	4205.369694	0.000000	-29278.069428	14420.148372	522016.651781
39	40	1770
355.000000	0.000000	0.000000	0.000000	2452.725352	3989.023621
0.000000	355.000000	0.000000	-2452.725352	0.000000	3866.874722
0.000000	0.000000	355.000000	-3989.023621	-3866.874722	0.000000
0.000000	-2452.725352	-3989.023621	314414.556738	41415.726645	-19452.279911
2452.725352	0.000000	-3866.874722	41415.726645	233503.697243	40211.069514
3989.023621	3866.874722	0.000000	-19452.279911	40211.069514	492885.280716
40	41	1770
401.000000	0.000000	0.000000	0.000000	3351.711078	6714.218209
0.000000	401.000000	0.000000	-3351.711078	0.000000	5935.801877
0.000000	0.000000	401.000000	-6714.218209	-5935.801877	0.000000
0.000000	-3351.711078	-6714.218209	309100.524504	107836.473497	-43456.254121
3351.711078	0.000000	-5935.801877	107836.473497	314701.211740	74869.072793
6714.218209	5935.801877	0.000000	-43456.254121	74869.072793	534307.835598
41	42	1770
486.000000	0.000000	0.000000	0.000000	4602.879297	5768.885295
0.000000	486.000000	0.000000	-4602.879297	0.000000	5403.187284
0.000000	0.000000	486.000000	-5768.885295	-5403.187284	0.000000
0.000000	-4602.879297	-5768.885295	381972.068387	47878.630433	-29524.781646
4602.879297	0.000000	-5403.187284	47878.630433	386734.335151	75347.358438
5768.885295	5403.187284	0.000000	-29524.781646	75347.358438	636213.788945
42	43	1770
485.000000	0.000000	0.000000	0.000000	4760.778000	3862.110157
0.000000	485.000000	0.000000	-4760.778000	0.000000	4131.028018
0.000000	0.000000	485.000000	-3862.110157	-4131.028018	0.000000
0.000000	-4760.778000	-3862.110157	336454.329602	24292.729634	-23233.992865
4760.778000	0.000000	-4131.028018	24292.729634	363545.337251	33891.621416
3862.110157	4131.028018	0.000000	-23233.992865	33891.621416	560824.397878
43	44	1770
453.000000	0.000000	0.000000	0.000000	4352.601595	621.432713
0.000000	453.000000	0.000000	-4352.601595	0.000000	5323.720763
0.000000	0.000000	453.000000	-621.432713	-5323.720763	0.000000
0.000000	-4352.601595	-621.432713	256107.332453	11070.928816	-38317.971540
4352.601595	0.000000	-5323.720763	11070.928816	342522.472962	-7842.534963
621.432713	5323.720763	0.000000	-38317.971540	-7842.534963	477014.456458
44	45	1770
383.000000	0.000000	0.000000	0.000000	2749.745776	1467.627179
0.000000	383.000000	0.000000	-2749.745776	0.000000	3620.022623
0.000000	0.000000	383.000000	-1467.627179	-3620.022623	0.000000
0.000000	-2749.745776	-1467.627179	237307.233139	-19575.431362	-27980.163554
2749.745776	0.000000	-3620.022623	-19575.431362	212860.728189	354.783581
1467.627179	3620.022623	0.000000	-27980.163554	354.783581	387107.624190
45	46	1770
355.000000	0.000000	0.000000	0.000000	2356.007975	1764.866592
0.000000	355.000000	0.000000	-2356.007975	0.000000	2028.463352
0.000000	0.000000	355.000000	-1764.866592	-2028.463352	0.000000
0.000000	-2356.007975	-1764.866592	314735.043642	-44040.195956	-14452.050898
2356.007975	0.000000	-2028.463352	-44040.195956	170772.677121	12374.039909
1764.866592	2028.463352	0.000000	-14452.050898	12374.039909	437291.294010
46	47	1770
299.000000	0.000000	0.000000	0.000000	2024.642045	5447.766067
0.000000	299.000000	0.000000	-2024.642045	0.000000	-0.995230
0.000000	0.000000	299.000000	-5447.766067	0.995230	0.000000
0.000000	-2024.642045	-5447.766067	301785.990320	-73927.102767	11148.442584
2024.642045	0.000000	0.995230	-73927.102767	148265.615648	51261.721927
5447.766067	-0.995230	0.000000	11148.442584	51261.721927	410199.620839
47	48	1770
294.000000	0.000000	0.000000	0.000000	2165.525555	4682.686386
0.000000	294.000000	0.000000	-2165.525555	0.000000	-1865.709860
0.000000	0.000000	294.000000	-4682.686386	1865.709860	0.000000
0.000000	-2165.525555	-4682.686386	194344.102494	-42614.707285	27866.065211
2165.525555	0.000000	1865.709860	-42614.707285	133429.278954	38811.028344
4682.686386	-1865.709860	0.000000	27866.065211	38811.028344	280772.015721
48	49	1770
341.000000	0.000000	0.000000	0.000000	2602.129266	845.272036
0.000000	341.000000	0.000000	-2602.129266	0.000000	-3062.874084
0.000000	0.000000	341.000000	-845.272036	3062.874084	0.000000
0.000000	-2602.129266	-845.272036	207679.327447	66728.889368	31611.408504
2602.129266	0.000000	3062.874084	66728.889368	208910.182491	-1149.111092
845.272036	-3062.874084	0.000000	31611.408504	-1149.111092	357211.320124
49	50	1770
374.000000	0.000000	0.000000	0.000000	2810.995935	1031.099038
0.000000	374.000000	0.000000	-2810.995935	0.000000	-1967.638249
0.000000	0.000000	374.000000	-1031.099038	1967.638249	0.000000
0.000000	-2810.995935	-1031.099038	223603.563951	34581.397280	27083.907528
2810.995935	0.000000	1967.638249	34581.397280	244462.405107	9697.215597
1031.099038	-1967.638249	0.000000	27083.907528	9697.215597	393864.880409
50	51	1770
371.000000	0.000000	0.000000	0.000000	2654.629841	1693.678181
0.000000	371.000000	0.000000	-2654.629841	0.000000	-1380.817705
0.000000	0.000000	371.000000	-1693.678181	1380.817705	0.000000
0.000000	-2654.629841	-1693.678181	245935.947877	5500.161199	13932.788028
2654.629841	0.000000	1380.817705	5500.161199	236097.063765	8609.998476
1693.678181	-1380.817705	0.000000	13932.788028	8609.998476	413836.485895
51	52	1770
388.000000	0.000000	0.000000	0.000000	2675.578830	4089.863411
0.000000	388.000000	0.000000	-2675.578830	0.000000	-1782.284974
0.000000	0.000000	388.000000	-4089.863411	1782.284974	0.000000
0.000000	-2675.578830	-4089.863411	344063.056527	-58483.831699	8638.318916
2675.578830	0.000000	1782.284974	-58483.831699	225816.435868	22217.670446
4089.863411	-1782.284974	0.000000	8638.318916	22217.670446	502302.918259
52	53	1770
337.000000	0.000000	0.000000	0.000000	2344.575226	2260.090994
0.000000	337.000000	0.000000	-2344.575226	0.000000	-2238.366229
0.000000	0.000000	337.000000	-2260.090994	2238.366229	0.000000
0.000000	-2344.575226	-2260.090994	233577.408550	-40134.220129	17176.610082
2344.575226	0.000000	2238.366229	-40134.220129	208381.978057	7920.730967
2260.090994	-2238.366229	0.000000	17176.610082	7920.730967	381049.204199
53	54	1770
280.000000	0.000000	0.000000	0.000000	1842.209225	4344.813580
0.000000	280.000000	0.000000	-1842.209225	0.000000	-1074.081895
0.000000	0.000000	280.000000	-4344.813580	1074.081895	0.000000
0.000000	-1842.209225	-4344.813580	189463.365611	-24132.979831	8421.951551
1842.209225	0.000000	1074.081895	-24132.979831	195010.433489	18700.858525
4344.813580	-1074.081895	0.000000	8421.951551	18700.858525	337098.602776
54	55	1770
283.000000	0.000000	0.000000	0.000000	1865.157155	3484.775373
0.000000	283.000000	0.000000	-1865.157155	0.000000	-2521.965410
0.000000	0.000000	283.000000	-3484.775373	2521.965410	0.000000
0.000000	-1865.157155	-3484.775373	195159.495062	-18120.581392	26195.650886
1865.157155	0.000000	2521.965410	-18120.581392	197773.934298	21655.402996
3484.775373	-2521.965410	0.000000	26195.650886	21655.402996	348676.380721
55	56	1770
235.000000	0.000000	0.000000	0.000000	1397.869744	1635.036675
0.000000	235.000000	0.000000	-1397.869744	0.000000	-2061.770501
0.000000	0.000000	235.000000	-1635.036675	2061.770501	0.000000
0.000000	-1397.869744	-1635.036675	141427.070448	-15068.301948	25498.231185
1397.869744	0.000000	2061.770501	-15068.301948	160691.753657	14343.775869
1635.036675	-2061.770501	0.000000	25498.231185	14343.775869	267132.093878
56	57	1770
244.000000	0.000000	0.000000	0.000000	1652.039849	3055.649610
0.000000	244.000000	0.000000	-1652.039849	0.000000	-1196.731114
0.000000	0.000000	244.000000	-3055.649610	1196.731114	0.000000
0.000000	-1652.039849	-3055.649610	161360.952025	-35116.739051	18312.516117
1652.039849	0.000000	1196.731114	-35116.739051	208349.355113	23639.610633
3055.649610	-1196.731114	0.000000	18312.516117	23639.610633	323150.748655
57	58	1770
333.000000	0.000000	0.000000	0.000000	2200.991934	4800.720967
0.000000	333.000000	0.000000	-2200.991934	0.000000	1103.325467
0.000000	0.000000	333.000000	-4800.720967	-1103.325467	0.000000
0.000000	-2200.991934	-4800.720967	259798.436651	67040.478608	-11344.027681
2200.991934	0.000000	-1103.325467	67040.478608	320275.922517	41431.187476
4800.720967	1103.325467	0.000000	-11344.027681	41431.187476	516422.788523
58	59	1770
469.000000	0.000000	0.000000	0.000000	3452.294403	7892.644843
0.000000	469.000000	0.000000	-3452.294403	0.000000	2094.650473
0.000000	0.000000	469.000000	-7892.644843	-2094.650473	0.000000
0.000000	-3452.294403	-7892.644843	420976.797660	7135.055832	-8797.869288
3452.294403	0.000000	-2094.650473	7135.055832	431322.348415	64435.447223
7892.644843	2094.650473	0.000000	-8797.869288	64435.447223	753253.678435
59	60	1770
481.000000	0.000000	0.000000	0.000000	3785.828968	6904.986222
0.000000	481.000000	0.000000	-3785.828968	0.000000	-58.440230
0.000000	0.000000	481.000000	-6904.986222	58.440230	0.000000
0.000000	-3785.828968	-6904.986222	347365.153089	-84313.713573	20210.339103
3785.828968	0.000000	58.440230	-84313.713573	405412.550295	59168.215913
6904.986222	-58.440230	0.000000	20210.339103	59168.215913	643209.889908
60	61	1770
481.000000	0.000000	0.000000	0.000000	3921.964520	3669.824211
0.000000	481.000000	0.000000	-3921.964520	0.000000	-1900.738966
0.000000	0.000000	481.000000	-3669.824211	1900.738966	0.000000
0.000000	-3921.964520	-3669.824211	279113.813470	-82180.484508	45368.799643
3921.964520	0.000000	1900.738966	-82180.484508	414292.652182	31513.524553
3669.824211	-1900.738966	0.000000	45368.799643	31513.524553	572041.756351
61	62	1770
504.000000	0.000000	0.000000	0.000000	5122.460737	2446.792652
0.000000	504.000000	0.000000	-5122.460737	0.000000	-4752.279423
0.000000	0.000000	504.000000	-2446.792652	4752.279423	0.000000
0.000000	-5122.460737	-2446.792652	375908.901254	-118994.501604	100289.698707
5122.460737	0.000000	4752.279423	-118994.501604	533669.528503	40428.947590
2446.792652	-4752.279423	0.000000	100289.698707	40428.947590	724447.004204
62	63	1770
403.000000	0.000000	0.000000	0.000000	3295.906741	4105.549723
0.000000	403.000000	0.000000	-3295.906741	0.000000	-4844.725869
0.000000	0.000000	403.000000	-4105.549723	4844.725869	0.000000
0.000000	-3295.906741	-4105.549723	339210.974696	11692.240257	106587.840048
3295.906741	0.000000	4844.725869	11692.240257	379339.182685	19071.080436
4105.549723	-4844.725869	0.000000	106587.840048	19071.080436	596882.160130
63	64	1770
461.000000	0.000000	0.000000	0.000000	3535.186397	5996.022349
0.000000	461.000000	0.000000	-3535.186397	0.000000	2146.384032
0.000000	0.000000	461.000000	-5996.022349	-2146.384032	0.000000
0.000000	-3535.186397	-5996.022349	324072.612703	78673.315061	-23581.682985
3535.186397	0.000000	-2146.384032	78673.315061	506314.577278	58228.425213
5996.022349	2146.384032	0.000000	-23581.682985	58228.425213	705865.329076
64	65	1770
449.000000	0.000000	0.000000	0.000000	3648.917190	3820.206226
0.000000	449.000000	0.000000	-3648.917190	0.000000	4617.120322
0.000000	0.000000	449.000000	-3820.206226	-4617.120322	0.000000
0.000000	-3648.917190	-3820.206226	249389.490102	16351.437264	-67468.444759
3648.917190	0.000000	-4617.120322	16351.437264	503115.561379	32549.208283
3820.206226	4617.120322	0.000000	-67468.444759	32549.208283	621256.807065
65	66	1770
479.000000	0.000000	0.000000	0.000000	4314.213879	1518.828268
0.000000	479.000000	0.000000	-4314.213879	0.000000	3786.285008
0.000000	0.000000	479.000000	-1518.828268	-3786.285008	0.000000
0.000000	-4314.213879	-1518.828268	312833.891289	-50815.698224	-74978.433053
4314.213879	0.000000	-3786.285008	-50815.698224	555647.797989	6696.879836
1518.828268	3786.285008	0.000000	-74978.433053	6696.879836	705756.370571
66	67	1770
421.000000	0.000000	0.000000	0.000000	2646.022395	2573.413463
0.000000	421.000000	0.000000	-2646.022395	0.000000	13.106153
0.000000	0.000000	421.000000	-2573.413463	-13.106153	0.000000
0.000000	-2646.022395	-2573.413463	346465.607782	-20472.537628	-3779.820102
2646.022395	0.000000	-13.106153	-20472.537628	406708.822035	10087.488172
2573.413463	13.106153	0.000000	-3779.820102	10087.488172	686334.305653
67	68	1770
277.000000	0.000000	0.000000	0.000000	2019.290883	4438.580438
0.000000	277.000000	0.000000	-2019.290883	0.000000	-399.760445
0.000000	0.000000	277.000000	-4438.580438	399.760445	0.000000
0.000000	-2019.290883	-4438.580438	184185.621205	699.011232	-15716.349273
2019.290883	0.000000	399.760445	699.011232	243238.745680	40508.777659
4438.580438	-399.760445	0.000000	-15716.349273	40508.777659	360977.581055
68	69	1770
370.000000	0.000000	0.000000	0.000000	3286.474818	3524.318659
0.000000	370.000000	0.000000	-3286.474818	0.000000	1152.556157
0.000000	0.000000	370.000000	-3524.318659	-1152.556157	0.000000
0.000000	-3286.474818	-3524.318659	252920.678306	40120.052175	-30416.304648
3286.474818	0.000000	-1152.556157	40120.052175	372878.786974	24286.236900
3524.318659	1152.556157	0.000000	-30416.304648	24286.236900	508415.138293
69	70	1770
434.000000	0.000000	0.000000	0.000000	3566.783717	5000.205370
0.000000	434.000000	0.000000	-3566.783717	0.000000	650.854956
0.000000	0.000000	434.000000	-5000.205370	-650.854956	0.000000
0.000000	-3566.783717	-5000.205370	422014.005059	-30490.833662	-3804.967046
3566.783717	0.000000	-650.854956	-30490.833662	343212.473653	39732.866581
5000.205370	650.854956	0.000000	-3804.967046	39732.866581	666797.651349
70	71	1770
342.000000	0.000000	0.000000	0.000000	2421.597240	2648.691719
0.000000	342.000000	0.000000	-2421.597240	0.000000	93.743234
0.000000	0.000000	342.000000	-2648.691719	-93.743234	0.000000
0.000000	-2421.597240	-2648.691719	209948.436269	-38763.219767	7775.918347
2421.597240	0.000000	-93.743234	-38763.219767	262402.301720	29999.820542
2648.691719	93.743234	0.000000	7775.918347	29999.820542	411038.226596
71	72	1770
326.000000	0.000000	0.000000	0.000000	2398.451611	2270.829650
0.000000	326.000000	0.000000	-2398.451611	0.000000	-158.047148
0.000000	0.000000	326.000000	-2270.829650	158.047148	0.000000
0.000000	-2398.451611	-2270.829650	198349.221103	-41008.074879	5203.005346
2398.451611	0.000000	158.047148	-41008.074879	251602.674961	21933.229749
2270.829650	-158.047148	0.000000	5203.005346	21933.229749	389424.645595
72	73	1770
375.000000	0.000000	0.000000	0.000000	3288.620646	4582.693628
0.000000	375.000000	0.000000	-3288.620646	0.000000	-2711.847639
0.000000	0.000000	375.000000	-4582.693628	2711.847639	0.000000
0.000000	-3288.620646	-4582.693628	413590.660840	-42985.874298	26406.427167
3288.620646	0.000000	2711.847639	-42985.874298	261416.432341	48723.410018
4582.693628	-2711.847639	0.000000	26406.427167	48723.410018	591383.203952
73	74	1770
314.000000	0.000000	0.000000	0.000000	2665.777560	5599.655679
0.000000	314.000000	0.000000	-2665.777560	0.000000	1.001516
0.000000	0.000000	314.000000	-5599.655679	-1.001516	0.000000
0.000000	-2665.777560	-5599.655679	290156.569182	27228.677432	2640.557290
2665.777560	0.000000	-1.001516	27228.677432	241173.660745	52955.146954
5599.655679	1.001516	0.000000	2640.557290	52955.146954	464005.190188
74	75	1770
393.000000	0.000000	0.000000	0.000000	3233.991379	6603.699504
0.000000	393.000000	0.000000	-3233.991379	0.000000	1978.242154
0.000000	0.000000	393.000000	-6603.699504	-1978.242154	0.000000
0.000000	-3233.991379	-6603.699504	307977.580514	140838.559373	-13362.771821
3233.991379	0.000000	-1978.242154	140838.559373	292453.638387	49454.026012
6603.699504	1978.242154	0.000000	-13362.771821	49454.026012	526925.867967
75	76	1770
508.000000	0.000000	0.000000	0.000000	3802.868311	6258.859447
0.000000	508.000000	0.000000	-3802.868311	0.000000	5601.231233
0.000000	0.000000	508.000000	-6258.859447	-5601.231233	0.000000
0.000000	-3802.868311	-6258.859447	360378.878025	167071.542011	-43322.416166
3802.868311	0.000000	-5601.231233	167071.542011	374093.936804	30665.129787
6258.859447	5601.231233	0.000000	-43322.416166	30665.129787	649618.720982
76	77	1770
382.000000	0.000000	0.000000	0.000000	2469.070952	4299.755619
0.000000	382.000000	0.000000	-2469.070952	0.000000	5189.106729
0.000000	0.000000	382.000000	-4299.755619	-5189.106729	0.000000
0.000000	-2469.070952	-4299.755619	222276.465873	6389.109447	-41239.482613
2469.070952	0.000000	-5189.106729	6389.109447	231864.405027	22751.361888
4299.755619	5189.106729	0.000000	-41239.482613	22751.361888	405426.542835
77	78	1770
337.000000	0.000000	0.000000	0.000000	1889.909275	503.009360
0.000000	337.000000	0.000000	-1889.909275	0.000000	2149.946516
0.000000	0.000000	337.000000	-503.009360	-2149.946516	0.000000
0.000000	-1889.909275	-503.009360	170552.619169	-4501.249530	-15440.490232
1889.909275	0.000000	-2149.946516	-4501.249530	178968.970827	-511.642983
503.009360	2149.946516	0.000000	-15440.490232	-511.642983	314789.156368
78	79	1770
313.000000	0.000000	0.000000	0.000000	1595.795910	-1842.677750
0.000000	313.000000	0.000000	-1595.795910	0.000000	959.743907
0.000000	0.000000	313.000000	1842.677750	-959.743907	0.000000
0.000000	-1595.795910	1842.677750	183656.819622	-6018.583790	0.215262
1595.795910	0.000000	-959.743907	-6018.583790	170433.353011	-8571.566752
-1842.677750	959.743907	0.000000	0.215262	-8571.566752	324068.942754
79	80	1770
464.000000	0.000000	0.000000	0.000000	3260.828420	3185.828167
0.000000	464.000000	0.000000	-3260.828420	0.000000	722.065827
0.000000	0.000000	464.000000	-3185.828167	-722.065827	0.000000
0.000000	-3260.828420	-3185.828167	449993.724230	-38099.450879	16592.686399
3260.828420	0.000000	-722.065827	-38099.450879	312332.995296	58332.753351
3185.828167	722.065827	0.000000	16592.686399	58332.753351	684067.216241
80	81	1770
443.000000	0.000000	0.000000	0.000000	3808.734511	6588.116207
0.000000	443.000000	0.000000	-3808.734511	0.000000	-618.169632
0.000000	0.000000	443.000000	-6588.116207	618.169632	0.000000
0.000000	-3808.734511	-6588.116207	472876.655602	-72971.394961	30556.781611
3808.734511	0.000000	618.169632	-72971.394961	351469.022553	85079.271029
6588.116207	-618.169632	0.000000	30556.781611	85079.271029	722344.527691
81	82	1770
497.000000	0.000000	0.000000	0.000000	4395.913265	9661.645778
0.000000	497.000000	0.000000	-4395.913265	0.000000	-1593.552136
0.000000	0.000000	497.000000	-9661.645778	1593.552136	0.000000
0.000000	-4395.913265	-9661.645778	467306.500826	-117693.504864	37339.742693
4395.913265	0.000000	1593.552136	-117693.504864	421721.067104	99713.785583
9661.645778	-1593.552136	0.000000	37339.742693	99713.785583	776103.841259
82	83	1770
395.000000	0.000000	0.000000	0.000000	3728.722021	8543.972333
0.000000	395.000000	0.000000	-3728.722021	0.000000	-2920.265008
0.000000	0.000000	395.000000	-8543.972333	2920.265008	0.000000
0.000000	-3728.722021	-8543.972333	329257.850419	-64114.041774	52872.138473
3728.722021	0.000000	2920.265008	-64114.041774	299078.093913	79122.183691
8543.972333	-2920.265008	0.000000	52872.138473	79122.183691	532053.578225
83	84	1770
443.000000	0.000000	0.000000	0.000000	4096.280439	6920.821239
0.000000	443.000000	0.000000	-4096.280439	0.000000	-3702.377752
0.000000	0.000000	443.000000	-6920.821239	3702.377752	0.000000
0.000000	-4096.280439	-6920.821239	309695.150520	-78791.419347	56396.485804
4096.280439	0.000000	3702.377752	-78791.419347	334248.002035	50602.565359
6920.821239	-3702.377752	0.000000	56396.485804	50602.565359	544003.565687
84	85	1770
288.000000	0.000000	0.000000	0.000000	2201.850512	931.859560
0.000000	288.000000	0.000000	-2201.850512	0.000000	-2572.347397
0.000000	0.000000	288.000000	-931.859560	2572.347397	0.000000
0.000000	-2201.850512	-931.859560	146119.696517	35851.839918	33887.724718
2201.850512	0.000000	2572.347397	35851.839918	188454.239404	-2978.565922
931.859560	-2572.347397	0.000000	33887.724718	-2978.565922	289076.013156
85	86	1770
317.000000	0.000000	0.000000	0.000000	2207.822450	4100.334248
0.000000	317.000000	0.000000	-2207.822450	0.000000	2543.421329
0.000000	0.000000	317.000000	-4100.334248	-2543.421329	0.000000
0.000000	-2207.822450	-4100.334248	287220.783096	143290.247629	-17535.205521
2207.822450	0.000000	-2543.421329	143290.247629	193619.419311	37282.952479
4100.334248	2543.421329	0.000000	-17535.205521	37282.952479	438916.857829
86	87	1770
236.000000	0.000000	0.000000	0.000000	1566.387274	937.743053
0.000000	236.000000	0.000000	-1566.387274	0.000000	3473.016074
0.000000	0.000000	236.000000	-937.743053	-3473.016074	0.000000
0.000000	-1566.387274	-937.743053	113175.708588	68600.841066	-23798.832452
1566.387274	0.000000	-3473.016074	68600.841066	148908.804450	14811.775007
937.743053	3473.016074	0.000000	-23798.832452	14811.775007	230198.624678
87	88	1770
241.000000	0.000000	0.000000	0.000000	1679.925382	1152.826986
0.000000	241.000000	0.000000	-1679.925382	0.000000	5849.726669
0.000000	0.000000	241.000000	-1152.826986	-5849.726669	0.000000
0.000000	-1679.925382	-1152.826986	122200.152059	41320.147118	-41849.877268
1679.925382	0.000000	-5849.726669	41320.147118	220106.893862	2495.974994
1152.826986	5849.726669	0.000000	-41849.877268	2495.974994	305219.604124
88	89	1770
232.000000	0.000000	0.000000	0.000000	1775.871337	-228.901545
0.000000	232.000000	0.000000	-1775.871337	0.000000	5829.933941
0.000000	0.000000	232.000000	228.901545	-5829.933941	0.000000
0.000000	-1775.871337	228.901545	111375.186284	-12837.151825	-25581.308666
1775.871337	0.000000	-5829.933941	-12837.151825	312743.884674	-6474.529653
-228.901545	5829.933941	0.000000	-25581.308666	-6474.529653	376639.556436
89	90	1770
147.000000	0.000000	0.000000	0.000000	1315.344332	1495.879833
0.000000	147.000000	0.000000	-1315.344332	0.000000	1712.582717
0.000000	0.000000	147.000000	-1495.879833	-1712.582717	0.000000
0.000000	-1315.344332	-1495.879833	87504.555518	32131.277291	26330.294590
1315.344332	0.000000	-1712.582717	32131.277291	297533.839183	15235.339215
1495.879833	1712.582717	0.000000	26330.294590	15235.339215	333779.201981
90	91	1770
369.000000	0.000000	0.000000	0.000000	5047.685890	9881.619138
0.000000	369.000000	0.000000	-5047.685890	0.000000	4130.411212
0.000000	0.000000	369.000000	-9881.619138	-4130.411212	0.000000
0.000000	-5047.685890	-9881.619138	442285.274327	45185.015549	-24955.783840
5047.685890	0.000000	-4130.411212	45185.015549	540173.643906	163893.748528
9881.619138	4130.411212	0.000000	-24955.783840	163893.748528	802335.110597
91	92	1770
497.000000	0.000000	0.000000	0.000000	7779.063099	10186.674453
0.000000	497.000000	0.000000	-7779.063099	0.000000	315.706182
0.000000	0.000000	497.000000	-10186.674453	-315.706182	0.000000
0.000000	-7779.063099	-10186.674453	442127.539055	-65655.062272	-5696.100694
7779.063099	0.000000	-315.706182	-65655.062272	669058.720057	160241.675380
10186.674453	315.706182	0.000000	-5696.100694	160241.675380	832931.671625
92	93	1770
566.000000	0.000000	0.000000	0.000000	8573.094989	5133.204428
0.000000	566.000000	0.000000	-8573.094989	0.000000	-3743.433766
0.000000	0.000000	566.000000	-5133.204428	3743.433766	0.000000
0.000000	-8573.094989	-5133.204428	379399.108223	-171749.147406	32977.412971
8573.094989	0.000000	3743.433766	-171749.147406	760096.934416	59469.131404
5133.204428	-3743.433766	0.000000	32977.412971	59469.131404	844023.255226
93	94	1770
510.000000	0.000000	0.000000	0.000000	7189.017953	3546.461788
0.000000	510.000000	0.000000	-7189.017953	0.000000	-7154.060309
0.000000	0.000000	510.000000	-3546.461788	7154.060309	0.000000
0.000000	-7189.017953	-3546.461788	430500.836462	-199785.816499	70679.745505
7189.017953	0.000000	7154.060309	-199785.816499	599252.388848	37205.072492
3546.461788	-7154.060309	0.000000	70679.745505	37205.072492	797902.486065
94	95	1770
405.000000	0.000000	0.000000	0.000000	5358.012399	5548.743051
0.000000	405.000000	0.000000	-5358.012399	0.000000	-10643.197066
0.000000	0.000000	405.000000	-5548.743051	10643.197066	0.000000
0.000000	-5358.012399	-5548.743051	349156.915800	-109820.308881	138588.994958
