0	0	1
1.00000000 0.00000000 0.00000000 0.00000000
0.00000000 1.00000000 0.00000000 0.00000000
0.00000000 0.00000000 1.00000000 0.00000000
0.00000000 0.00000000 0.00000000 1.00000000
1	1	2
0.99999793 0.00158910 -0.00127066 -7.65018041
-0.00158819 0.99999848 0.00072027 13.26264238
0.00127181 -0.00071825 0.99999893 -0.05793191
0.00000000 0.00000000 0.00000000 1.00000000
2	2	3
0.99999880 0.00098124 -0.00119856 -12.30999567
-0.00098278 0.99999870 -0.00128188 23.38936394
0.00119730 0.00128306 0.99999846 -0.06215967
0.00000000 0.00000000 0.00000000 1.00000000
3	3	4
0.99999619 0.00252386 -0.00112151 -16.80126494
-0.00252599 0.99999499 -0.00190833 32.44844787
0.00111669 0.00191116 0.99999755 -0.10608636
0.00000000 0.00000000 0.00000000 1.00000000
4	4	5
0.99999464 0.00292013 -0.00148164 -21.41769656
-0.00292118 0.99999548 -0.00070566 41.84258673
0.00147957 0.00070999 0.99999865 -0.19800259
0.00000000 0.00000000 0.00000000 1.00000000
5	5	6
0.99999593 0.00265140 -0.00105729 -25.83677738
-0.00265335 0.99999477 -0.00184771 50.72242043
0.00105239 0.00185051 0.99999773 -0.34370771
0.00000000 0.00000000 0.00000000 1.00000000
6	6	7
0.99999899 0.00135045 -0.00044025 -30.27388977
-0.00135094 0.99999848 -0.00109981 59.86193067
0.00043876 0.00110041 0.99999930 -0.43404497
0.00000000 0.00000000 0.00000000 1.00000000
7	7	8
0.99999839 0.00074151 -0.00163646 -34.75843720
-0.00074105 0.99999968 0.00028676 68.63260106
0.00163668 -0.00028555 0.99999862 -0.57433270
0.00000000 0.00000000 0.00000000 1.00000000
8	8	9
0.99998899 0.00085627 -0.00461449 -39.35376758
-0.00085569 0.99999963 0.00012734 77.32200968
0.00461460 -0.00012339 0.99998935 -0.64866437
0.00000000 0.00000000 0.00000000 1.00000000
9	9	10
0.99998662 -0.00118315 -0.00503497 -43.84938877
0.00118058 0.99999917 -0.00051490 85.89802601
0.00503558 0.00050895 0.99998719 -0.72500187
0.00000000 0.00000000 0.00000000 1.00000000
10	10	11
0.99998848 -0.00133928 -0.00460856 -48.56340271
0.00134636 0.99999791 0.00153541 95.11381333
0.00460650 -0.00154160 0.99998820 -0.75488699
0.00000000 0.00000000 0.00000000 1.00000000
11	11	12
0.99999647 -0.00076488 -0.00254289 -53.18037186
0.00076771 0.99999909 0.00111308 104.33102953
0.00254203 -0.00111503 0.99999615 -0.74115086
0.00000000 0.00000000 0.00000000 1.00000000
12	12	13
0.99999983 -0.00002250 -0.00057957 -58.24690350
0.00002226 0.99999991 -0.00042095 114.23084175
0.00057958 0.00042094 0.99999974 -0.66953029
0.00000000 0.00000000 0.00000000 1.00000000
13	13	14
0.99999908 0.00001550 -0.00135921 -63.57785357
-0.00001630 0.99999983 -0.00058799 124.52703344
0.00135920 0.00058801 0.99999890 -0.45738793
0.00000000 0.00000000 0.00000000 1.00000000
14	14	15
0.99999946 -0.00068638 -0.00078267 -68.98084282
0.00068601 0.99999966 -0.00046157 136.37635686
0.00078299 0.00046103 0.99999959 -0.40428670
0.00000000 0.00000000 0.00000000 1.00000000
15	15	16
0.99999782 -0.00172035 -0.00118258 -72.00505610
0.00171972 0.99999838 -0.00053447 147.91755035
0.00118350 0.00053244 0.99999916 -0.72749079
0.00000000 0.00000000 0.00000000 1.00000000
16	16	17
0.99999904 -0.00137630 -0.00014898 -71.81561826
0.00137619 0.99999882 -0.00068364 151.90553883
0.00014992 0.00068344 0.99999976 -0.80628815
0.00000000 0.00000000 0.00000000 1.00000000
17	17	18
0.99999716 -0.00234320 -0.00042569 -70.94165092
0.00234290 0.99999700 -0.00070847 155.38236245
0.00042735 0.00070747 0.99999966 -0.94185965
0.00000000 0.00000000 0.00000000 1.00000000
18	18	19
0.99999138 -0.00331066 -0.00250446 -69.28702944
0.00330880 0.99999425 -0.00074888 159.29544662
0.00250693 0.00074058 0.99999658 -1.04488821
0.00000000 0.00000000 0.00000000 1.00000000
19	19	20
0.99999008 -0.00352841 -0.00271878 -66.73615134
0.00352700 0.99999364 -0.00052201 164.37755258
0.00272060 0.00051242 0.99999617 -1.18040405
0.00000000 0.00000000 0.00000000 1.00000000
20	20	21
0.99999350 -0.00337559 -0.00126600 -60.07480462
0.00337441 0.99999387 -0.00093763 171.87048806
0.00126915 0.00093335 0.99999876 -1.65228012
0.00000000 0.00000000 0.00000000 1.00000000
21	21	22
0.99999408 -0.00312742 -0.00143676 -45.86330612
0.00312758 0.99999510 0.00010822 179.40287063
0.00143641 -0.00011271 0.99999896 -1.96474261
0.00000000 0.00000000 0.00000000 1.00000000
22	22	23
0.99999334 -0.00350959 -0.00099948 -35.98093736
0.00350979 0.99999382 0.00020262 183.44263529
0.00099876 -0.00020612 0.99999948 -2.14559933
0.00000000 0.00000000 0.00000000 1.00000000
23	23	24
0.99999548 -0.00300665 -0.00000289 -26.80630109
0.00300665 0.99999546 -0.00022326 186.84227896
0.00000356 0.00022325 0.99999998 -2.18974772
0.00000000 0.00000000 0.00000000 1.00000000
24	24	25
0.99999511 -0.00299522 -0.00089899 -17.50647977
0.00299584 0.99999527 0.00069361 190.44961617
0.00089691 -0.00069630 0.99999936 -2.35886038
0.00000000 0.00000000 0.00000000 1.00000000
25	25	26
0.99999471 -0.00281973 -0.00161974 -7.49506271
0.00281958 0.99999602 -0.00009022 194.20382266
0.00161999 0.00008565 0.99999868 -2.51287759
0.00000000 0.00000000 0.00000000 1.00000000
26	26	27
0.99999559 -0.00259872 -0.00143481 2.33811357
0.00259871 0.99999662 -0.00000407 197.98490647
0.00143481 0.00000034 0.99999897 -2.60710345
0.00000000 0.00000000 0.00000000 1.00000000
27	27	28
0.99999683 -0.00198128 -0.00155555 12.04708358
0.00198212 0.99999789 0.00053795 201.69200090
0.00155448 -0.00054103 0.99999865 -2.65670712
0.00000000 0.00000000 0.00000000 1.00000000
28	28	29
0.99999781 -0.00136663 -0.00158301 21.37021654
0.00136829 0.99999851 0.00104824 205.32142136
0.00158158 -0.00105041 0.99999820 -2.70608609
0.00000000 0.00000000 0.00000000 1.00000000
29	29	30
0.99999626 -0.00222755 -0.00158498 31.30925691
0.00223330 0.99999088 0.00364029 209.05648624
0.00157685 -0.00364382 0.99999212 -2.71470819
0.00000000 0.00000000 0.00000000 1.00000000
30	30	31
0.99998989 -0.00264915 -0.00363250 41.51668156
0.00266944 0.99998080 0.00559317 212.84927500
0.00361761 -0.00560281 0.99997776 -2.62382839
0.00000000 0.00000000 0.00000000 1.00000000
31	31	32
0.99999485 -0.00211925 -0.00241209 52.63845881
0.00213028 0.99998724 0.00458062 216.51850793
0.00240235 -0.00458574 0.99998660 -2.38595200
0.00000000 0.00000000 0.00000000 1.00000000
32	32	33
0.99999364 -0.00307715 -0.00180356 60.77406017
0.00308640 0.99998198 0.00514872 217.58078142
0.00178768 -0.00515425 0.99998512 -1.94778744
0.00000000 0.00000000 0.00000000 1.00000000
33	33	34
0.99999260 -0.00379245 -0.00065235 65.42315929
0.00379477 0.99998635 0.00359288 216.66144129
0.00063871 -0.00359533 0.99999333 -1.70533006
0.00000000 0.00000000 0.00000000 1.00000000
34	34	35
0.99999256 -0.00378446 -0.00074433 69.48818719
0.00378742 0.99998478 0.00401127 214.96906504
0.00072913 -0.00401406 0.99999168 -1.51935569
0.00000000 0.00000000 0.00000000 1.00000000
35	35	36
0.99998943 -0.00418791 -0.00189535 74.18639824
0.00419472 0.99998470 0.00360666 212.37344796
0.00188022 -0.00361457 0.99999170 -1.38033537
0.00000000 0.00000000 0.00000000 1.00000000
36	36	37
0.99999322 -0.00350756 -0.00111910 80.01825305
0.00351260 0.99998357 0.00452912 208.27845161
0.00110319 -0.00453302 0.99998912 -1.20282881
0.00000000 0.00000000 0.00000000 1.00000000
37	37	38
0.99999442 -0.00333287 -0.00021379 88.36969129
0.00333394 0.99998084 0.00521606 197.67502675
0.00019640 -0.00521674 0.99998637 -0.71333787
0.00000000 0.00000000 0.00000000 1.00000000
38	38	39
0.99999500 -0.00249384 -0.00194331 90.66085014
0.00250367 0.99998401 0.00506971 186.75218494
0.00193063 -0.00507455 0.99998526 -0.65233645
0.00000000 0.00000000 0.00000000 1.00000000
39	39	40
0.99999317 -0.00309862 -0.00201378 91.89327947
0.00310868 0.99998261 0.00501125 177.49195259
0.00199821 -0.00501748 0.99998542 -0.59084173
0.00000000 0.00000000 0.00000000 1.00000000
40	40	41
0.99999471 -0.00256949 -0.00199405 93.17484993
0.00257677 0.99998999 0.00365919 168.58277963
0.00198463 -0.00366431 0.99999132 -0.46750228
0.00000000 0.00000000 0.00000000 1.00000000
41	41	42
0.99999576 -0.00192866 -0.00218137 94.70549913
0.00193681 0.99999114 0.00373725 158.57504214
0.00217414 -0.00374146 0.99999064 -0.29055340
0.00000000 0.00000000 0.00000000 1.00000000
42	42	43
0.99999335 -0.00316750 -0.00180485 96.53612083
0.00317580 0.99998431 0.00461559 147.55003483
0.00179020 -0.00462129 0.99998772 -0.02832844
0.00000000 0.00000000 0.00000000 1.00000000
43	43	44
0.99999423 -0.00274691 -0.00199911 98.06483121
0.00275512 0.99998773 0.00411592 136.98911511
0.00198778 -0.00412141 0.99998953 0.12412209
0.00000000 0.00000000 0.00000000 1.00000000
44	44	45
0.99999537 -0.00254316 -0.00167241 99.72935462
0.00254793 0.99999267 0.00285893 125.91234493
0.00166513 -0.00286318 0.99999451 0.20985079
0.00000000 0.00000000 0.00000000 1.00000000
45	45	46
0.99999607 -0.00192031 -0.00204287 101.30452386
0.00192583 0.99999450 0.00270177 114.98882615
0.00203767 -0.00270570 0.99999426 0.28913732
0.00000000 0.00000000 0.00000000 1.00000000
46	46	47
0.99999802 -0.00098511 -0.00172993 102.70254086
0.00099033 0.99999497 0.00301461 104.31975468
0.00172695 -0.00301632 0.99999396 0.49350880
0.00000000 0.00000000 0.00000000 1.00000000
47	47	48
0.99999686 -0.00090857 -0.00233512 104.53893256
0.00091612 0.99999436 0.00323190 92.63228678
0.00233217 -0.00323403 0.99999205 0.80208586
0.00000000 0.00000000 0.00000000 1.00000000
48	48	49
0.99999779 -0.00158247 -0.00138399 108.43430971
0.00158654 0.99999440 0.00294589 75.06964166
0.00137932 -0.00294808 0.99999470 0.91763405
0.00000000 0.00000000 0.00000000 1.00000000
49	49	50
0.99999936 -0.00103932 -0.00045473 110.05587856
0.00104054 0.99999579 0.00271016 67.57040574
0.00045191 -0.00271063 0.99999622 0.77112175
0.00000000 0.00000000 0.00000000 1.00000000
50	50	51
0.99999610 -0.00090877 -0.00263998 111.20344938
0.00091984 0.99999078 0.00419357 61.25048298
0.00263614 -0.00419598 0.99998772 0.76059764
0.00000000 0.00000000 0.00000000 1.00000000
51	51	52
0.99999110 -0.00062435 -0.00417190 112.19575254
0.00063965 0.99999307 0.00366716 55.47173880
0.00416959 -0.00366980 0.99998457 0.70432930
0.00000000 0.00000000 0.00000000 1.00000000
52	52	53
0.99997797 -0.00166847 -0.00642520 113.31894921
0.00169052 0.99999269 0.00342860 50.52460017
0.00641944 -0.00343939 0.99997348 0.61683306
0.00000000 0.00000000 0.00000000 1.00000000
53	53	54
0.99999159 -0.00150627 -0.00381500 114.48735185
0.00151642 0.99999531 0.00265924 44.91866437
0.00381097 -0.00266501 0.99998919 0.49982858
0.00000000 0.00000000 0.00000000 1.00000000
54	54	55
0.99998408 -0.00054779 -0.00561622 116.27601875
0.00056206 0.99999662 0.00253889 32.94760287
0.00561481 -0.00254201 0.99998101 0.33707431
0.00000000 0.00000000 0.00000000 1.00000000
55	55	56
0.99996988 0.00004181 -0.00776074 117.69265443
-0.00003376 0.99999946 0.00103848 21.70359108
0.00776078 -0.00103818 0.99996935 0.49159574
0.00000000 0.00000000 0.00000000 1.00000000
56	56	57
0.99997330 0.00091055 -0.00725109 119.34117172
-0.00089998 0.99999853 0.00146146 10.46340918
0.00725241 -0.00145490 0.99997264 0.59182771
0.00000000 0.00000000 0.00000000 1.00000000
57	57	58
0.99997787 -0.00011808 -0.00665140 121.08562864
0.00012641 0.99999921 0.00125198 -1.39381166
0.00665125 -0.00125279 0.99997710 0.80465527
0.00000000 0.00000000 0.00000000 1.00000000
58	58	59
0.99998284 -0.00027359 -0.00585172 122.01779770
0.00027309 0.99999996 -0.00008769 -11.88219568
0.00585175 0.00008609 0.99998287 0.93920809
0.00000000 0.00000000 0.00000000 1.00000000
59	59	60
0.99997617 0.00032151 -0.00689644 122.86990830
-0.00032598 0.99999974 -0.00064627 -22.25046537
0.00689623 0.00064850 0.99997601 0.93769315
0.00000000 0.00000000 0.00000000 1.00000000
60	60	61
0.99997587 -0.00047866 -0.00693033 123.37379585
0.00047665 0.99999984 -0.00029244 -32.50785294
0.00693046 0.00028913 0.99997594 0.80936199
0.00000000 0.00000000 0.00000000 1.00000000
61	61	62
0.99998092 -0.00072632 -0.00613492 124.43307806
0.00073104 0.99999944 0.00076813 -42.49497265
0.00613436 -0.00077260 0.99998089 0.89820567
0.00000000 0.00000000 0.00000000 1.00000000
62	62	63
0.99998353 -0.00010584 -0.00573800 125.41703596
0.00011464 0.99999882 0.00153385 -53.00847582
0.00573783 -0.00153448 0.99998236 1.01189162
0.00000000 0.00000000 0.00000000 1.00000000
63	63	64
0.99998539 -0.00007973 -0.00540483 126.60261827
0.00008713 0.99999906 0.00137047 -63.57926478
0.00540471 -0.00137092 0.99998445 1.11126552
0.00000000 0.00000000 0.00000000 1.00000000
64	64	65
0.99998643 0.00018235 -0.00520620 127.38939437
-0.00017276 0.99999829 0.00184284 -73.58542115
0.00520652 -0.00184191 0.99998475 0.98289129
0.00000000 0.00000000 0.00000000 1.00000000
65	65	66
0.99998154 0.00067901 -0.00603793 128.22075673
-0.00066034 0.99999500 0.00309411 -83.53302773
0.00604000 -0.00309006 0.99997698 0.95591061
0.00000000 0.00000000 0.00000000 1.00000000
66	66	67
0.99998300 -0.00034143 -0.00582143 129.57014907
0.00036141 0.99999405 0.00343167 -93.35653143
0.00582023 -0.00343371 0.99997717 1.15042815
0.00000000 0.00000000 0.00000000 1.00000000
67	67	68
0.99998442 0.00024301 -0.00557630 130.32550855
-0.00022354 0.99999388 0.00349199 -102.95220255
0.00557711 -0.00349069 0.99997836 1.15765873
0.00000000 0.00000000 0.00000000 1.00000000
68	68	69
0.99998611 -0.00073674 -0.00521867 131.28744098
0.00076262 0.99998741 0.00495930 -113.41360631
0.00521495 -0.00496321 0.99997409 1.11496125
0.00000000 0.00000000 0.00000000 1.00000000
69	69	70
0.99998307 -0.00020036 -0.00581489 132.20849066
0.00022837 0.99998837 0.00481729 -123.91098825
0.00581385 -0.00481854 0.99997149 1.08736344
0.00000000 0.00000000 0.00000000 1.00000000
70	70	71
0.99998157 0.00027580 -0.00606575 133.47407987
-0.00025137 0.99999186 0.00402758 -133.58021144
0.00606682 -0.00402598 0.99997349 1.31576011
0.00000000 0.00000000 0.00000000 1.00000000
71	71	72
0.99998084 -0.00110152 -0.00609105 134.74573762
0.00112907 0.99998914 0.00452125 -143.54362295
0.00608600 -0.00452804 0.99997123 1.48276745
0.00000000 0.00000000 0.00000000 1.00000000
72	72	73
0.99998654 -0.00036081 -0.00517640 135.92293183
0.00038110 0.99999225 0.00391869 -154.12172208
0.00517495 -0.00392061 0.99997892 1.55825561
0.00000000 0.00000000 0.00000000 1.00000000
73	73	74
0.99998263 -0.00240426 -0.00538188 137.53586206
0.00242336 0.99999078 0.00354512 -164.13960748
0.00537331 -0.00355810 0.99997923 1.67234299
0.00000000 0.00000000 0.00000000 1.00000000
74	74	75
0.99998053 -0.00253391 -0.00570329 139.34238885
0.00256120 0.99998528 0.00478308 -174.88704264
0.00569108 -0.00479759 0.99997230 1.75075564
0.00000000 0.00000000 0.00000000 1.00000000
75	75	76
0.99997854 -0.00308608 -0.00577930 140.87482063
0.00310768 0.99998821 0.00373129 -185.66410288
0.00576772 -0.00374917 0.99997634 1.82238853
0.00000000 0.00000000 0.00000000 1.00000000
76	76	77
0.99997998 -0.00288620 -0.00563068 142.27943755
0.00290926 0.99998740 0.00409076 -196.34525036
0.00561880 -0.00410706 0.99997578 1.86662974
0.00000000 0.00000000 0.00000000 1.00000000
77	77	78
0.99998255 -0.00250850 -0.00534771 144.07686429
0.00252924 0.99998929 0.00387525 -212.70139901
0.00533793 -0.00388871 0.99997819 1.95878636
0.00000000 0.00000000 0.00000000 1.00000000
78	78	79
0.99998746 -0.00181206 -0.00466815 145.07372953
0.00183112 0.99998999 0.00408247 -223.56817788
0.00466070 -0.00409096 0.99998077 2.04883816
0.00000000 0.00000000 0.00000000 1.00000000
79	79	80
0.99998194 -0.00234020 -0.00553508 145.32299737
0.00235854 0.99999175 0.00330825 -228.90236235
0.00552730 -0.00332125 0.99997921 2.12665481
0.00000000 0.00000000 0.00000000 1.00000000
80	80	81
0.99998625 -0.00209095 -0.00480815 145.44004646
0.00210782 0.99999163 0.00350669 -233.73551331
0.00480078 -0.00351678 0.99998229 2.15632204
0.00000000 0.00000000 0.00000000 1.00000000
81	81	82
0.99998554 -0.00253219 -0.00474496 145.58981324
0.00254889 0.99999057 0.00351511 -238.35877950
0.00473601 -0.00352715 0.99998256 2.17332004
0.00000000 0.00000000 0.00000000 1.00000000
82	82	83
0.99998607 -0.00264121 -0.00457089 145.71593065
0.00265945 0.99998851 0.00398846 -243.01682512
0.00456030 -0.00400057 0.99998160 2.19888035
0.00000000 0.00000000 0.00000000 1.00000000
83	83	84
0.99998380 -0.00307665 -0.00478858 145.83575672
0.00309693 0.99998624 0.00423340 -251.59367422
0.00477549 -0.00424816 0.99997957 2.20592592
0.00000000 0.00000000 0.00000000 1.00000000
84	84	85
0.99998249 -0.00296465 -0.00512123 146.02504239
0.00298574 0.99998708 0.00411482 -268.85608671
0.00510897 -0.00413004 0.99997842 2.25520304
0.00000000 0.00000000 0.00000000 1.00000000
85	85	86
0.99996389 -0.00257735 -0.00809792 146.27973575
0.00259504 0.99999427 0.00217532 -281.19423288
0.00809226 -0.00219625 0.99996485 2.18662953
0.00000000 0.00000000 0.00000000 1.00000000
86	86	87
0.99996552 -0.00177014 -0.00811286 146.28815945
0.00178650 0.99999638 0.00200994 -292.80726960
0.00810927 -0.00202436 0.99996507 2.18088120
0.00000000 0.00000000 0.00000000 1.00000000
87	87	88
0.99994995 -0.00132128 -0.00991748 145.79699158
0.00132597 0.99999901 0.00046638 -303.35538920
0.00991686 -0.00047951 0.99995071 2.25868608
0.00000000 0.00000000 0.00000000 1.00000000
88	88	89
0.99994012 -0.00326113 -0.01044622 145.33539006
0.00324477 0.99999348 -0.00158219 -313.44244388
0.01045132 0.00154820 0.99994418 2.31800465
0.00000000 0.00000000 0.00000000 1.00000000
89	89	90
0.99993613 -0.00391355 -0.01060314 144.81282044
0.00392159 0.99999204 0.00073764 -323.85489212
0.01060017 -0.00077917 0.99994351 2.68364478
0.00000000 0.00000000 0.00000000 1.00000000
90	90	91
0.99993013 -0.00409138 -0.01109045 144.11954687
0.00410803 0.99999047 0.00147858 -334.52797386
0.01108429 -0.00152404 0.99993741 2.92633315
0.00000000 0.00000000 0.00000000 1.00000000
91	91	92
0.99992958 -0.00452585 -0.01097057 143.57650230
0.00454727 0.99998780 0.00192834 -344.41596055
0.01096171 -0.00197809 0.99993796 2.98558713
0.00000000 0.00000000 0.00000000 1.00000000
92	92	93
0.99992769 -0.00471723 -0.01106174 143.52732910
0.00473106 0.99998806 0.00122480 -354.39517151
0.01105583 -0.00127705 0.99993807 3.07508353
0.00000000 0.00000000 0.00000000 1.00000000
93	93	94
0.99992042 -0.00478528 -0.01167262 144.38512533
0.00479875 0.99998785 0.00112643 -364.79670582
0.01166708 -0.00118236 0.99993124 3.19103209
0.00000000 0.00000000 0.00000000 1.00000000
94	94	95
0.99992697 -0.00485708 -0.01106637 145.52135910
0.00486731 0.99998775 0.00089808 -374.47788197
0.01106187 -0.00095188 0.99993836 3.28656413
0.00000000 0.00000000 0.00000000 1.00000000
95	95	96
0.99992089 -0.00568722 -0.01121917 146.86629771
0.00569536 0.99998354 0.00069412 -384.69090685
0.01121503 -0.00075797 0.99993682 3.17523980
0.00000000 0.00000000 0.00000000 1.00000000
96	96	97
0.99990046 -0.00612093 -0.01271248 149.02765249
0.00610521 0.99998055 -0.00127469 -395.55915837
0.01272004 0.00119695 0.99991838 3.19470713
0.00000000 0.00000000 0.00000000 1.00000000
97	97	98
0.99989817 -0.00572839 -0.01307035 151.33447165
0.00572912 0.99998359 0.00001866 -405.80592983
0.01307002 -0.00009354 0.99991458 3.27049916
0.00000000 0.00000000 0.00000000 1.00000000
98	98	99
0.99989144 -0.00585089 -0.01352316 153.19025857
0.00586202 0.99998251 0.00078349 -416.92042008
0.01351834 -0.00086268 0.99990825 3.25298976
0.00000000 0.00000000 0.00000000 1.00000000
99	99	100
0.99987592 -0.00644639 -0.01437351 153.03574486
0.00648089 0.99997623 0.00235476 -434.26130559
0.01435799 -0.00244762 0.99989392 3.17185602
0.00000000 0.00000000 0.00000000 1.00000000
100	100	101
0.99990759 -0.00604913 -0.01217430 150.90245985
0.00609075 0.99997572 0.00338495 -439.41957396
0.01215352 -0.00345879 0.99992016 2.95383462
0.00000000 0.00000000 0.00000000 1.00000000
101	101	102
0.99993781 -0.00624589 -0.00923953 148.96655477
0.00628653 0.99997067 0.00437576 -443.22259789
0.00921193 -0.00443357 0.99994774 2.76977910
0.00000000 0.00000000 0.00000000 1.00000000
102	102	103
0.99991689 -0.00645511 -0.01116037 146.94621396
0.00650522 0.99996889 0.00446009 -446.62300934
0.01113123 -0.00453232 0.99992777 2.66923557
0.00000000 0.00000000 0.00000000 1.00000000
103	103	104
0.99992414 -0.00572783 -0.01090404 143.92455534
0.00578301 0.99997060 0.00503518 -450.47054121
0.01087487 -0.00509785 0.99992787 2.57078226
0.00000000 0.00000000 0.00000000 1.00000000
104	104	105
0.99992656 -0.00541277 -0.01084297 139.57497280
0.00545753 0.99997669 0.00410315 -453.58125635
0.01082051 -0.00416203 0.99993279 2.45494650
0.00000000 0.00000000 0.00000000 1.00000000
105	105	106
0.99989032 -0.00624452 -0.01342987 126.59497657
0.00628157 0.99997658 0.00271850 -459.99633223
0.01341258 -0.00280257 0.99990612 1.87205254
0.00000000 0.00000000 0.00000000 1.00000000
106	106	107
0.99984713 -0.00531532 -0.01665711 114.87410312
0.00543693 0.99995884 0.00726357 -465.51612061
0.01661781 -0.00735302 0.99983488 1.69456010
0.00000000 0.00000000 0.00000000 1.00000000
107	107	108
0.99983140 -0.00568426 -0.01746028 103.54025535
0.00587823 0.99992136 0.01107823 -470.14042951
0.01739593 -0.01117900 0.99978618 1.61421826
0.00000000 0.00000000 0.00000000 1.00000000
108	108	109
0.99979396 -0.00497014 -0.01968097 93.45137409
0.00517781 0.99993131 0.01051517 -474.07686539
0.01962736 -0.01061490 0.99975101 1.45854900
0.00000000 0.00000000 0.00000000 1.00000000
109	109	110
0.99985546 -0.00516889 -0.01619682 83.12898637
0.00515074 0.99998606 -0.00116215 -478.05153327
0.01620261 0.00107855 0.99986815 1.21741629
0.00000000 0.00000000 0.00000000 1.00000000
110	110	111
0.99979997 -0.00411282 -0.01957330 73.66983224
0.00411703 0.99999151 0.00017464 -481.55752878
0.01957242 -0.00025518 0.99980841 0.98490100
0.00000000 0.00000000 0.00000000 1.00000000
111	111	112
0.99972742 -0.00248604 -0.02321412 64.17569086
0.00256587 0.99999089 0.00340993 -485.25008658
0.02320544 -0.00346856 0.99972470 0.74009194
0.00000000 0.00000000 0.00000000 1.00000000
112	112	113
0.99971216 -0.00242673 -0.02386850 54.67774832
0.00248316 0.99999419 0.00233495 -489.03914168
0.02386270 -0.00239355 0.99971238 0.58149615
0.00000000 0.00000000 0.00000000 1.00000000
113	113	114
0.99968150 -0.00280599 -0.02508041 42.54651328
0.00292037 0.99998550 0.00452520 -493.94984981
0.02506735 -0.00459701 0.99967519 0.53484373
0.00000000 0.00000000 0.00000000 1.00000000
114	114	115
0.99959987 -0.00119032 -0.02826112 37.36106410
0.00133034 0.99998693 0.00493629 -494.70907382
0.02825487 -0.00497191 0.99958839 0.50025728
0.00000000 0.00000000 0.00000000 1.00000000
115	115	116
0.99962824 -0.00278516 -0.02712239 33.55801672
0.00285880 0.99999233 0.00267647 -494.27394482
0.02711473 -0.00275302 0.99962854 0.46454786
0.00000000 0.00000000 0.00000000 1.00000000
116	116	117
0.99963044 -0.00280445 -0.02703913 29.48482532
0.00284697 0.99999477 0.00153392 -493.23427155
0.02703469 -0.00161034 0.99963320 0.40836600
0.00000000 0.00000000 0.00000000 1.00000000
117	117	118
0.99968400 -0.00142373 -0.02509722 24.35229520
0.00145694 0.99999809 0.00130495 -491.68162498
0.02509532 -0.00134110 0.99968416 0.33781766
0.00000000 0.00000000 0.00000000 1.00000000
118	118	119
0.99976505 -0.00072728 -0.02166379 17.23251204
0.00078657 0.99999597 0.00272823 -488.95436893
0.02166172 -0.00274463 0.99976159 0.27829877
0.00000000 0.00000000 0.00000000 1.00000000
119	119	120
0.99985766 -0.00253778 -0.01668017 7.07785697
0.00263716 0.99997889 0.00593911 -475.46415004
0.01666474 -0.00598225 0.99984324 0.09116814
0.00000000 0.00000000 0.00000000 1.00000000
120	120	121
0.99990463 -0.00321632 -0.01343113 3.59019092
0.00328742 0.99998068 0.00527471 -464.12306525
0.01341391 -0.00531836 0.99989589 -0.08505637
0.00000000 0.00000000 0.00000000 1.00000000
121	121	122
0.99987228 -0.00476529 -0.01525495 0.53619449
0.00479329 0.99998689 0.00179973 -453.64444813
0.01524617 -0.00187263 0.99988202 -0.19281323
0.00000000 0.00000000 0.00000000 1.00000000
122	122	123
0.99987449 -0.00621934 -0.01457147 -2.72240897
0.00620978 0.99998047 -0.00070082 -442.75612750
0.01457555 0.00061024 0.99989358 -0.34683741
0.00000000 0.00000000 0.00000000 1.00000000
123	123	124
0.99981709 -0.00672920 -0.01790273 -6.39576800
0.00667594 0.99997312 -0.00303331 -430.50379450
0.01792266 0.00291324 0.99983513 -0.53155306
0.00000000 0.00000000 0.00000000 1.00000000
124	124	125
0.99975682 -0.00889059 -0.02018078 -7.38777671
0.00880709 0.99995230 -0.00422251 -422.04072175
0.02021736 0.00404375 0.99978743 -0.58177401
0.00000000 0.00000000 0.00000000 1.00000000
125	125	126
0.99973757 -0.01022858 -0.02049807 -6.90913393
0.01012540 0.99993557 -0.00513110 -416.13995447
0.02054923 0.00492220 0.99977673 -0.51167668
0.00000000 0.00000000 0.00000000 1.00000000
126	126	127
0.99973743 -0.01353288 -0.01849144 -5.30292802
0.01347106 0.99990326 -0.00346371 -409.50439593
0.01853652 0.00321370 0.99982302 -0.44248714
0.00000000 0.00000000 0.00000000 1.00000000
127	127	128
0.99969124 -0.01465507 -0.02006640 -2.27899674
0.01458974 0.99988779 -0.00339826 -401.86724505
0.02011395 0.00310445 0.99979287 -0.32503650
0.00000000 0.00000000 0.00000000 1.00000000
128	128	129
0.99963849 -0.01491936 -0.02236739 1.06393208
0.01486462 0.99988611 -0.00261145 -394.98280151
0.02240380 0.00227802 0.99974641 -0.32277293
0.00000000 0.00000000 0.00000000 1.00000000
129	129	130
0.99964551 -0.01641004 -0.02096580 3.38805069
0.01627056 0.99984446 -0.00680624 -389.01400664
0.02107423 0.00646270 0.99975703 -0.27619891
0.00000000 0.00000000 0.00000000 1.00000000
130	130	131
0.99962394 -0.01673658 -0.02172268 5.19193354
0.01662345 0.99984736 -0.00537805 -382.90651307
0.02180937 0.00501492 0.99974957 -0.25909855
0.00000000 0.00000000 0.00000000 1.00000000
131	131	132
0.99962685 -0.01710645 -0.02129639 6.11090530
0.01698504 0.99983852 -0.00586907 -376.16170390
0.02139335 0.00550516 0.99975598 -0.23936847
0.00000000 0.00000000 0.00000000 1.00000000
132	132	133
0.99962674 -0.01696923 -0.02141104 4.74743867
0.01683176 0.99983666 -0.00658437 -371.86003938
0.02151928 0.00622152 0.99974908 -0.31571140
0.00000000 0.00000000 0.00000000 1.00000000
133	133	134
0.99966589 -0.01694065 -0.01952252 1.71525775
0.01683598 0.99984306 -0.00551341 -371.23043902
0.01961286 0.00518289 0.99979422 -0.41666252
0.00000000 0.00000000 0.00000000 1.00000000
134	134	135
0.99968232 -0.01641513 -0.01912616 -1.23723203
0.01630789 0.99985049 -0.00574947 -370.80715145
0.01921768 0.00543573 0.99980055 -0.51496849
0.00000000 0.00000000 0.00000000 1.00000000
135	135	136
0.99968916 -0.01488675 -0.01999926 -4.19818480
0.01477471 0.99987438 -0.00573825 -371.37660932
0.02008218 0.00544098 0.99978353 -0.58607951
0.00000000 0.00000000 0.00000000 1.00000000
136	136	137
0.99965427 -0.01434019 -0.02203842 -6.81348093
0.01422044 0.99988331 -0.00558112 -373.07204619
0.02211588 0.00526579 0.99974155 -0.64157429
0.00000000 0.00000000 0.00000000 1.00000000
137	137	138
0.99963178 -0.01604098 -0.02188565 -8.57667033
0.01592825 0.99985901 -0.00531574 -375.44794443
0.02196783 0.00496518 0.99974635 -0.69978950
0.00000000 0.00000000 0.00000000 1.00000000
138	138	139
0.99965308 -0.01307781 -0.02286231 -9.67741963
0.01294037 0.99989736 -0.00614949 -378.18545926
0.02294038 0.00585151 0.99971971 -0.75461482
0.00000000 0.00000000 0.00000000 1.00000000
139	139	140
0.99964255 -0.01277764 -0.02348408 -10.32319224
0.01262867 0.99989925 -0.00648083 -381.19884124
0.02356453 0.00618194 0.99970320 -0.80319814
0.00000000 0.00000000 0.00000000 1.00000000
140	140	141
0.99469050 0.00565228 -0.10275631 -33.16429673
-0.00823866 0.99965940 -0.02476308 -371.28465534
0.10258134 0.02547817 0.99439828 -0.96932848
0.00000000 0.00000000 0.00000000 1.00000000
141	141	142
0.99468355 0.00289467 -0.10293808 -31.81578227
-0.00558073 0.99965115 -0.02581546 -384.84082954
0.10282745 0.02625269 0.99435271 -1.49464739
0.00000000 0.00000000 0.00000000 1.00000000
142	142	143
0.99476060 0.00187326 -0.10221470 -26.98889878
-0.00444527 0.99967905 -0.02494086 -394.61231775
0.10213517 0.02526455 0.99444965 -1.48181159
0.00000000 0.00000000 0.00000000 1.00000000
143	143	144
0.99484670 -0.00027922 -0.10139015 -22.60534642
-0.00205740 0.99973472 -0.02294046 -402.56698993
0.10136966 0.02303084 0.99458221 -1.37666181
0.00000000 0.00000000 0.00000000 1.00000000
144	144	145
0.99497023 -0.00145830 -0.10016046 -18.23992425
-0.00076212 0.99975488 -0.02212679 -410.22749010
0.10016817 0.02209183 0.99472523 -1.21865424
0.00000000 0.00000000 0.00000000 1.00000000
145	145	146
0.99474985 -0.00152685 -0.10232500 -13.67248863
-0.00115935 0.99965639 -0.02618702 -418.27361539
0.10232982 0.02616817 0.99440627 -1.08384914
0.00000000 0.00000000 0.00000000 1.00000000
146	146	147
0.99441147 -0.00326442 -0.10552333 -9.11775454
0.00043367 0.99963971 -0.02683764 -427.45402806
0.10557292 0.02664189 0.99405461 -0.87219862
0.00000000 0.00000000 0.00000000 1.00000000
147	147	148
0.99432695 -0.00757596 -0.10609677 -4.93130189
0.00465004 0.99960274 -0.02779811 -438.07487888
0.10626522 0.02714706 0.99396717 -0.51454814
0.00000000 0.00000000 0.00000000 1.00000000
148	148	149
0.99472579 -0.00790780 -0.10226467 -1.43584865
0.00524782 0.99964154 -0.02625367 -449.16854218
0.10243562 0.02557854 0.99441072 -0.35524176
0.00000000 0.00000000 0.00000000 1.00000000
149	149	150
0.99460608 -0.00799596 -0.10341567 1.51859140
0.00529596 0.99963858 -0.02635649 -458.73392707
0.10358904 0.02566664 0.99428896 -0.20730997
0.00000000 0.00000000 0.00000000 1.00000000
150	150	151
0.99438571 -0.00869974 -0.10545797 4.36068091
0.00585622 0.99961168 -0.02724332 -468.18559780
0.10565402 0.02647278 0.99405051 -0.09476719
0.00000000 0.00000000 0.00000000 1.00000000
151	151	152
0.99441408 -0.00839332 -0.10521496 6.92830877
0.00549857 0.99959914 -0.02777265 -477.50533102
0.10540589 0.02703898 0.99406161 -0.01656522
0.00000000 0.00000000 0.00000000 1.00000000
152	152	153
0.99436509 -0.00952209 -0.10558124 9.78393114
0.00648235 0.99955559 -0.02909640 -487.59974664
0.10581138 0.02824803 0.99398491 0.07787057
0.00000000 0.00000000 0.00000000 1.00000000
153	153	154
0.99494656 -0.00697243 -0.10016349 12.35279293
0.00443347 0.99966375 -0.02554844 -497.11729674
0.10030795 0.02497526 0.99464293 0.16558210
0.00000000 0.00000000 0.00000000 1.00000000
154	154	155
0.99582641 -0.00515734 -0.09112166 15.16846841
0.00296481 0.99970321 -0.02418054 -507.20953646
0.09121933 0.02380946 0.99554615 0.23323976
0.00000000 0.00000000 0.00000000 1.00000000
155	155	156
0.99610056 -0.00533600 -0.08806360 17.97632209
0.00330713 0.99972610 -0.02316853 -517.06614749
0.08816311 0.02278695 0.99584538 0.27208210
0.00000000 0.00000000 0.00000000 1.00000000
156	156	157
0.99681632 -0.00453497 -0.07960311 20.81282019
0.00286075 0.99977257 -0.02113352 -526.70732401
0.07968085 0.02083851 0.99660259 0.36953583
0.00000000 0.00000000 0.00000000 1.00000000
157	157	158
0.99708825 -0.00294322 -0.07619953 23.74886008
0.00124595 0.99975028 -0.02231203 -536.08300852
0.07624617 0.02215212 0.99684292 0.54810721
0.00000000 0.00000000 0.00000000 1.00000000
158	158	159
0.99791441 -0.00107609 -0.06454202 26.77247299
-0.00008899 0.99983715 -0.01804593 -546.31915907
0.06455093 0.01801404 0.99775181 0.57530075
0.00000000 0.00000000 0.00000000 1.00000000
159	159	160
0.99825221 -0.00023041 -0.05909710 29.66869702
-0.00081829 0.99984265 -0.01772046 -555.95187642
0.05909188 0.01773785 0.99809494 0.65577516
0.00000000 0.00000000 0.00000000 1.00000000
160	160	161
0.99830635 -0.00016265 -0.05817572 32.43232346
-0.00094459 0.99981895 -0.01900467 -565.65188857
0.05816828 0.01902743 0.99812545 0.70634171
0.00000000 0.00000000 0.00000000 1.00000000
161	161	162
0.99862367 -0.00148027 -0.05242693 34.90841656
0.00073540 0.99989856 -0.01422425 -574.81868964
0.05244267 0.01416612 0.99852345 0.68846267
0.00000000 0.00000000 0.00000000 1.00000000
162	162	163
0.99896831 -0.00135736 -0.04539246 37.61284715
0.00094179 0.99995746 -0.00917514 -584.49827739
0.04540298 0.00912292 0.99892710 0.78815499
0.00000000 0.00000000 0.00000000 1.00000000
163	163	164
0.99922818 -0.00123545 -0.03926205 40.31409798
0.00101052 0.99998297 -0.00574842 -593.76081056
0.03926848 0.00570430 0.99921241 0.84039493
0.00000000 0.00000000 0.00000000 1.00000000
164	164	165
0.99938780 -0.00051313 -0.03498229 43.15722595
0.00040184 0.99999484 -0.00318807 -603.71954496
0.03498374 0.00317206 0.99938285 0.92967225
0.00000000 0.00000000 0.00000000 1.00000000
165	165	166
0.99956523 -0.00018614 -0.02948400 46.12026501
0.00012880 0.99999810 -0.00194685 -613.80609427
0.02948431 0.00194221 0.99956336 1.01179729
0.00000000 0.00000000 0.00000000 1.00000000
166	166	167
0.99982064 0.00017428 -0.01893815 50.10627531
-0.00012285 0.99999630 0.00271655 -627.97378336
0.01893855 -0.00271374 0.99981697 1.11897065
0.00000000 0.00000000 0.00000000 1.00000000
167	167	168
0.99999072 0.00134343 -0.00409379 52.34520559
-0.00130160 0.99994710 0.01020337 -638.33012626
0.00410728 -0.01019795 0.99993956 1.44252574
0.00000000 0.00000000 0.00000000 1.00000000
168	168	169
0.99999578 0.00287575 0.00040742 51.84899434
-0.00288019 0.99993164 0.01133264 -642.26331095
-0.00037480 -0.01133376 0.99993570 1.59491059
0.00000000 0.00000000 0.00000000 1.00000000
169	169	170
0.99996425 0.00271471 0.00800857 50.49318299
-0.00280433 0.99993333 0.01120099 -645.77356316
-0.00797763 -0.01122305 0.99990520 1.72930527
0.00000000 0.00000000 0.00000000 1.00000000
170	170	171
0.99993484 0.00221763 0.01119810 48.29387918
-0.00236065 0.99991561 0.01277489 -649.78614157
-0.01116882 -0.01280049 0.99985569 1.85406104
0.00000000 0.00000000 0.00000000 1.00000000
171	171	172
0.99998024 0.00243107 0.00579766 44.81270406
-0.00252494 0.99986496 0.01623831 -654.42722570
-0.00575740 -0.01625263 0.99985134 1.98356385
0.00000000 0.00000000 0.00000000 1.00000000
172	172	173
0.99997114 0.00363477 0.00667070 38.22020754
-0.00374323 0.99985981 0.01632029 -661.07744534
-0.00661044 -0.01634479 0.99984456 2.23391791
0.00000000 0.00000000 0.00000000 1.00000000
173	173	174
0.99992051 0.00140224 0.01253046 19.00886953
-0.00166084 0.99978536 0.02065145 -667.04223759
-0.01249881 -0.02067062 0.99970821 2.52739617
0.00000000 0.00000000 0.00000000 1.00000000
174	174	175
0.99992668 0.00222678 0.01190241 8.07538568
-0.00248825 0.99975491 0.02199820 -667.91642904
-0.01185051 -0.02202620 0.99968716 2.48120468
0.00000000 0.00000000 0.00000000 1.00000000
175	175	176
0.99989777 0.00177746 0.01418747 -0.38546425
-0.00209207 0.99975155 0.02219131 -668.49888289
-0.01414450 -0.02221873 0.99965307 2.48265209
0.00000000 0.00000000 0.00000000 1.00000000
176	176	177
0.99988262 0.00213245 0.01517199 -9.52819509
-0.00244912 0.99977889 0.02088460 -668.88340304
-0.01512410 -0.02091931 0.99966677 2.48786205
0.00000000 0.00000000 0.00000000 1.00000000
177	177	178
0.99989297 0.00160987 0.01454159 -17.93173242
-0.00191034 0.99978446 0.02067312 -669.37311882
-0.01450518 -0.02069869 0.99968053 2.65222255
0.00000000 0.00000000 0.00000000 1.00000000
178	178	179
0.99990258 0.00195065 0.01382108 -24.61439343
-0.00224817 0.99976538 0.02154387 -670.14652000
-0.01377582 -0.02157284 0.99967237 2.82999518
0.00000000 0.00000000 0.00000000 1.00000000
179	179	180
0.99988963 0.00233232 0.01467272 -31.00972482
-0.00265114 0.99975999 0.02174702 -671.52306956
-0.01461848 -0.02178352 0.99965583 3.01912271
0.00000000 0.00000000 0.00000000 1.00000000
180	180	181
0.99989038 0.00112882 0.01476335 -37.44416776
-0.00144976 0.99976247 0.02174653 -674.06595577
-0.01473529 -0.02176555 0.99965451 3.22230256
0.00000000 0.00000000 0.00000000 1.00000000
181	181	182
0.99987610 0.00158796 0.01566063 -44.36992780
-0.00191832 0.99977547 0.02110270 -677.77707389
-0.01562360 -0.02113012 0.99965465 3.46620519
0.00000000 0.00000000 0.00000000 1.00000000
182	182	183
0.99988891 0.00120523 0.01485617 -51.44266967
-0.00151520 0.99978103 0.02087099 -683.32857462
-0.01482776 -0.02089118 0.99967179 3.80614662
0.00000000 0.00000000 0.00000000 1.00000000
183	183	184
0.99986277 -0.00083350 0.01654503 -59.94852061
0.00051976 0.99982014 0.01895827 -695.58319702
-0.01655786 -0.01894707 0.99968337 4.49152173
0.00000000 0.00000000 0.00000000 1.00000000
184	184	185
0.99989384 0.00119841 0.01452129 -63.53188738
-0.00149462 0.99979069 0.02040461 -707.01514245
-0.01449379 -0.02042415 0.99968634 4.74371371
0.00000000 0.00000000 0.00000000 1.00000000
185	185	186
0.99988207 0.00188307 0.01524113 -65.78335341
-0.00214895 0.99984547 0.01744765 -717.84230677
-0.01520592 -0.01747835 0.99973161 5.11572464
0.00000000 0.00000000 0.00000000 1.00000000
186	186	187
0.99988828 0.00166136 0.01485517 -68.38461582
-0.00191977 0.99984680 0.01739823 -729.75622855
-0.01482399 -0.01742481 0.99973828 5.50784958
0.00000000 0.00000000 0.00000000 1.00000000
187	187	188
0.99991255 0.00243146 0.01299932 -72.92897793
-0.00270076 0.99978127 0.02073946 -747.59461619
-0.01294605 -0.02077276 0.99970040 5.82815630
0.00000000 0.00000000 0.00000000 1.00000000
188	188	189
0.99989749 0.00288552 0.01402461 -74.42814138
-0.00318844 0.99976107 0.02162499 -753.46609414
-0.01395886 -0.02166749 0.99966778 5.85448295
0.00000000 0.00000000 0.00000000 1.00000000
189	189	190
0.99985365 0.00461049 0.01647517 -75.94262571
-0.00494841 0.99977700 0.02052971 -759.02691727
-0.01637684 -0.02060823 0.99965349 5.84956166
0.00000000 0.00000000 0.00000000 1.00000000
190	190	191
0.99985318 0.00351620 0.01677073 -77.26239178
-0.00386882 0.99977114 0.02104028 -764.17223989
-0.01669291 -0.02110208 0.99963796 5.80642785
0.00000000 0.00000000 0.00000000 1.00000000
191	191	192
0.99988061 0.00299504 0.01515869 -78.45141928
-0.00330601 0.99978376 0.02053077 -769.30799022
-0.01509393 -0.02057844 0.99967430 5.75030989
0.00000000 0.00000000 0.00000000 1.00000000
192	192	193
0.99989986 0.00080453 0.01412850 -79.67522984
-0.00109617 0.99978623 0.02064677 -774.82841543
-0.01410886 -0.02066019 0.99968700 5.66273928
0.00000000 0.00000000 0.00000000 1.00000000
193	193	194
0.99989398 0.00172289 0.01445883 -83.22842702
-0.00201476 0.99979401 0.02019593 -788.54837963
-0.01442106 -0.02022292 0.99969149 5.45660215
0.00000000 0.00000000 0.00000000 1.00000000
194	194	195
0.99986687 0.00172015 0.01622584 -86.33308637
-0.00205061 0.99979037 0.02037169 -795.59362054
-0.01618739 -0.02040225 0.99966080 5.43088174
0.00000000 0.00000000 0.00000000 1.00000000
195	195	196
0.99988859 0.00140697 0.01486015 -90.47862068
-0.00171248 0.99978703 0.02056591 -802.34585883
-0.01482805 -0.02058907 0.99967806 5.39161315
0.00000000 0.00000000 0.00000000 1.00000000
196	196	197
0.99989091 0.00075284 0.01475116 -96.77223585
-0.00106360 0.99977744 0.02106996 -809.77094769
-0.01473202 -0.02108335 0.99966918 5.33974111
0.00000000 0.00000000 0.00000000 1.00000000
197	197	198
0.99989821 0.00220606 0.01409604 -106.65500532
-0.00251448 0.99975702 0.02189927 -817.02654677
-0.01404431 -0.02193249 0.99966080 5.29922296
0.00000000 0.00000000 0.00000000 1.00000000
198	198	199
0.99986612 0.00404512 0.01585517 -119.55293821
-0.00436865 0.99978186 0.02042425 -821.18829225
-0.01576909 -0.02049079 0.99966568 5.20632706
0.00000000 0.00000000 0.00000000 1.00000000
199	199	200
0.99989603 0.00305422 0.01409271 -131.34990018
-0.00335003 0.99977354 0.02101522 -822.94640485
-0.01402533 -0.02106025 0.99967983 5.12216847
0.00000000 0.00000000 0.00000000 1.00000000
200	200	201
0.99992608 0.00281087 0.01182936 -141.97077034
-0.00305688 0.99977834 0.02083077 -824.47719564
-0.01176818 -0.02086539 0.99971303 5.08428450
0.00000000 0.00000000 0.00000000 1.00000000
201	201	202
