0	0	1
1.00000000 0.00000000 0.00000000 0.00000000
0.00000000 1.00000000 0.00000000 0.00000000
0.00000000 0.00000000 1.00000000 0.00000000
0.00000000 0.00000000 0.00000000 1.00000000
1	1	2
0.98214769 0.14631385 0.11822929 -7.63609974
-0.16701709 0.96743615 0.19019090 13.24809433
-0.08655172 -0.20654187 0.97460210 -0.06646184
0.00000000 0.00000000 0.00000000 1.00000000
2	2	3
0.89200976 0.43921859 0.10679707 -10.73693726
-0.44087122 0.79324230 0.41999906 23.80480002
0.09975544 -0.42172702 0.90121872 -1.74665963
0.00000000 0.00000000 0.00000000 1.00000000
3	3	4
0.91429149 0.38094479 0.13766679 -10.77040419
-0.40463033 0.84336685 0.35356280 32.93462581
0.01858430 -0.37896362 0.92522494 -6.06209675
0.00000000 0.00000000 0.00000000 1.00000000
4	4	5
0.93875380 0.31048782 0.14946108 -11.44874714
-0.34146122 0.89648070 0.28235897 42.65586149
-0.04631995 -0.31610072 0.94759422 -9.79105278
0.00000000 0.00000000 0.00000000 1.00000000
5	5	6
0.96520565 0.20445761 0.16301883 -12.87898949
-0.23411759 0.95337086 0.19045464 51.99443351
-0.11647750 -0.22199347 0.96806606 -12.49833192
0.00000000 0.00000000 0.00000000 1.00000000
6	6	7
0.97834445 0.07515406 0.19285749 -15.32841274
-0.09404743 0.99142322 0.09074733 61.67066318
-0.18438336 -0.10691990 0.97702145 -14.09020841
0.00000000 0.00000000 0.00000000 1.00000000
7	7	8
0.97436193 -0.03189747 0.22271368 -19.09078809
0.03000968 0.99947929 0.01185632 70.73572327
-0.22297589 -0.00486878 0.97481180 -14.33546405
0.00000000 0.00000000 0.00000000 1.00000000
8	8	9
0.96812460 -0.09601142 0.23133647 -23.87455575
0.10351759 0.99441632 -0.02050088 79.28177233
-0.22807645 0.04379480 0.97265778 -13.40989932
0.00000000 0.00000000 0.00000000 1.00000000
9	9	10
0.97118750 -0.10108871 0.21581453 -29.03694613
0.10627646 0.99425755 -0.01253925 87.28317903
-0.21330765 0.03511396 0.97635386 -12.06746507
0.00000000 0.00000000 0.00000000 1.00000000
10	10	11
0.98125839 -0.07487768 0.17755366 -34.53695758
0.06970361 0.99694615 0.03521051 95.94495649
-0.17964792 -0.02217448 0.98348102 -10.75192856
0.00000000 0.00000000 0.00000000 1.00000000
11	11	12
0.98941598 -0.02711579 0.14255084 -39.70370610
0.01547538 0.99650053 0.08214132 104.76353916
-0.14427932 -0.07906591 0.98637319 -10.08652120
0.00000000 0.00000000 0.00000000 1.00000000
12	12	13
0.99232974 0.11411672 0.04752951 -44.95284199
-0.12269862 0.95606261 0.26625050 114.53806410
-0.01505755 -0.27004010 0.96273133 -10.04486444
0.00000000 0.00000000 0.00000000 1.00000000
13	13	14
0.99147936 0.12349869 0.04143361 -49.04728432
-0.12993233 0.96027371 0.24696557 125.06878782
-0.00928768 -0.25024483 0.96813804 -12.54166564
0.00000000 0.00000000 0.00000000 1.00000000
14	14	15
0.98957006 0.14092474 0.02985494 -52.93015072
-0.14401933 0.96342010 0.22600914 137.13612682
0.00308743 -0.22795157 0.97366758 -15.40045335
0.00000000 0.00000000 0.00000000 1.00000000
15	15	16
0.99228738 0.12131708 0.02545442 -54.29625153
-0.12366591 0.98295280 0.13605346 148.60426078
-0.00851488 -0.13815197 0.99037444 -18.35609585
0.00000000 0.00000000 0.00000000 1.00000000
16	16	17
0.99898450 -0.00494927 0.04478262 -53.61694748
0.00522346 0.99996831 -0.00600773 152.47309419
-0.04475147 0.00623554 0.99897869 -18.98378420
0.00000000 0.00000000 0.00000000 1.00000000
17	17	18
0.99967630 0.00311939 0.02524984 -52.75476321
-0.00139572 0.99768459 -0.06799635 155.95813623
-0.02540349 0.06793910 0.99736600 -19.14426209
0.00000000 0.00000000 0.00000000 1.00000000
18	18	19
0.99797083 0.03352674 0.05413112 -51.08224582
-0.03130299 0.99865138 -0.04141904 159.84527566
-0.05544677 0.03964053 0.99767444 -19.02586936
0.00000000 0.00000000 0.00000000 1.00000000
19	19	20
0.99416953 0.03318859 0.10259368 -48.35547961
-0.02488674 0.99638983 -0.08116622 164.84813128
-0.10491709 0.07813976 0.99140637 -19.11196954
0.00000000 0.00000000 0.00000000 1.00000000
20	20	21
0.99721484 0.02429181 0.07051569 -41.50914892
-0.02298499 0.99954979 -0.01928516 172.13698788
-0.07095242 0.01761064 0.99732423 -19.70012431
0.00000000 0.00000000 0.00000000 1.00000000
21	21	22
0.99784464 0.02857325 0.05907317 -27.13730754
-0.02894205 0.99956652 0.00539684 179.28823173
-0.05889336 -0.00709491 0.99823907 -20.91572661
0.00000000 0.00000000 0.00000000 1.00000000
22	22	23
0.99766196 0.02912564 0.06182480 -17.19371472
-0.02881447 0.99956725 -0.00591883 183.06288169
-0.06197044 0.00412355 0.99806947 -21.73861419
0.00000000 0.00000000 0.00000000 1.00000000
23	23	24
0.99764130 0.03273012 0.06033719 -7.89343940
-0.03266846 0.99946423 -0.00200828 186.18149958
-0.06037060 0.00003242 0.99817603 -22.35344887
0.00000000 0.00000000 0.00000000 1.00000000
24	24	25
0.99776752 0.02947444 0.05992688 1.55006638
-0.02981865 0.99954352 0.00485752 189.47664735
-0.05975635 -0.00663361 0.99819095 -23.09243080
0.00000000 0.00000000 0.00000000 1.00000000
25	25	26
0.99771896 0.03294903 0.05891729 11.64838790
-0.03318247 0.99944484 0.00298792 192.89771503
-0.05878613 -0.00493612 0.99825840 -23.87908073
0.00000000 0.00000000 0.00000000 1.00000000
26	26	27
0.99758516 0.03428561 0.06040161 21.59383109
-0.03429959 0.99941127 -0.00080557 196.32971225
-0.06039367 -0.00126812 0.99817383 -24.60714360
0.00000000 0.00000000 0.00000000 1.00000000
27	27	28
0.99748666 0.03396744 0.06218175 31.41466491
-0.03348584 0.99940070 -0.00877108 199.68612737
-0.06244241 0.00666682 0.99802630 -25.28132404
0.00000000 0.00000000 0.00000000 1.00000000
28	28	29
0.99620154 0.03710160 0.07877799 40.85417213
-0.03829736 0.99917217 0.01372208 202.98666282
-0.07820366 -0.01668695 0.99679774 -25.91710938
0.00000000 0.00000000 0.00000000 1.00000000
29	29	30
0.99674544 0.03250779 0.07376835 50.92774010
-0.03311094 0.99942739 0.00696789 206.33600559
-0.07349960 -0.00938775 0.99725106 -26.79332808
0.00000000 0.00000000 0.00000000 1.00000000
30	30	31
0.99710604 0.02577503 0.07152058 61.30403375
-0.02695225 0.99951587 0.01554384 209.80184809
-0.07108531 -0.01742650 0.99731800 -27.49706302
0.00000000 0.00000000 0.00000000 1.00000000
31	31	32
0.99661721 0.02696274 0.07763473 72.56158550
-0.02800131 0.99953196 0.01232014 213.17797940
-0.07726621 -0.01445234 0.99690574 -28.14332921
0.00000000 0.00000000 0.00000000 1.00000000
32	32	33
0.99588494 0.00847614 0.09022933 80.75192361
-0.00948730 0.99989685 0.01078354 214.01199859
-0.09012862 -0.01159520 0.99586263 -28.37725569
0.00000000 0.00000000 0.00000000 1.00000000
33	33	34
0.99773495 0.01307522 0.06598490 85.36230096
-0.01378691 0.99985147 0.01034173 213.06158115
-0.06583988 -0.01122804 0.99776703 -28.57173859
0.00000000 0.00000000 0.00000000 1.00000000
34	34	35
0.99444969 0.00059824 0.10521146 89.36406237
-0.00228987 0.99987004 0.01595836 211.31968051
-0.10518824 -0.01611071 0.99432182 -28.64826467
0.00000000 0.00000000 0.00000000 1.00000000
35	35	36
0.99395635 -0.00073487 0.10977359 94.04832764
-0.00299109 0.99942503 0.03377372 208.70841131
-0.10973529 -0.03389795 0.99338265 -28.96270161
0.00000000 0.00000000 0.00000000 1.00000000
36	36	37
0.99124947 -0.00474400 0.13191659 99.76914095
-0.00252525 0.99848960 0.05488306 204.63992918
-0.13197770 -0.05473593 0.98974030 -29.30391081
0.00000000 0.00000000 0.00000000 1.00000000
37	37	38
0.99614238 0.00540240 0.08758523 108.07586624
-0.01024922 0.99843466 0.05498347 194.14804177
-0.08715109 -0.05566904 0.99463845 -29.41575218
0.00000000 0.00000000 0.00000000 1.00000000
38	38	39
0.98471217 0.10953448 0.13544052 110.25823630
-0.11206092 0.99363879 0.01114909 183.31309237
-0.13335775 -0.02615623 0.99072275 -29.00395202
0.00000000 0.00000000 0.00000000 1.00000000
39	39	40
0.98234083 -0.06381958 0.17587938 110.42571803
0.05700417 0.99742411 0.04353933 174.14051497
-0.17820499 -0.03274460 0.98344841 -28.91499225
0.00000000 0.00000000 0.00000000 1.00000000
40	40	41
0.97663606 -0.03146528 0.21258397 112.20035817
0.02676695 0.99933045 0.02494376 165.49021873
-0.21322650 -0.01867075 0.97682438 -28.77227705
0.00000000 0.00000000 0.00000000 1.00000000
41	41	42
0.97075523 -0.03330808 0.23774956 114.00795349
0.03001592 0.99939700 0.01745483 155.56886503
-0.23818759 -0.00980810 0.97116964 -28.77252966
0.00000000 0.00000000 0.00000000 1.00000000
42	42	43
0.96402401 -0.02387375 0.26474092 116.17416478
0.01946571 0.99962496 0.01926179 144.64743217
-0.26510148 -0.01341546 0.96412718 -28.88629661
0.00000000 0.00000000 0.00000000 1.00000000
43	43	44
0.96063330 -0.03082431 0.27610419 117.91934001
0.02601552 0.99943961 0.02106329 134.14494719
-0.27659873 -0.01305111 0.96089688 -29.04630703
0.00000000 0.00000000 0.00000000 1.00000000
44	44	45
0.95571232 -0.03507237 0.29220522 119.83778514
0.03082743 0.99934182 0.01912057 123.21520953
-0.29268350 -0.00926583 0.95616448 -29.32000075
0.00000000 0.00000000 0.00000000 1.00000000
45	45	46
0.95569816 -0.02094425 0.29360238 121.69407433
0.01431148 0.99959193 0.02472137 112.50274055
-0.29400034 -0.01942429 0.95560792 -29.62378449
0.00000000 0.00000000 0.00000000 1.00000000
46	46	47
0.91493739 -0.01774859 0.40320536 123.25684150
0.01816781 0.99983107 0.00278563 102.03793155
-0.40318668 0.00477669 0.91510528 -29.65876101
0.00000000 0.00000000 0.00000000 1.00000000
47	47	48
0.87706992 -0.01550875 0.48011231 125.19424062
0.01039057 0.99985735 0.01331624 90.68015914
-0.48025034 -0.00669063 0.87710595 -30.19417832
0.00000000 0.00000000 0.00000000 1.00000000
48	48	49
0.85126631 -0.01402357 0.52454647 128.82631506
-0.00029844 0.99962972 0.02720908 73.40306677
-0.52473381 -0.02331872 0.85094692 -31.86640723
0.00000000 0.00000000 0.00000000 1.00000000
49	49	50
0.85770432 -0.01707422 0.51385968 130.25786240
0.00419539 0.99964758 0.02621299 65.85978996
-0.51412615 -0.02032716 0.85747368 -32.67222074
0.00000000 0.00000000 0.00000000 1.00000000
50	50	51
0.84592180 -0.01036672 0.53320618 131.31035499
-0.00902791 0.99938943 0.03375299 59.43184598
-0.53323053 -0.03336613 0.84531172 -33.13943159
0.00000000 0.00000000 0.00000000 1.00000000
51	51	52
0.85030618 0.13888769 0.50763138 132.16779319
-0.19073175 0.98030217 0.05127437 53.29274047
-0.49051076 -0.14042034 0.86004728 -33.53443334
0.00000000 0.00000000 0.00000000 1.00000000
52	52	53
0.86639185 0.13842047 0.47979677 132.38394678
-0.18805732 0.98051970 0.05670595 47.87184557
-0.46260092 -0.13935887 0.87554526 -33.47545265
0.00000000 0.00000000 0.00000000 1.00000000
53	53	54
0.88459576 0.10171168 0.45513192 132.55036535
-0.13905599 0.98905972 0.04923718 41.79585479
-0.44514466 -0.10684382 0.88906166 -33.34715774
0.00000000 0.00000000 0.00000000 1.00000000
54	54	55
0.89875838 0.10024991 0.42682940 132.81489409
-0.13382502 0.98977694 0.04932020 29.34543507
-0.41752155 -0.10144739 0.90298626 -33.02758964
0.00000000 0.00000000 0.00000000 1.00000000
55	55	56
0.92889382 0.06833104 0.36398783 133.02732402
-0.10040946 0.99248593 0.06992578 17.83157233
-0.35647470 -0.10150145 0.92877513 -32.35816629
0.00000000 0.00000000 0.00000000 1.00000000
56	56	57
0.92997580 0.05906829 0.36284424 133.87957960
-0.09054449 0.99340466 0.07034830 6.40452079
-0.35629580 -0.09827576 0.92919060 -31.75234397
0.00000000 0.00000000 0.00000000 1.00000000
57	57	58
0.94099805 0.04667048 0.33517837 134.92715285
-0.07504847 0.99456182 0.07221165 -5.55108150
-0.32998546 -0.09310565 0.93938327 -31.06023768
0.00000000 0.00000000 0.00000000 1.00000000
58	58	59
0.94322088 0.03971102 0.32978388 135.37328619
-0.06626413 0.99536714 0.06966583 -16.05497274
-0.32548954 -0.08756311 0.94148248 -30.28962065
0.00000000 0.00000000 0.00000000 1.00000000
59	59	60
0.95024685 0.02769249 0.31026449 135.78555463
-0.05048761 0.99656261 0.06568072 -26.47641801
-0.30737913 -0.07807741 0.94837861 -29.67118173
0.00000000 0.00000000 0.00000000 1.00000000
60	60	61
0.95689701 0.01945925 0.28977483 135.95844231
-0.03562679 0.99808219 0.05062290 -36.78110529
-0.28823401 -0.05876465 0.95575513 -29.14896990
0.00000000 0.00000000 0.00000000 1.00000000
61	61	62
0.96317454 -0.01206892 0.26860591 136.81012943
0.00396470 0.99952098 0.03069343 -46.82361803
-0.26884768 -0.02849819 0.96276102 -28.78856590
0.00000000 0.00000000 0.00000000 1.00000000
62	62	63
0.96746594 -0.00748659 0.25289051 137.91040551
0.00037940 0.99960389 0.02814090 -57.35018113
-0.25300102 -0.02712942 0.96708556 -28.65654805
0.00000000 0.00000000 0.00000000 1.00000000
63	63	64
0.97184440 0.00255832 0.23560969 139.15795039
-0.00904393 0.99960922 0.02645041 -67.93590774
-0.23544995 -0.02783652 0.97148775 -28.59748472
0.00000000 0.00000000 0.00000000 1.00000000
64	64	65
0.97371128 0.00339862 0.22776040 139.87135783
-0.00987953 0.99957789 0.02732092 -77.97172558
-0.22757141 -0.02885285 0.97333384 -28.65982347
0.00000000 0.00000000 0.00000000 1.00000000
65	65	66
0.97512444 0.00597533 0.22157756 140.64934193
-0.01303424 0.99945255 0.03040900 -87.93021107
-0.22127455 -0.03254065 0.97466850 -28.61426893
0.00000000 0.00000000 0.00000000 1.00000000
66	66	67
0.97510080 0.00215160 0.22175164 141.94241373
-0.00923009 0.99948019 0.03088944 -97.76341651
-0.22156991 -0.03216710 0.97461380 -28.45384909
0.00000000 0.00000000 0.00000000 1.00000000
67	67	68
0.97811880 0.01271934 0.20765796 142.64892588
-0.01832831 0.99951669 0.02510896 -107.38497589
-0.20723823 -0.02836557 0.97787919 -28.34255843
0.00000000 0.00000000 0.00000000 1.00000000
68	68	69
0.98090702 0.00127100 0.19447315 143.43923029
-0.00482257 0.99983011 0.01779018 -117.83425080
-0.19441750 -0.01838837 0.98074650 -28.33174912
0.00000000 0.00000000 0.00000000 1.00000000
69	69	70
0.98654933 0.01144358 0.16306274 144.29818597
-0.01262156 0.99990119 0.00618991 -128.28525629
-0.16297580 -0.00816476 0.98659628 -28.40277992
0.00000000 0.00000000 0.00000000 1.00000000
70	70	71
0.98911719 0.00782698 0.14692149 145.46079993
-0.00814277 0.99996565 0.00154808 -137.90464039
-0.14690433 -0.00272758 0.98914694 -28.35997528
0.00000000 0.00000000 0.00000000 1.00000000
71	71	72
0.98981722 0.00445147 0.14227457 146.66125573
-0.00511625 0.99997764 0.00430700 -147.82150574
-0.14225222 -0.00499105 0.98981786 -28.40840736
0.00000000 0.00000000 0.00000000 1.00000000
72	72	73
0.99187003 0.00613443 0.12710706 147.76388986
-0.00741477 0.99992641 0.00960220 -158.38401742
-0.12703880 -0.01046660 0.99184252 -28.50310879
0.00000000 0.00000000 0.00000000 1.00000000
73	73	74
0.99444690 0.01494766 0.10417262 149.30401894
-0.01599742 0.99982926 0.00924889 -168.39487553
-0.10401659 -0.01086403 0.99451623 -28.53769264
0.00000000 0.00000000 0.00000000 1.00000000
74	74	75
0.99591674 0.03810738 0.08183933 150.91604082
-0.04010362 0.99893335 0.02288798 -179.16881857
-0.08087983 -0.02607657 0.99638269 -28.57647991
0.00000000 0.00000000 0.00000000 1.00000000
75	75	76
0.99809633 0.01669351 0.05937199 152.00347815
-0.01895559 0.99910767 0.03774322 -189.99410215
-0.05868895 -0.03879680 0.99752214 -28.40637073
0.00000000 0.00000000 0.00000000 1.00000000
76	76	77
0.99885344 0.03012028 0.03720999 153.19300206
-0.03154840 0.99876398 0.03840852 -200.68767659
-0.03600713 -0.03953840 0.99856908 -28.07718440
0.00000000 0.00000000 0.00000000 1.00000000
77	77	78
0.99946374 0.02966193 0.01387067 154.44993695
-0.03015768 0.99885960 0.03701376 -217.06884812
-0.01275695 -0.03741222 0.99921849 -27.47932899
0.00000000 0.00000000 0.00000000 1.00000000
78	78	79
0.99949828 0.03164391 -0.00136223 155.09780066
-0.03158333 0.99897746 0.03235022 -227.94630161
0.00238452 -0.03229097 0.99947567 -27.04359096
0.00000000 0.00000000 0.00000000 1.00000000
79	79	80
0.99945749 0.03011609 -0.01333232 155.16738943
-0.02966756 0.99902642 0.03265053 -233.28070162
0.01430264 -0.03223728 0.99937790 -26.81782858
0.00000000 0.00000000 0.00000000 1.00000000
80	80	81
0.99937255 0.02283166 -0.02707798 155.12522853
-0.02219146 0.99947249 0.02371246 -238.08602504
0.02760509 -0.02309668 0.99935204 -26.64946147
0.00000000 0.00000000 0.00000000 1.00000000
81	81	82
0.99854122 0.03063801 -0.04446061 155.16206263
-0.03032247 0.99951009 0.00775445 -242.65982111
0.04467641 -0.00639499 0.99898104 -26.53713856
0.00000000 0.00000000 0.00000000 1.00000000
82	82	83
0.99794805 0.00314366 -0.06395167 155.13119416
-0.00251332 0.99994749 0.00993446 -247.27517091
0.06397954 -0.00975334 0.99790355 -26.49382516
0.00000000 0.00000000 0.00000000 1.00000000
83	83	84
0.99612180 -0.01954198 -0.08578734 155.19663990
0.01982232 0.99980060 0.00241711 -255.84336863
0.08572300 -0.00410824 0.99631054 -26.43352287
0.00000000 0.00000000 0.00000000 1.00000000
84	84	85
0.99670198 -0.02305146 -0.07780614 155.69179602
0.02368505 0.99969332 0.00723016 -273.08537026
0.07761561 -0.00904916 0.99694229 -26.36751335
0.00000000 0.00000000 0.00000000 1.00000000
85	85	86
0.99395799 -0.01298474 -0.10899044 156.19500874
0.01427689 0.99983665 0.01108363 -285.44435726
0.10882872 -0.01257271 0.99398100 -26.35349635
0.00000000 0.00000000 0.00000000 1.00000000
86	86	87
0.99578836 0.01341272 -0.09069531 156.32573849
-0.00346316 0.99403767 0.10898222 -297.07078255
0.09161631 -0.10820913 0.98989759 -26.23383757
0.00000000 0.00000000 0.00000000 1.00000000
87	87	88
0.99677744 0.01935110 -0.07784769 155.67030314
-0.00635478 0.98646576 0.16384419 -307.55233645
0.07996465 -0.16282149 0.98340979 -25.07522892
0.00000000 0.00000000 0.00000000 1.00000000
88	88	89
0.99730663 0.02628426 -0.06847351 154.99527159
-0.01387414 0.98433320 0.17577163 -317.50621722
0.07202077 -0.17434820 0.98204670 -23.40610552
0.00000000 0.00000000 0.00000000 1.00000000
89	89	90
0.99798119 0.02378345 -0.05888884 154.14128625
-0.01373782 0.98612210 0.16545233 -327.70077070
0.06200662 -0.16430931 0.98445804 -21.24371841
0.00000000 0.00000000 0.00000000 1.00000000
90	90	91
0.99792554 0.02041042 -0.06105762 153.13051865
-0.01080291 0.98805456 0.15372536 -338.24445161
0.06346586 -0.15274686 0.98622537 -19.26343668
0.00000000 0.00000000 0.00000000 1.00000000
91	91	92
0.99818312 0.01873350 -0.05726709 152.33966548
-0.01365606 0.99604436 0.08780170 -348.04143619
0.05868539 -0.08686013 0.99449049 -17.73316388
0.00000000 0.00000000 0.00000000 1.00000000
92	92	93
0.99846398 0.00890883 -0.05468380 152.05490351
-0.00726938 0.99952026 0.03010656 -357.97850524
0.05492578 -0.02966280 0.99804974 -16.80041542
0.00000000 0.00000000 0.00000000 1.00000000
93	93	94
0.99929439 0.00768272 -0.03676556 152.77386471
-0.00671547 0.99962995 0.02636013 -368.37902328
0.03695447 -0.02609463 0.99897619 -16.37715949
0.00000000 0.00000000 0.00000000 1.00000000
94	94	95
0.99900561 0.00052615 -0.04458157 153.78625510
-0.00060798 0.99999816 -0.00182207 -378.04961452
0.04458053 0.00184736 0.99900409 -16.01826499
0.00000000 0.00000000 0.00000000 1.00000000
95	95	96
0.99965244 0.00242024 -0.02625135 155.06876398
-0.00235562 0.99999412 0.00249195 -388.29066129
0.02625722 -0.00242925 0.99965227 -16.13332862
0.00000000 0.00000000 0.00000000 1.00000000
96	96	97
0.99879606 0.00520822 -0.04877813 157.14892217
-0.00558548 0.99995551 -0.00760122 -399.17628549
0.04873637 0.00786452 0.99878071 -16.05803449
0.00000000 0.00000000 0.00000000 1.00000000
97	97	98
0.99930505 0.00397592 -0.03706222 159.33499756
-0.00408050 0.99998790 -0.00274665 -409.43782917
0.03705085 0.00289597 0.99930919 -15.96379220
0.00000000 0.00000000 0.00000000 1.00000000
98	98	99
0.99951175 -0.00339077 -0.03106067 161.07826147
0.00317427 0.99997034 -0.00701691 -420.55956517
0.03108354 0.00691489 0.99949287 -15.98706965
0.00000000 0.00000000 0.00000000 1.00000000
99	99	100
0.99894053 -0.00650125 -0.04555820 160.87316494
0.00607160 0.99993584 -0.00956287 -437.89098831
0.04561744 0.00927613 0.99891591 -16.20205620
0.00000000 0.00000000 0.00000000 1.00000000
100	100	101
0.99911456 0.02795615 -0.03144117 158.73869062
-0.02800962 0.99960686 -0.00126141 -443.07426901
0.03139354 0.00214095 0.99950481 -16.55225014
0.00000000 0.00000000 0.00000000 1.00000000
101	101	102
0.99972743 0.00883702 -0.02160974 156.65903277
-0.00904823 0.99991206 -0.00969570 -446.84464047
0.02152216 0.00988858 0.99971947 -16.79877344
0.00000000 0.00000000 0.00000000 1.00000000
102	102	103
0.99992261 -0.00690965 -0.01034510 154.56998214
0.00683944 0.99995344 -0.00680661 -450.24559808
0.01039165 0.00673533 0.99992332 -16.97625338
0.00000000 0.00000000 0.00000000 1.00000000
103	103	104
0.99990353 -0.00808477 0.01129443 151.53198550
0.00803603 0.99995823 0.00435451 -454.11555724
-0.01132917 -0.00426333 0.99992673 -17.11819404
0.00000000 0.00000000 0.00000000 1.00000000
104	104	105
0.99909756 0.02276802 0.03585641 147.18778694
-0.02316894 0.99967317 0.01080563 -457.23527467
-0.03559867 -0.01162663 0.99929853 -17.14068320
0.00000000 0.00000000 0.00000000 1.00000000
105	105	106
0.99881199 0.02281657 0.04305828 134.01625507
-0.02329650 0.99967158 0.01067731 -463.27758143
-0.04280052 -0.01166773 0.99901550 -17.07689353
0.00000000 0.00000000 0.00000000 1.00000000
106	106	107
0.99857601 0.02625353 0.04644028 122.11892887
-0.02629177 0.99965429 0.00021258 -468.45791817
-0.04641865 -0.00143328 0.99892105 -16.53144868
0.00000000 0.00000000 0.00000000 1.00000000
107	107	108
0.99700760 0.02782757 0.07212130 110.63129202
-0.02913101 0.99942959 0.01708427 -472.72778107
-0.07160475 -0.01913411 0.99724954 -15.93316127
0.00000000 0.00000000 0.00000000 1.00000000
108	108	109
0.99692098 0.02318195 0.07490768 100.41210711
-0.02484880 0.99946221 0.02139699 -476.31664565
-0.07437137 -0.02319248 0.99696089 -15.15627856
0.00000000 0.00000000 0.00000000 1.00000000
109	109	110
0.99612132 0.01947288 0.08580869 90.00194172
-0.02086032 0.99966529 0.01530208 -479.97514976
-0.08548199 -0.01703272 0.99619412 -14.37919615
0.00000000 0.00000000 0.00000000 1.00000000
110	110	111
0.99693022 0.02032170 0.07561193 80.48571023
-0.02179248 0.99958803 0.01867769 -483.23004806
-0.07520122 -0.02026813 0.99696238 -13.59072613
0.00000000 0.00000000 0.00000000 1.00000000
111	111	112
0.99828923 0.01201134 0.05722189 70.94001153
-0.01311828 0.99973326 0.01900859 -486.65976709
-0.05697831 -0.01972673 0.99818051 -12.87840532
0.00000000 0.00000000 0.00000000 1.00000000
112	112	113
0.99909577 -0.00376475 0.04234931 61.42336244
0.00313596 0.99988401 0.01490421 -490.28330261
-0.04240051 -0.01475793 0.99899169 -12.22365813
0.00000000 0.00000000 0.00000000 1.00000000
113	113	114
0.99936942 -0.00160941 0.03547076 49.34212649
0.00101294 0.99985790 0.01682745 -495.18498319
-0.03549281 -0.01678091 0.99922903 -11.40714545
0.00000000 0.00000000 0.00000000 1.00000000
114	114	115
0.99961208 0.01625474 0.02261596 44.15351717
-0.01664223 0.99971609 0.01705198 -495.93138603
-0.02233237 -0.01742175 0.99959879 -11.10965006
0.00000000 0.00000000 0.00000000 1.00000000
115	115	116
0.99966606 0.01724485 0.01924547 40.35319649
-0.01751501 0.99974916 0.01395828 -495.42624071
-0.01899994 -0.01429071 0.99971735 -10.94779551
0.00000000 0.00000000 0.00000000 1.00000000
116	116	117
0.99939701 0.02891995 0.01921596 36.29501152
-0.02913293 0.99951614 0.01089754 -494.30082994
-0.01889150 -0.01145079 0.99975597 -10.81746522
0.00000000 0.00000000 0.00000000 1.00000000
117	117	118
0.99909117 0.03851831 0.01825279 31.20830707
-0.03872125 0.99919062 0.01089801 -492.57814345
-0.01781825 -0.01159487 0.99977401 -10.65568800
0.00000000 0.00000000 0.00000000 1.00000000
118	118	119
0.99960453 0.01609899 0.02305647 24.20096172
-0.01631599 0.99982405 0.00925486 -489.55774284
-0.02290342 -0.00962739 0.99969133 -10.41336608
0.00000000 0.00000000 0.00000000 1.00000000
119	119	120
0.99949587 0.01149994 0.02959323 14.27115002
-0.01185810 0.99985821 0.01195599 -475.83168692
-0.02945154 -0.01230088 0.99949052 -10.16301603
0.00000000 0.00000000 0.00000000 1.00000000
120	120	121
0.99975069 0.01087787 0.01949935 10.95282884
-0.01096842 0.99992953 0.00454298 -464.44460889
-0.01944856 -0.00475572 0.99979955 -10.25199450
0.00000000 0.00000000 0.00000000 1.00000000
121	121	122
0.99978865 0.00958833 0.01818542 8.03953130
-0.00967332 0.99994267 0.00459120 -453.96333122
-0.01814035 -0.00476615 0.99982409 -10.25992784
0.00000000 0.00000000 0.00000000 1.00000000
122	122	123
0.99979409 0.01976523 0.00459558 4.93153921
-0.01981167 0.99975077 0.01029012 -443.06263522
-0.00439105 -0.01037905 0.99993649 -10.32974363
0.00000000 0.00000000 0.00000000 1.00000000
123	123	124
0.99982381 0.01714759 0.00763583 1.56887690
-0.01725057 0.99975828 0.01363098 -430.76168702
-0.00740025 -0.01376030 0.99987794 -10.57585353
0.00000000 0.00000000 0.00000000 1.00000000
124	124	125
0.99959400 0.01920449 0.02104826 0.79529095
-0.01941895 0.99976110 0.01003255 -422.33565976
-0.02085056 -0.01043721 0.99972812 -10.75363276
0.00000000 0.00000000 0.00000000 1.00000000
125	125	126
0.99965774 0.01619583 0.02054516 1.44565801
-0.01613763 0.99986529 -0.00299558 -416.45139498
-0.02059091 0.00266301 0.99978444 -10.79407044
0.00000000 0.00000000 0.00000000 1.00000000
126	126	127
0.99962989 0.01278491 0.02401315 3.23047088
-0.01262749 0.99989785 -0.00669581 -409.86042959
-0.02409631 0.00639011 0.99968922 -10.81110515
0.00000000 0.00000000 0.00000000 1.00000000
127	127	128
0.99959996 0.00789603 0.02715815 6.46052723
-0.00778402 0.99996077 -0.00422764 -402.30224004
-0.02719047 0.00401454 0.99962221 -10.80450535
0.00000000 0.00000000 0.00000000 1.00000000
128	128	129
0.99947331 -0.00293919 0.03231824 9.95673920
0.00280416 0.99998715 0.00422278 -395.48912457
-0.03233023 -0.00412993 0.99946871 -10.95998832
0.00000000 0.00000000 0.00000000 1.00000000
129	129	130
0.99880042 -0.03086077 0.03801758 12.35949222
0.03118720 0.99948136 -0.00802302 -389.53438660
-0.03775027 0.00919906 0.99924486 -11.08515885
0.00000000 0.00000000 0.00000000 1.00000000
130	130	131
0.99861436 -0.02827133 0.04438563 14.07719015
0.02811246 0.99959595 0.00419953 -383.39054958
-0.04448642 -0.00294593 0.99900565 -11.16259171
0.00000000 0.00000000 0.00000000 1.00000000
131	131	132
0.99853580 -0.01632161 0.05157379 14.91990365
0.01570711 0.99980100 0.01229790 -376.62776384
-0.05176425 -0.01146982 0.99859346 -11.26277048
0.00000000 0.00000000 0.00000000 1.00000000
132	132	133
0.99818346 -0.01395627 0.05860882 13.56163717
0.01278863 0.99971314 0.02025069 -372.31996178
-0.05887463 -0.01946438 0.99807561 -11.31550036
0.00000000 0.00000000 0.00000000 1.00000000
133	133	134
0.99710856 -0.03679085 0.06649027 10.53828354
0.03481770 0.99892525 0.03059520 -371.67386021
-0.06754444 -0.02819170 0.99731789 -11.18748740
0.00000000 0.00000000 0.00000000 1.00000000
134	134	135
0.99709897 -0.01848549 0.07383723 7.57367374
0.01525527 0.99891175 0.04407482 -371.30281864
-0.07457162 -0.04282055 0.99629588 -11.04223845
0.00000000 0.00000000 0.00000000 1.00000000
135	135	136
0.99634299 -0.03316782 0.07874351 4.61435873
0.02867119 0.99793001 0.05756442 -371.86645580
-0.08048980 -0.05509623 0.99523153 -10.80660635
0.00000000 0.00000000 0.00000000 1.00000000
136	136	137
0.99646113 -0.05209133 0.06596755 2.01946409
0.04809019 0.99698752 0.06085413 -373.60468972
-0.06893880 -0.05746638 0.99596439 -10.49147059
0.00000000 0.00000000 0.00000000 1.00000000
137	137	138
0.99685932 0.03289340 0.07203837 0.35805340
-0.03738504 0.99738092 0.06191660 -376.05291511
-0.06981305 -0.06441529 0.99547818 -10.23832090
0.00000000 0.00000000 0.00000000 1.00000000
138	138	139
0.99304797 -0.07485962 0.09083920 -0.93886069
0.07042384 0.99620768 0.05109549 -378.71111419
-0.09431970 -0.04434302 0.99455392 -9.99454376
0.00000000 0.00000000 0.00000000 1.00000000
139	139	140
0.98295636 0.00463022 0.18378075 -1.39232245
0.00068822 0.99958309 -0.02886472 -381.75253326
-0.18383778 0.02849924 0.98254337 -9.80996072
0.00000000 0.00000000 0.00000000 1.00000000
140	140	141
0.98696494 0.04184693 0.15539964 -23.72769711
-0.03386276 0.99798408 -0.05367584 -371.37845461
-0.15733254 0.04771392 0.98639234 -6.02648210
0.00000000 0.00000000 0.00000000 1.00000000
141	141	142
0.99139556 0.03943045 0.12482023 -22.95192859
-0.02806605 0.99540674 -0.09152989 -384.93967612
-0.12785596 0.08723911 0.98794848 -7.21978721
0.00000000 0.00000000 0.00000000 1.00000000
142	142	143
0.99609068 0.02996169 0.08310025 -18.53783539
-0.02146628 0.99462406 -0.10130245 -394.76270703
-0.08568870 0.09912257 0.99137892 -8.92489298
0.00000000 0.00000000 0.00000000 1.00000000
143	143	144
0.99955064 0.02033937 0.02201867 -14.38785895
-0.01867539 0.99713465 -0.07330568 -402.74008665
-0.02344657 0.07286153 0.99706643 -10.23785667
0.00000000 0.00000000 0.00000000 1.00000000
144	144	145
0.99799288 0.01972116 -0.06017714 -10.16302215
-0.02021270 0.99976704 -0.00757035 -410.44543074
0.06001382 0.00877150 0.99815901 -11.01147013
0.00000000 0.00000000 0.00000000 1.00000000
145	145	146
0.99808548 0.00462152 -0.06167672 -5.74642912
-0.00557607 0.99986719 -0.01531357 -418.58275109
0.06159775 0.01562817 0.99797870 -10.96018493
0.00000000 0.00000000 0.00000000 1.00000000
146	146	147
0.99698114 0.01160203 -0.07677244 -1.21731855
-0.01245825 0.99986532 -0.01068315 -427.76046449
0.07663815 0.01160735 0.99699141 -10.83656715
0.00000000 0.00000000 0.00000000 1.00000000
147	147	148
0.99703415 0.02889998 -0.07132811 2.83845257
-0.02987190 0.99947435 -0.01259698 -438.39805882
0.07092657 0.01469033 0.99737336 -10.44162325
0.00000000 0.00000000 0.00000000 1.00000000
148	148	149
0.99779342 -0.01456796 -0.06477712 5.92649036
0.01235000 0.99932806 -0.03450943 -449.54807074
0.06523632 0.03363329 0.99730287 -10.25983346
0.00000000 0.00000000 0.00000000 1.00000000
149	149	150
0.99728364 0.00532288 -0.07346435 8.94217428
-0.00720594 0.99965162 -0.02539106 -459.03141817
0.07330361 0.02585147 0.99697456 -10.29046305
0.00000000 0.00000000 0.00000000 1.00000000
150	150	151
0.99751788 0.00404855 -0.07029719 11.65836312
-0.00602157 0.99959320 -0.02787772 -468.47193028
0.07015573 0.02823183 0.99713647 -10.26102961
0.00000000 0.00000000 0.00000000 1.00000000
151	151	152
0.99725932 0.00409815 -0.07387188 14.10248830
-0.00623300 0.99956886 -0.02869205 -477.84581771
0.07372244 0.02907386 0.99685491 -10.28524813
0.00000000 0.00000000 0.00000000 1.00000000
152	152	153
0.99723965 0.00208553 -0.07422076 16.82883830
-0.00474683 0.99935134 -0.03569818 -487.93115802
0.07409817 0.03595195 0.99660269 -10.28069118
0.00000000 0.00000000 0.00000000 1.00000000
153	153	154
0.99775255 0.00021440 -0.06700603 19.30192608
-0.00288887 0.99920271 -0.03981951 -497.50250615
0.06694407 0.03992359 0.99695767 -10.32384126
0.00000000 0.00000000 0.00000000 1.00000000
154	154	155
0.99825847 -0.02549230 -0.05319928 22.05806454
0.02286139 0.99851297 -0.04948953 -507.60706695
0.05438178 0.04818713 0.99735682 -10.49914969
0.00000000 0.00000000 0.00000000 1.00000000
155	155	156
0.99827445 -0.02915780 -0.05097008 25.07909860
0.02699001 0.99872272 -0.04271368 -517.39256259
0.05215041 0.04126429 0.99778635 -10.79978485
0.00000000 0.00000000 0.00000000 1.00000000
156	156	157
0.99894304 -0.00491368 -0.04570179 28.15912918
0.00373208 0.99965747 -0.02590391 -526.95357234
0.04581342 0.02570597 0.99861921 -10.98177212
0.00000000 0.00000000 0.00000000 1.00000000
157	157	158
0.99875161 0.01555549 -0.04746831 31.12229758
-0.01529864 0.99986632 0.00576946 -536.33487945
0.04755171 -0.00503606 0.99885608 -10.94389011
0.00000000 0.00000000 0.00000000 1.00000000
158	158	159
0.99890543 0.02253071 -0.04099168 33.98827665
-0.02231690 0.99973489 0.00566611 -546.67887850
0.04110847 -0.00474510 0.99914342 -10.70231335
0.00000000 0.00000000 0.00000000 1.00000000
159	159	160
0.99904944 0.02417099 -0.03627634 36.65942047
-0.02386909 0.99967696 0.00873224 -556.37033387
0.03647568 -0.00785806 0.99930365 -10.45905684
0.00000000 0.00000000 0.00000000 1.00000000
160	160	161
0.99877307 0.02411577 -0.04325266 39.20454889
-0.02383043 0.99969080 0.00710058 -566.13621855
0.04341052 -0.00606114 0.99903893 -10.25493587
0.00000000 0.00000000 0.00000000 1.00000000
161	161	162
0.99916897 0.02623810 -0.03119188 41.45070813
-0.02626324 0.99965498 -0.00039629 -575.32239117
0.03117072 0.00121516 0.99951334 -10.07823417
0.00000000 0.00000000 0.00000000 1.00000000
162	162	163
0.99965378 0.01328312 -0.02271295 43.89027224
-0.01333208 0.99990911 -0.00200558 -585.03524250
0.02268425 0.00230769 0.99974002 -9.91515530
0.00000000 0.00000000 0.00000000 1.00000000
163	163	164
0.99987294 0.00866540 -0.01337928 46.45667324
-0.00873166 0.99994986 -0.00490194 -594.30006507
0.01333613 0.00501814 0.99989848 -9.86676720
0.00000000 0.00000000 0.00000000 1.00000000
164	164	165
0.99996706 0.00552947 -0.00594249 49.20437819
-0.00557384 0.99995652 -0.00747548 -604.26245515
0.00590090 0.00750835 0.99995440 -9.84734623
0.00000000 0.00000000 0.00000000 1.00000000
165	165	166
0.99994402 0.00879045 0.00588874 52.11374056
-0.00868624 0.99980921 -0.01749556 -614.35433117
-0.00604141 0.01744343 0.99982960 -9.89488878
0.00000000 0.00000000 0.00000000 1.00000000
166	166	167
0.99990855 0.00415424 0.01286995 55.98641375
-0.00387998 0.99976640 -0.02126225 -628.54071145
-0.01295528 0.02121037 0.99969109 -10.14333644
0.00000000 0.00000000 0.00000000 1.00000000
167	167	168
0.99979923 0.00295338 0.01981865 58.21035991
-0.00258524 0.99982412 -0.01857516 -638.90264123
-0.01987003 0.01852019 0.99963102 -10.17854423
0.00000000 0.00000000 0.00000000 1.00000000
168	168	169
0.99984196 -0.00251901 0.01759858 57.72469467
0.00246326 0.99999188 0.00318930 -642.80414721
-0.01760647 -0.00314545 0.99984005 -10.16854258
0.00000000 0.00000000 0.00000000 1.00000000
169	169	170
0.99936534 -0.01773171 0.03089489 56.39961175
0.01773602 0.99984270 0.00013451 -646.32864483
-0.03089241 0.00041353 0.99952263 -10.06655036
0.00000000 0.00000000 0.00000000 1.00000000
170	170	171
0.99905294 -0.01125755 0.04202970 54.29120034
0.01114224 0.99993349 0.00297686 -650.38889826
-0.04206041 -0.00250574 0.99911193 -9.94533622
0.00000000 0.00000000 0.00000000 1.00000000
171	171	172
0.99894197 0.00846855 0.04520198 50.88058339
-0.00879115 0.99993725 0.00694279 -655.07901265
-0.04514035 -0.00733283 0.99895374 -9.76341085
0.00000000 0.00000000 0.00000000 1.00000000
172	172	173
0.99772282 0.03926055 0.05484322 44.26162467
-0.03971744 0.99918454 0.00726549 -661.69107905
-0.05451325 -0.00942718 0.99846854 -9.31945943
0.00000000 0.00000000 0.00000000 1.00000000
173	173	174
0.99750063 0.01176430 0.06967140 24.88752807
-0.01257827 0.99985754 0.01125582 -666.96522905
-0.06952905 -0.01210404 0.99750649 -8.13887950
0.00000000 0.00000000 0.00000000 1.00000000
174	174	175
0.99757349 0.01181792 0.06861106 14.00805746
-0.01253950 0.99987041 0.01009585 -667.71567934
-0.06848285 -0.01093170 0.99759240 -7.57506532
0.00000000 0.00000000 0.00000000 1.00000000
175	175	176
0.99780335 0.01078723 0.06536140 5.57810553
-0.01160625 0.99985866 0.01216379 -668.21445019
-0.06522095 -0.01289567 0.99778752 -7.10273097
0.00000000 0.00000000 0.00000000 1.00000000
176	176	177
0.99691020 0.04199980 0.06637825 -3.53302265
-0.04291735 0.99900096 0.01245739 -668.51306312
-0.06578873 -0.01526768 0.99771676 -6.63567199
0.00000000 0.00000000 0.00000000 1.00000000
177	177	178
0.99936227 0.01926618 0.03006444 -11.89816641
-0.01952627 0.99977421 0.00838139 -668.65986078
-0.02989617 -0.00896309 0.99951282 -6.04887907
0.00000000 0.00000000 0.00000000 1.00000000
178	178	179
0.99815319 -0.05400266 -0.02781961 -18.55861066
0.05402691 0.99853947 0.00012044 -669.31247500
0.02777248 -0.00162322 0.99961295 -5.77809821
0.00000000 0.00000000 0.00000000 1.00000000
179	179	180
0.99879871 -0.02132657 -0.04411710 -24.84384705
0.02154764 0.99975751 0.00454152 -671.04000349
0.04400954 -0.00548669 0.99901604 -5.88224063
0.00000000 0.00000000 0.00000000 1.00000000
180	180	181
0.99890630 0.00457805 -0.04653230 -31.19017028
-0.00387894 0.99987841 0.01510337 -673.73060819
0.04659578 -0.01490635 0.99880260 -6.09782252
0.00000000 0.00000000 0.00000000 1.00000000
181	181	182
0.99939502 0.02963293 -0.01820654 -38.11842968
-0.02883466 0.99867409 0.04264544 -677.41519275
0.01944611 -0.04209466 0.99892437 -6.29479407
0.00000000 0.00000000 0.00000000 1.00000000
182	182	183
0.99995199 -0.00796344 0.00571027 -45.31470822
0.00756051 0.99769642 0.06741440 -682.74000485
-0.00623397 -0.06736799 0.99770872 -6.09550746
0.00000000 0.00000000 0.00000000 1.00000000
183	183	184
0.99992043 -0.00883133 -0.00900784 -53.70873695
0.00951856 0.99680184 0.07934415 -694.97780603
0.00827832 -0.07942358 0.99680658 -4.87052589
0.00000000 0.00000000 0.00000000 1.00000000
184	184	185
0.99981060 0.01921189 0.00310859 -57.14886385
-0.01944597 0.99260609 0.11981241 -706.25245242
-0.00078378 -0.11985017 0.99279168 -4.03955091
0.00000000 0.00000000 0.00000000 1.00000000
185	185	186
0.99988436 0.00329845 0.01484575 -59.57750758
-0.00519578 0.99154754 0.12963977 -716.87222361
-0.01429266 -0.12970192 0.99145002 -2.63103536
0.00000000 0.00000000 0.00000000 1.00000000
186	186	187
0.99775987 0.04158422 -0.05240230 -62.18630333
-0.04760937 0.99168720 -0.11954016 -728.62540496
0.04699571 0.12176721 0.99144548 -0.90305958
0.00000000 0.00000000 0.00000000 1.00000000
187	187	188
0.99983193 0.00979288 -0.01549854 -67.41989295
-0.00957798 0.99985780 0.01387981 -746.06875720
0.01563226 -0.01372903 0.99978355 -3.34611851
0.00000000 0.00000000 0.00000000 1.00000000
188	188	189
0.99982109 0.01331025 -0.01343974 -68.97201249
-0.01315678 0.99984796 0.01144373 -751.96827550
0.01359001 -0.01126485 0.99984420 -3.40081780
0.00000000 0.00000000 0.00000000 1.00000000
189	189	190
0.99995283 0.00877136 -0.00417040 -70.55909471
-0.00864998 0.99956253 0.02828304 -757.57271791
0.00441666 -0.02824564 0.99959126 -3.50747475
0.00000000 0.00000000 0.00000000 1.00000000
190	190	191
0.99995821 0.00911970 0.00064147 -71.86917051
-0.00913220 0.99968505 0.02337535 -762.69722442
-0.00042809 -0.02338023 0.99972655 -3.55089292
0.00000000 0.00000000 0.00000000 1.00000000
191	191	192
0.99989019 0.01475222 0.00140857 -73.09544169
-0.01478199 0.99959797 0.02419499 -767.85763233
-0.00105107 -0.02421316 0.99970627 -3.61504938
0.00000000 0.00000000 0.00000000 1.00000000
192	192	193
0.99994841 -0.00981196 0.00262741 -74.39313876
0.00972767 0.99949129 0.03037323 -773.39482582
-0.00292410 -0.03034610 0.99953517 -3.70035194
0.00000000 0.00000000 0.00000000 1.00000000
193	193	194
0.99982230 -0.01757437 0.00681989 -77.78990668
0.01737626 0.99945421 0.02809527 -787.11295177
-0.00730992 -0.02797177 0.99958199 -3.81318170
0.00000000 0.00000000 0.00000000 1.00000000
194	194	195
0.99198977 0.12568762 0.01260636 -80.73871006
-0.12591332 0.99185782 0.01907628 -794.18082060
-0.01010606 -0.02051079 0.99973855 -3.80614076
0.00000000 0.00000000 0.00000000 1.00000000
195	195	196
0.99727993 0.07219271 0.01486485 -85.67048230
-0.07248388 0.99716740 0.02008121 -800.33075798
-0.01337302 -0.02110405 0.99968784 -3.86981360
0.00000000 0.00000000 0.00000000 1.00000000
196	196	197
0.99904121 0.03587572 0.02509169 -92.44460936
-0.03656891 0.99894617 0.02773544 -807.24916968
-0.02407022 -0.02862643 0.99930033 -3.92724638
0.00000000 0.00000000 0.00000000 1.00000000
197	197	198
0.99873578 -0.00886269 0.04948018 -102.58703532
0.00634559 0.99868878 0.05079818 -814.15228598
-0.04986551 -0.05041998 0.99748246 -3.82281299
0.00000000 0.00000000 0.00000000 1.00000000
198	198	199
0.99520506 -0.07185334 0.06636257 -115.40900317
0.06571711 0.99373243 0.09042741 -818.42342221
-0.07244415 -0.08563266 0.99368954 -3.33599841
0.00000000 0.00000000 0.00000000 1.00000000
199	199	200
0.99584935 -0.05567374 0.07200356 -127.06246876
0.04974715 0.99541990 0.08163600 -821.02075114
-0.07621876 -0.07771518 0.99405787 -2.63029055
