0	0	1
1.00000000 0.00000000 0.00000000 0.00000000
0.00000000 1.00000000 0.00000000 0.00000000
0.00000000 0.00000000 1.00000000 0.00000000
0.00000000 0.00000000 0.00000000 1.00000000
1	1	2
0.99999832 0.00134040 -0.00125408 -7.64815400
-0.00133960 0.99999890 0.00063384 13.26337900
0.00125492 -0.00063216 0.99999901 -0.05906900
0.00000000 0.00000000 0.00000000 1.00000000
2	2	3
0.99999912 0.00057483 -0.00119908 -12.30994386
-0.00057658 0.99999877 -0.00146021 23.38906002
0.00119824 0.00146090 0.99999821 -0.06316705
0.00000000 0.00000000 0.00000000 1.00000000
3	3	4
0.99999729 0.00203402 -0.00113548 -16.80485614
-0.00203646 0.99999562 -0.00214830 32.44663589
0.00113110 0.00215060 0.99999705 -0.10600591
0.00000000 0.00000000 0.00000000 1.00000000
4	4	5
0.99999613 0.00235198 -0.00148503 -21.42608970
-0.00235352 0.99999670 -0.00103253 41.83920144
0.00148260 0.00103602 0.99999836 -0.19630508
0.00000000 0.00000000 0.00000000 1.00000000
5	5	6
0.99999747 0.00200189 -0.00102929 -25.85079699
-0.00200426 0.99999535 -0.00229952 50.71731862
0.00102468 0.00230158 0.99999683 -0.33949058
0.00000000 0.00000000 0.00000000 1.00000000
6	6	7
0.99999973 0.00061633 -0.00039098 -30.29463335
-0.00061699 0.99999840 -0.00168086 59.85467759
0.00038994 0.00168110 0.99999851 -0.42583256
0.00000000 0.00000000 0.00000000 1.00000000
7	7	8
0.99999873 -0.00006340 -0.00159513 -34.78651420
0.00006275 0.99999992 -0.00040403 68.62268761
0.00159515 0.00040392 0.99999865 -0.56117673
0.00000000 0.00000000 0.00000000 1.00000000
8	8	9
0.99998946 -0.00000864 -0.00459210 -39.38954145
0.00000494 0.99999968 -0.00080613 77.30991404
0.00459211 0.00080610 0.99998913 -0.63128337
0.00000000 0.00000000 0.00000000 1.00000000
9	9	10
0.99998514 -0.00208279 -0.00503719 -43.89340821
0.00207439 0.99999645 -0.00167209 85.88315737
0.00504066 0.00166162 0.99998592 -0.70048292
0.00000000 0.00000000 0.00000000 1.00000000
10	10	11
0.99998671 -0.00222682 -0.00465019 -48.61653920
0.00222768 0.99999750 0.00017975 95.09538689
0.00464977 -0.00019010 0.99998917 -0.72054151
0.00000000 0.00000000 0.00000000 1.00000000
11	11	12
0.99999529 -0.00162440 -0.00260560 -53.24255856
0.00162339 0.99999861 -0.00038982 104.30875518
0.00260623 0.00038559 0.99999653 -0.69423273
0.00000000 0.00000000 0.00000000 1.00000000
12	12	13
0.99999947 -0.00082746 -0.00061415 -58.31878866
0.00082625 0.99999771 -0.00197638 114.20398415
0.00061579 0.00197587 0.99999786 -0.60835378
0.00000000 0.00000000 0.00000000 1.00000000
13	13	14
0.99999879 -0.00069367 -0.00139099 -63.65960813
0.00069063 0.99999737 -0.00218797 124.49544043
0.00139251 0.00218701 0.99999664 -0.38051444
0.00000000 0.00000000 0.00000000 1.00000000
14	14	15
0.99999883 -0.00129155 -0.00082311 -69.07253785
0.00128984 0.99999702 -0.00207241 136.34067721
0.00082578 0.00207134 0.99999751 -0.30850349
0.00000000 0.00000000 0.00000000 1.00000000
15	15	16
0.99999686 -0.00218262 -0.00123099 -72.10487561
0.00217998 0.99999533 -0.00214211 147.88049412
0.00123566 0.00213942 0.99999695 -0.61290245
0.00000000 0.00000000 0.00000000 1.00000000
16	16	17
0.99999852 -0.00170772 -0.00019472 -71.91759488
0.00170727 0.99999594 -0.00227960 151.86896673
0.00019861 0.00227926 0.99999738 -0.68496041
0.00000000 0.00000000 0.00000000 1.00000000
17	17	18
0.99999672 -0.00252771 -0.00040475 -71.04587279
0.00252679 0.99999424 -0.00226404 155.34696048
0.00041047 0.00226301 0.99999736 -0.81410909
0.00000000 0.00000000 0.00000000 1.00000000
18	18	19
0.99999163 -0.00334268 -0.00235880 -69.39334519
0.00333737 0.99999190 -0.00225127 159.26103549
0.00236630 0.00224338 0.99999468 -0.90991295
0.00000000 0.00000000 0.00000000 1.00000000
19	19	20
0.99999109 -0.00340902 -0.00248772 -66.84374557
0.00340410 0.99999225 -0.00197871 164.34376277
0.00249444 0.00197022 0.99999495 -1.03734580
0.00000000 0.00000000 0.00000000 1.00000000
20	20	21
0.99998989 -0.00412047 -0.00179866 -60.17044642
0.00411569 0.99998800 -0.00265712 171.84337714
0.00180958 0.00264969 0.99999485 -1.49965091
0.00000000 0.00000000 0.00000000 1.00000000
21	21	22
0.99999050 -0.00391539 -0.00191368 -45.96212547
0.00391246 0.99999117 -0.00153257 179.39347550
0.00191966 0.00152507 0.99999699 -1.78682489
0.00000000 0.00000000 0.00000000 1.00000000
22	22	23
0.99999140 -0.00387135 -0.00148490 -36.09442577
0.00386955 0.99999177 -0.00121690 183.43842152
0.00148960 0.00121115 0.99999816 -1.95464209
0.00000000 0.00000000 0.00000000 1.00000000
23	23	24
0.99999497 -0.00313262 -0.00048797 -26.92956202
0.00313190 0.99999400 -0.00148191 186.83797250
0.00049261 0.00148038 0.99999878 -1.98846319
0.00000000 0.00000000 0.00000000 1.00000000
24	24	25
0.99999482 -0.00289810 -0.00140074 -17.63893346
0.00289754 0.99999572 -0.00039766 190.44294336
0.00140189 0.00039360 0.99999894 -2.14742895
0.00000000 0.00000000 0.00000000 1.00000000
25	25	26
0.99999443 -0.00282956 -0.00177189 -7.63194734
0.00282834 0.99999576 -0.00069372 194.19423078
0.00177385 0.00068871 0.99999819 -2.29145346
0.00000000 0.00000000 0.00000000 1.00000000
26	26	27
0.99999575 -0.00284253 -0.00064680 2.19071851
0.00284183 0.99999538 -0.00107754 197.97947753
0.00064986 0.00107569 0.99999921 -2.38952256
0.00000000 0.00000000 0.00000000 1.00000000
27	27	28
0.99999746 -0.00222762 -0.00035237 11.89275540
0.00222718 0.99999674 -0.00124879 201.69372952
0.00035515 0.00124800 0.99999916 -2.44924875
0.00000000 0.00000000 0.00000000 1.00000000
28	28	29
0.99999870 -0.00158140 -0.00031462 21.21475989
0.00158122 0.99999858 -0.00058972 205.32475135
0.00031555 0.00058922 0.99999978 -2.50250702
0.00000000 0.00000000 0.00000000 1.00000000
29	29	30
0.99999701 -0.00243262 -0.00025913 31.15301799
0.00243317 0.99999471 0.00215740 209.06102111
0.00025389 -0.00215802 0.99999764 -2.51706643
0.00000000 0.00000000 0.00000000 1.00000000
30	30	31
0.99999324 -0.00288001 -0.00228507 41.36015119
0.00288959 0.99998700 0.00420151 212.85481784
0.00227294 -0.00420808 0.99998856 -2.43373247
0.00000000 0.00000000 0.00000000 1.00000000
31	31	32
0.99999656 -0.00239504 -0.00106518 52.48196244
0.00239853 0.99999170 0.00329373 216.52512715
0.00105728 -0.00329628 0.99999401 -2.20551527
0.00000000 0.00000000 0.00000000 1.00000000
32	32	33
0.99999404 -0.00342252 -0.00046262 60.61856715
0.00342433 0.99998628 0.00396399 217.58799716
0.00044905 -0.00396555 0.99999204 -1.77665101
0.00000000 0.00000000 0.00000000 1.00000000
33	33	34
0.99999095 -0.00419885 0.00069244 65.26890099
0.00419710 0.99998805 0.00250789 216.66933449
-0.00070296 -0.00250496 0.99999662 -1.54127610
0.00000000 0.00000000 0.00000000 1.00000000
34	34	35
0.99999077 -0.00425318 0.00060428 69.33545261
0.00425134 0.99998641 0.00301852 214.97786351
-0.00061711 -0.00301592 0.99999526 -1.36236314
0.00000000 0.00000000 0.00000000 1.00000000
35	35	36
0.99998875 -0.00471416 -0.00052627 74.03547456
0.00471556 0.99998526 0.00269195 212.38371742
0.00051357 -0.00269440 0.99999624 -1.23222530
0.00000000 0.00000000 0.00000000 1.00000000
36	36	37
0.99999163 -0.00408353 0.00025679 79.87011741
0.00408255 0.99998481 0.00370340 208.29073854
-0.00027191 -0.00370232 0.99999311 -1.06641143
0.00000000 0.00000000 0.00000000 1.00000000
37	37	38
0.99999133 -0.00400713 0.00113334 88.22847935
0.00400192 0.99998161 0.00455694 197.68948752
-0.00115158 -0.00455236 0.99998897 -0.59828128
0.00000000 0.00000000 0.00000000 1.00000000
38	38	39
0.99999463 -0.00322412 -0.00059456 90.52730270
0.00322678 0.99998455 0.00452719 186.76708262
0.00057996 -0.00452909 0.99998958 -0.54784290
0.00000000 0.00000000 0.00000000 1.00000000
39	39	40
0.99999235 -0.00385811 -0.00064661 91.76678853
0.00386101 0.99998224 0.00454101 177.50697939
0.00062908 -0.00454347 0.99998948 -0.49314813
0.00000000 0.00000000 0.00000000 1.00000000
40	40	41
0.99999420 -0.00334693 -0.00063103 93.05558168
0.00334897 0.99998905 0.00326807 168.59796813
0.00062008 -0.00327016 0.99999446 -0.37614582
0.00000000 0.00000000 0.00000000 1.00000000
41	41	42
0.99999599 -0.00271280 -0.00081559 94.59450396
0.00271560 0.99999035 0.00345451 158.59053103
0.00080621 -0.00345671 0.99999370 -0.20599504
0.00000000 0.00000000 0.00000000 1.00000000
42	42	43
0.99999210 -0.00395020 -0.00044423 96.43438991
0.00395211 0.99998253 0.00439624 147.56634071
0.00042685 -0.00439796 0.99999024 0.05029921
0.00000000 0.00000000 0.00000000 1.00000000
43	43	44
0.99999361 -0.00351744 -0.00064059 97.97181767
0.00351995 0.99998598 0.00395651 137.00608918
0.00062666 -0.00395874 0.99999197 0.19818063
0.00000000 0.00000000 0.00000000 1.00000000
44	44	45
0.99999453 -0.00329301 -0.00031053 99.64517138
0.00329385 0.99999075 0.00276713 125.93012214
0.00030142 -0.00276814 0.99999612 0.27993081
0.00000000 0.00000000 0.00000000 1.00000000
45	45	46
0.99999630 -0.00263106 -0.00068825 101.22894709
0.00263289 0.99999297 0.00267101 115.00746888
0.00068122 -0.00267282 0.99999620 0.35600396
0.00000000 0.00000000 0.00000000 1.00000000
46	46	47
0.99999856 -0.00165487 -0.00038151 102.63514236
0.00165601 0.99999405 0.00302567 104.33908803
0.00037650 -0.00302630 0.99999535 0.55810847
0.00000000 0.00000000 0.00000000 1.00000000
47	47	48
0.99999836 -0.00150868 -0.00100094 104.48065096
0.00151197 0.99999341 0.00329969 92.65235611
0.00099596 -0.00330120 0.99999406 0.86388687
0.00000000 0.00000000 0.00000000 1.00000000
48	48	49
0.99999789 -0.00205479 -0.00004057 108.38783633
0.00205490 0.99999311 0.00309240 75.09104879
0.00003422 -0.00309248 0.99999522 0.97483739
0.00000000 0.00000000 0.00000000 1.00000000
49	49	50
0.99999854 -0.00143571 0.00092572 110.01282335
0.00143300 0.99999470 0.00292359 67.59173834
-0.00092992 -0.00292226 0.99999530 0.82701810
0.00000000 0.00000000 0.00000000 1.00000000
50	50	51
0.99999846 -0.00124047 -0.00124134 111.16300038
0.00124599 0.99998928 0.00445868 61.27170911
0.00123579 -0.00446022 0.99998929 0.81613167
0.00000000 0.00000000 0.00000000 1.00000000
51	51	52
0.99999579 -0.00088942 -0.00276282 112.15732163
0.00090042 0.99999167 0.00398155 55.49280845
0.00275926 -0.00398402 0.99998826 0.75985004
0.00000000 0.00000000 0.00000000 1.00000000
52	52	53
0.99998566 -0.00187217 -0.00501654 113.28208114
0.00189116 0.99999105 0.00378440 50.54551146
0.00500941 -0.00379384 0.99998026 0.67206904
0.00000000 0.00000000 0.00000000 1.00000000
53	53	54
0.99999578 -0.00163082 -0.00240631 114.45176445
0.00163822 0.99999393 0.00307401 44.93916869
0.00240128 -0.00307794 0.99999238 0.55515781
0.00000000 0.00000000 0.00000000 1.00000000
54	54	55
0.99999098 -0.00056680 -0.00420831 116.24252660
0.00057976 0.99999509 0.00307901 32.96747947
0.00420654 -0.00308142 0.99998640 0.39378418
0.00000000 0.00000000 0.00000000 1.00000000
55	55	56
0.99997994 0.00012235 -0.00633247 117.66013109
-0.00011168 0.99999857 0.00168502 21.72266155
0.00633267 -0.00168428 0.99997853 0.55151876
0.00000000 0.00000000 0.00000000 1.00000000
56	56	57
0.99998254 0.00110468 -0.00580514 119.30826344
-0.00109171 0.99999690 0.00223720 10.48140032
0.00580759 -0.00223082 0.99998065 0.65595046
0.00000000 0.00000000 0.00000000 1.00000000
57	57	58
0.99998638 0.00017452 -0.00521617 121.05139351
-0.00016302 0.99999756 0.00220483 -1.37693726
0.00521654 -0.00220395 0.99998397 0.87415326
0.00000000 0.00000000 0.00000000 1.00000000
58	58	59
0.99999036 0.00008927 -0.00439034 121.98109813
-0.00008485 0.99999949 0.00100773 -11.86589527
0.00439043 -0.00100735 0.99998985 1.01619368
0.00000000 0.00000000 0.00000000 1.00000000
59	59	60
0.99998492 0.00073302 -0.00544251 122.82988882
-0.00073003 0.99999958 0.00055066 -22.23478645
0.00544291 -0.00054667 0.99998504 1.02378456
0.00000000 0.00000000 0.00000000 1.00000000
60	60	61
0.99998484 -0.00001727 -0.00550633 123.32986567
0.00002302 0.99999945 0.00104468 -32.49312644
0.00550631 -0.00104479 0.99998429 0.90584783
0.00000000 0.00000000 0.00000000 1.00000000
61	61	62
0.99998877 -0.00021762 -0.00473449 124.38496070
0.00022825 0.99999745 0.00224577 -42.48131846
0.00473398 -0.00224683 0.99998627 1.00590324
0.00000000 0.00000000 0.00000000 1.00000000
62	62	63
0.99999041 0.00043883 -0.00435689 125.36390851
-0.00042526 0.99999505 0.00311623 -52.99588451
0.00435824 -0.00311435 0.99998565 1.13345916
0.00000000 0.00000000 0.00000000 1.00000000
63	63	64
0.99999188 0.00050868 -0.00399691 126.54396073
-0.00049637 0.99999514 0.00307907 -63.56795203
0.00399846 -0.00307706 0.99998727 1.24698591
0.00000000 0.00000000 0.00000000 1.00000000
64	64	65
0.99999252 0.00082220 -0.00377949 127.32490933
-0.00080811 0.99999273 0.00372692 -73.57535163
0.00378252 -0.00372384 0.99998591 1.13340403
0.00000000 0.00000000 0.00000000 1.00000000
65	65	66
0.99998837 0.00056694 -0.00478925 128.15041005
-0.00055441 0.99999642 0.00261662 -83.52225766
0.00479072 -0.00261393 0.99998511 1.11718845
0.00000000 0.00000000 0.00000000 1.00000000
66	66	67
0.99998833 -0.00094242 -0.00473766 129.50392161
0.00095246 0.99999730 0.00211863 -93.34808481
0.00473565 -0.00212312 0.99998653 1.29113482
0.00000000 0.00000000 0.00000000 1.00000000
67	67	68
0.99998982 -0.00031358 -0.00450077 130.26513750
0.00032394 0.99999730 0.00230078 -102.94368464
0.00450004 -0.00230221 0.99998722 1.28461448
0.00000000 0.00000000 0.00000000 1.00000000
68	68	69
0.99999079 -0.00117204 -0.00412866 131.23365004
0.00118923 0.99999062 0.00416505 -113.40602006
0.00412374 -0.00416992 0.99998280 1.22533790
0.00000000 0.00000000 0.00000000 1.00000000
69	69	70
0.99998875 -0.00056981 -0.00470870 132.15934071
0.00058967 0.99999094 0.00421654 -123.90373180
0.00470625 -0.00421927 0.99998002 1.18762913
0.00000000 0.00000000 0.00000000 1.00000000
70	70	71
0.99998765 -0.00005116 -0.00496948 133.42890218
0.00006868 0.99999378 0.00352496 -133.57299325
0.00496927 -0.00352525 0.99998144 1.40839437
0.00000000 0.00000000 0.00000000 1.00000000
71	71	72
0.99998647 -0.00137180 -0.00501746 134.70413398
0.00139286 0.99999023 0.00419592 -143.53667572
0.00501165 -0.00420285 0.99997861 1.56853259
0.00000000 0.00000000 0.00000000 1.00000000
72	72	73
0.99999133 -0.00057331 -0.00412454 135.88434691
0.00058881 0.99999276 0.00375981 -154.11508497
0.00412236 -0.00376220 0.99998443 1.63901029
0.00000000 0.00000000 0.00000000 1.00000000
73	73	74
0.99998731 -0.00257958 -0.00432756 137.49955345
0.00259454 0.99999067 0.00345299 -164.13305513
0.00431861 -0.00346417 0.99998467 1.74964745
0.00000000 0.00000000 0.00000000 1.00000000
74	74	75
0.99998577 -0.00266558 -0.00462207 139.30810334
0.00268774 0.99998490 0.00479420 -174.88059121
0.00460922 -0.00480656 0.99997783 1.82457457
0.00000000 0.00000000 0.00000000 1.00000000
75	75	76
0.99998420 -0.00318291 -0.00463333 140.84182887
0.00320079 0.99998744 0.00385617 -185.65781877
0.00462100 -0.00387094 0.99998183 1.89415384
0.00000000 0.00000000 0.00000000 1.00000000
76	76	77
0.99998573 -0.00296005 -0.00444659 142.24735065
0.00297903 0.99998646 0.00426675 -196.33887917
0.00443390 -0.00427993 0.99998101 1.93822765
0.00000000 0.00000000 0.00000000 1.00000000
77	77	78
0.99998826 -0.00255295 -0.00411802 144.04584228
0.00256967 0.99998846 0.00405966 -212.69470396
0.00410761 -0.00407020 0.99998328 2.03166522
0.00000000 0.00000000 0.00000000 1.00000000
78	78	79
0.99999253 -0.00183515 -0.00340050 145.04294885
0.00184968 0.99998915 0.00427625 -223.56133576
0.00339262 -0.00428250 0.99998508 2.12287393
0.00000000 0.00000000 0.00000000 1.00000000
79	79	80
0.99998829 -0.00234306 -0.00423339 145.29204554
0.00235793 0.99999106 0.00350950 -228.89540977
0.00422513 -0.00351944 0.99998488 2.20172366
0.00000000 0.00000000 0.00000000 1.00000000
80	80	81
0.99999174 -0.00208833 -0.00348582 145.40892258
0.00210123 0.99999094 0.00370116 -233.72847976
0.00347806 -0.00370846 0.99998708 2.23239048
0.00000000 0.00000000 0.00000000 1.00000000
81	81	82
0.99999102 -0.00252735 -0.00340281 145.55845529
0.00253992 0.99998995 0.00369536 -238.35163254
0.00339344 -0.00370397 0.99998738 2.25030441
0.00000000 0.00000000 0.00000000 1.00000000
82	82	83
0.99999137 -0.00263787 -0.00320897 145.68433127
0.00265116 0.99998790 0.00414286 -243.00951623
0.00319800 -0.00415133 0.99998627 2.27684410
0.00000000 0.00000000 0.00000000 1.00000000
83	83	84
0.99998945 -0.00308222 -0.00340552 145.80372840
0.00309699 0.99998579 0.00433829 -251.58606231
0.00339210 -0.00434879 0.99998479 2.28559902
0.00000000 0.00000000 0.00000000 1.00000000
84	84	85
0.99998864 -0.00298679 -0.00371504 145.99268114
0.00300231 0.99998677 0.00417735 -268.84822886
0.00370251 -0.00418846 0.99998437 2.33671736
0.00000000 0.00000000 0.00000000 1.00000000
85	85	86
0.99997430 -0.00262805 -0.00667045 146.24713771
0.00264274 0.99999410 0.00219350 -281.18602844
0.00666465 -0.00221107 0.99997535 2.26859761
0.00000000 0.00000000 0.00000000 1.00000000
86	86	87
0.99997600 -0.00185039 -0.00667601 146.25570130
0.00186375 0.99999627 0.00199649 -292.79904258
0.00667229 -0.00200888 0.99997572 2.26334350
0.00000000 0.00000000 0.00000000 1.00000000
87	87	88
0.99996299 -0.00146620 -0.00847777 145.76510160
0.00146938 0.99999885 0.00036898 -303.34734644
0.00847721 -0.00038142 0.99996400 2.34197486
0.00000000 0.00000000 0.00000000 1.00000000
88	88	89
0.99995408 -0.00348814 -0.00892548 145.30435928
0.00347257 0.99999242 -0.00175963 -313.43516141
0.00893155 0.00172856 0.99995862 2.40224390
0.00000000 0.00000000 0.00000000 1.00000000
89	89	90
0.99995038 -0.00419768 -0.00903400 144.78439252
0.00420200 0.99999107 0.00045897 -323.84800738
0.00903200 -0.00049691 0.99995909 2.76754989
0.00000000 0.00000000 0.00000000 1.00000000
90	90	91
0.99994507 -0.00440616 -0.00951031 144.09408737
0.00441585 0.99998975 0.00099792 -334.52046227
0.00950581 -0.00103986 0.99995428 3.00975543
0.00000000 0.00000000 0.00000000 1.00000000
91	91	92
0.99994446 -0.00486564 -0.00934854 143.55352319
0.00487766 0.99998731 0.00126317 -344.40748053
0.00934228 -0.00130870 0.99995550 3.06799086
0.00000000 0.00000000 0.00000000 1.00000000
92	92	93
0.99994285 -0.00508820 -0.00940199 143.50717361
0.00509170 0.99998698 0.00034890 -354.38511465
0.00940009 -0.00039675 0.99995574 3.15326077
0.00000000 0.00000000 0.00000000 1.00000000
93	93	94
0.99993682 -0.00518750 -0.00997274 144.36851722
0.00518883 0.99998653 0.00010796 -364.78524520
0.00997204 -0.00015970 0.99995027 3.25935650
0.00000000 0.00000000 0.00000000 1.00000000
94	94	95
0.99994259 -0.00529480 -0.00931598 145.50828935
0.00529287 0.99998597 -0.00023160 -374.46499590
0.00931707 0.00018228 0.99995658 3.34332184
0.00000000 0.00000000 0.00000000 1.00000000
95	95	96
0.99993532 -0.00620664 -0.00953090 146.85731887
0.00620127 0.99998060 -0.00059284 -384.67514040
0.00953439 0.00053370 0.99995440 3.22022343
0.00000000 0.00000000 0.00000000 1.00000000
96	96	97
0.99991684 -0.00615250 -0.01133445 149.02662043
0.00613261 0.99997960 -0.00178899 -395.55223191
0.01134522 0.00171933 0.99993416 3.22560785
0.00000000 0.00000000 0.00000000 1.00000000
97	97	98
0.99991851 -0.00541826 -0.01155965 151.32848362
0.00541035 0.99998511 -0.00071527 -405.79546852
0.01156335 0.00065267 0.99993293 3.29506750
0.00000000 0.00000000 0.00000000 1.00000000
98	98	99
0.99991297 -0.00551427 -0.01198546 153.17711760
0.00551012 0.99998475 -0.00037959 -416.90400715
0.01198737 0.00031352 0.99992810 3.26697677
0.00000000 0.00000000 0.00000000 1.00000000
99	99	100
0.99989884 -0.00614507 -0.01282723 153.01644293
0.00615682 0.99998066 0.00087652 -434.24254240
0.01282160 -0.00095541 0.99991734 3.16736773
0.00000000 0.00000000 0.00000000 1.00000000
100	100	101
0.99992681 -0.00578132 -0.01062790 150.88143141
0.00580086 0.99998154 0.00180919 -439.39885058
0.01061724 -0.00187071 0.99994189 2.94427085
0.00000000 0.00000000 0.00000000 1.00000000
101	101	102
0.99995279 -0.00600007 -0.00764370 148.94396336
0.00602149 0.99997800 0.00278285 -443.20069132
0.00762683 -0.00282874 0.99996691 2.75648893
0.00000000 0.00000000 0.00000000 1.00000000
102	102	103
0.99993542 -0.00622727 -0.00950616 146.92228815
0.00625475 0.99997634 0.00286342 -446.60020642
0.00948811 -0.00292269 0.99995072 2.65305100
0.00000000 0.00000000 0.00000000 1.00000000
103	103	104
0.99994266 -0.00552477 -0.00917317 143.89907186
0.00555670 0.99997858 0.00345939 -450.44675707
0.00915386 -0.00351017 0.99995194 2.55243100
0.00000000 0.00000000 0.00000000 1.00000000
104	104	105
0.99994568 -0.00523266 -0.00901402 139.54804083
0.00525624 0.99998282 0.00259424 -453.55651294
0.00900029 -0.00264148 0.99995601 2.43797463
0.00000000 0.00000000 0.00000000 1.00000000
105	105	106
0.99992012 -0.00615102 -0.01104163 126.56367688
0.00616678 0.99998001 0.00139364 -459.96792098
0.01103283 -0.00146162 0.99993807 1.86337802
0.00000000 0.00000000 0.00000000 1.00000000
106	106	107
0.99989763 -0.00547131 -0.01322128 114.83944840
0.00554420 0.99996960 0.00548344 -465.48363561
0.01319088 -0.00555618 0.99989756 1.69949850
0.00000000 0.00000000 0.00000000 1.00000000
107	107	108
0.99989868 -0.00623872 -0.01279456 103.50245370
0.00636863 0.99992833 0.01013794 -470.10792212
0.01273040 -0.01021840 0.99986675 1.63704127
0.00000000 0.00000000 0.00000000 1.00000000
108	108	109
0.99989368 -0.00607240 -0.01325702 93.41276200
0.00620378 0.99993183 0.00989204 -474.04917960
0.01319605 -0.00997324 0.99986319 1.52381246
0.00000000 0.00000000 0.00000000 1.00000000
109	109	110
0.99994881 -0.00682994 -0.00746489 83.08964411
0.00681016 0.99997324 -0.00267182 -478.03126324
0.00748294 0.00262084 0.99996857 1.34254942
0.00000000 0.00000000 0.00000000 1.00000000
110	110	111
0.99993630 -0.00637818 -0.00931246 73.63138016
0.00636710 0.99997899 -0.00121946 -481.54946899
0.00932005 0.00116009 0.99995589 1.18121474
0.00000000 0.00000000 0.00000000 1.00000000
111	111	112
0.99992013 -0.00582004 -0.01121845 64.13845802
0.00586194 0.99997595 0.00370550 -485.25581616
0.01119662 -0.00377096 0.99993021 1.01218115
0.00000000 0.00000000 0.00000000 1.00000000
112	112	113
0.99992137 -0.00667927 -0.01061312 54.64814791
0.00672256 0.99996921 0.00404881 -489.07013003
0.01058575 -0.00411984 0.99993548 0.96007785
0.00000000 0.00000000 0.00000000 1.00000000
113	113	114
0.99990781 -0.00779022 -0.01112119 42.53640195
0.00786260 0.99994810 0.00647964 -494.02701417
0.01107014 -0.00656649 0.99991716 1.08322293
0.00000000 0.00000000 0.00000000 1.00000000
114	114	115
0.99988365 -0.00679081 -0.01365885 37.35506310
0.00688780 0.99995131 0.00706693 -494.81230387
0.01361020 -0.00716018 0.99988174 1.13161183
0.00000000 0.00000000 0.00000000 1.00000000
115	115	116
0.99988495 -0.00882599 -0.01233655 33.55072089
0.00889258 0.99994613 0.00535384 -494.39959252
0.01228863 -0.00546293 0.99990957 1.16133660
0.00000000 0.00000000 0.00000000 1.00000000
116	116	117
0.99987947 -0.00906583 -0.01260394 29.47227984
0.00912746 0.99994663 0.00484042 -493.38427757
0.01255939 -0.00495488 0.99990885 1.17361866
0.00000000 0.00000000 0.00000000 1.00000000
117	117	118
0.99990651 -0.00787391 -0.01117955 24.33140897
0.00793047 0.99995593 0.00502457 -491.86321114
0.01113949 -0.00511276 0.99992488 1.18419422
0.00000000 0.00000000 0.00000000 1.00000000
118	118	119
0.99992766 -0.00750573 -0.00939868 17.19730526
0.00756669 0.99995046 0.00646739 -489.17897385
0.00934967 -0.00653804 0.99993492 1.23820105
0.00000000 0.00000000 0.00000000 1.00000000
119	119	120
0.99993186 -0.00838358 -0.00812405 6.96046044
0.00844928 0.99993161 0.00808611 -475.74971729
0.00805570 -0.00815421 0.99993431 1.18582515
0.00000000 0.00000000 0.00000000 1.00000000
120	120	121
0.99996842 -0.00771315 -0.00191396 3.39257131
0.00773650 0.99989181 0.01251034 -464.38525059
0.00181726 -0.01252475 0.99991991 1.02451191
0.00000000 0.00000000 0.00000000 1.00000000
121	121	122
0.99996442 -0.00834981 -0.00119965 0.28719619
0.00836440 0.99988408 0.01272258 -453.94376497
0.00109327 -0.01273217 0.99991835 0.86324550
0.00000000 0.00000000 0.00000000 1.00000000
122	122	123
0.99996260 -0.00860553 0.00086399 -3.02784861
0.00859516 0.99989853 0.01136013 -443.06045898
-0.00096166 -0.01135228 0.99993510 0.64706927
0.00000000 0.00000000 0.00000000 1.00000000
123	123	124
0.99996617 -0.00803892 -0.00174325 -6.74596102
0.00805676 0.99991267 0.01047594 -430.81341527
0.00165888 -0.01048963 0.99994361 0.38781736
0.00000000 0.00000000 0.00000000 1.00000000
124	124	125
0.99996879 -0.00742763 -0.00269257 -7.74985792
0.00745403 0.99992290 0.00993159 -422.34957366
0.00261859 -0.00995135 0.99994706 0.23845672
0.00000000 0.00000000 0.00000000 1.00000000
125	125	126
0.99997296 -0.00711858 -0.00184458 -7.25664950
0.00713584 0.99992919 0.00952378 -416.44856560
0.00177666 -0.00953669 0.99995295 0.21323050
0.00000000 0.00000000 0.00000000 1.00000000
126	126	127
0.99995467 -0.00946818 0.00100452 -5.62518909
0.00945600 0.99988900 0.01151388 -409.81673561
-0.00111343 -0.01150386 0.99993321 0.15270588
0.00000000 0.00000000 0.00000000 1.00000000
127	127	128
0.99995485 -0.00950123 0.00017477 -2.56353754
0.00949857 0.99988773 0.01158902 -402.18740545
-0.00028486 -0.01158683 0.99993283 0.09507777
0.00000000 0.00000000 0.00000000 1.00000000
128	128	129
0.99996026 -0.00879536 -0.00145589 0.81777133
0.00881247 0.99988675 0.01219957 -395.31523806
0.00134842 -0.01221192 0.99992452 -0.07466055
0.00000000 0.00000000 0.00000000 1.00000000
129	129	130
0.99995573 -0.00939959 0.00044081 3.18457430
0.00939587 0.99992550 0.00779135 -389.35457389
-0.00051401 -0.00778687 0.99996955 -0.16542675
0.00000000 0.00000000 0.00000000 1.00000000
130	130	131
0.99995859 -0.00909896 0.00014383 5.03747902
0.00909729 0.99991784 0.00903062 -383.25264891
-0.00022599 -0.00902894 0.99995921 -0.27505387
0.00000000 0.00000000 0.00000000 1.00000000
131	131	132
0.99995796 -0.00912466 0.00090405 6.01231906
0.00911669 0.99992264 0.00846154 -376.50957201
-0.00098119 -0.00845294 0.99996379 -0.37027351
0.00000000 0.00000000 0.00000000 1.00000000
132	132	133
0.99996117 -0.00871287 0.00132347 4.68695555
0.00870237 0.99993215 0.00774427 -372.19451726
-0.00139085 -0.00773246 0.99996914 -0.47529347
0.00000000 0.00000000 0.00000000 1.00000000
133	133	134
0.99995645 -0.00850601 0.00383962 1.66387315
0.00847202 0.99992554 0.00878239 -371.53752854
-0.00391404 -0.00874947 0.99995406 -0.51281850
0.00000000 0.00000000 0.00000000 1.00000000
134	134	135
0.99995790 -0.00788500 0.00469356 -1.28134384
0.00784468 0.99993269 0.00854885 -371.08818545
-0.00476065 -0.00851168 0.99995244 -0.54641656
0.00000000 0.00000000 0.00000000 1.00000000
135	135	136
0.99997110 -0.00626900 0.00430166 -4.24235188
0.00623212 0.99994417 0.00853360 -371.63070763
-0.00435491 -0.00850654 0.99995434 -0.53653778
0.00000000 0.00000000 0.00000000 1.00000000
136	136	137
0.99998070 -0.00558711 0.00271719 -6.86702003
0.00556330 0.99994674 0.00869275 -373.30215712
-0.00276562 -0.00867747 0.99995853 -0.50311215
0.00000000 0.00000000 0.00000000 1.00000000
137	137	138
0.99996910 -0.00713185 0.00330656 -8.64612924
0.00710200 0.99993471 0.00895198 -375.66189384
-0.00337018 -0.00892822 0.99995446 -0.48334067
0.00000000 0.00000000 0.00000000 1.00000000
138	138	139
0.99998874 -0.00398357 0.00257747 -9.76696808
0.00396242 0.99995889 0.00815596 -378.38960378
-0.00260985 -0.00814565 0.99996342 -0.47127458
0.00000000 0.00000000 0.00000000 1.00000000
139	139	140
0.99999156 -0.00347988 0.00218556 -10.43624221
0.00346259 0.99996309 0.00786351 -381.39703866
-0.00221284 -0.00785588 0.99996669 -0.45965744
0.00000000 0.00000000 0.00000000 1.00000000
140	140	141
0.99999125 -0.00075234 0.00411490 -33.11613394
0.00071673 0.99996235 0.00864802 -371.10776310
-0.00412125 -0.00864500 0.99995414 -1.17918591
0.00000000 0.00000000 0.00000000 1.00000000
141	141	142
0.99998659 -0.00234803 0.00461557 -31.69388375
0.00231155 0.99996618 0.00789330 -384.66847183
-0.00463394 -0.00788253 0.99995820 -1.39661347
0.00000000 0.00000000 0.00000000 1.00000000
142	142	143
0.99997897 -0.00234230 0.00604701 -26.80165680
0.00228795 0.99995707 0.00897856 -394.41242708
-0.00606778 -0.00896453 0.99994141 -1.57612666
0.00000000 0.00000000 0.00000000 1.00000000
143	143	144
0.99996639 -0.00342635 0.00744782 -22.36601263
0.00334213 0.99993068 0.01129040 -402.34472701
-0.00748599 -0.01126513 0.99990852 -1.67925708
0.00000000 0.00000000 0.00000000 1.00000000
144	144	145
0.99995264 -0.00331004 0.00915242 -17.95527097
0.00319474 0.99991572 0.01258389 -409.98569403
-0.00919330 -0.01255405 0.99987893 -1.73808488
0.00000000 0.00000000 0.00000000 1.00000000
145	145	146
0.99997137 -0.00173802 0.00736436 -13.35806442
0.00167128 0.99995756 0.00905972 -418.01754452
-0.00737979 -0.00904715 0.99993184 -1.82605415
0.00000000 0.00000000 0.00000000 1.00000000
146	146	147
0.99999017 -0.00094603 0.00433217 -8.75936543
0.00090603 0.99995702 0.00922731 -427.17517676
-0.00434071 -0.00922329 0.99994804 -1.79738185
0.00000000 0.00000000 0.00000000 1.00000000
147	147	148
0.99999187 -0.00128728 0.00382011 -4.53496759
0.00125175 0.99995608 0.00928775 -437.77332903
-0.00383190 -0.00928289 0.99994957 -1.52359233
0.00000000 0.00000000 0.00000000 1.00000000
148	148	149
0.99996831 -0.00043975 0.00794902 -1.08011505
0.00035175 0.99993868 0.01106848 -448.86831137
-0.00795340 -0.01106533 0.99990715 -1.33204470
0.00000000 0.00000000 0.00000000 1.00000000
149	149	150
0.99997304 0.00075057 0.00730503 1.82801608
-0.00083107 0.99993890 0.01102314 -458.43654430
-0.00729631 -0.01102891 0.99991256 -1.14649030
0.00000000 0.00000000 0.00000000 1.00000000
150	150	151
0.99999306 -0.00023475 0.00371802 4.62250657
0.00019454 0.99994153 0.01081229 -467.91734698
-0.00372034 -0.01081149 0.99993463 -0.98803508
0.00000000 0.00000000 0.00000000 1.00000000
151	151	152
0.99999833 -0.00067151 -0.00169990 7.14507112
0.00068943 0.99994395 0.01056541 -477.24577969
0.00169271 -0.01056657 0.99994274 -0.82623269
0.00000000 0.00000000 0.00000000 1.00000000
152	152	153
0.99999977 -0.00068406 -0.00001226 9.92622172
0.00068415 0.99993820 0.01109654 -487.33468495
0.00000467 -0.01109654 0.99993843 -0.62792144
0.00000000 0.00000000 0.00000000 1.00000000
153	153	154
0.99999016 0.00120529 0.00426964 12.43549600
-0.00126692 0.99989465 0.01446004 -496.87624633
-0.00425176 -0.01446531 0.99988633 -0.43644565
0.00000000 0.00000000 0.00000000 1.00000000
154	154	155
0.99996637 0.00185790 0.00798843 15.19441357
-0.00196464 0.99990862 0.01337513 -506.99451879
-0.00796285 -0.01339037 0.99987864 -0.25867994
0.00000000 0.00000000 0.00000000 1.00000000
155	155	156
0.99998520 0.00056191 0.00541227 17.95512674
-0.00062218 0.99993774 0.01114162 -516.87478457
-0.00540567 -0.01114482 0.99992328 -0.12436855
0.00000000 0.00000000 0.00000000 1.00000000
156	156	157
0.99996247 0.00028957 0.00865839 20.76048350
-0.00037967 0.99994578 0.01040653 -526.53483156
-0.00865490 -0.01040942 0.99990836 0.03822054
0.00000000 0.00000000 0.00000000 1.00000000
157	157	158
0.99998538 0.00114085 0.00528520 23.68545951
-0.00117555 0.99997775 0.00656676 -535.92373267
-0.00527759 -0.00657288 0.99996447 0.25607223
0.00000000 0.00000000 0.00000000 1.00000000
158	158	159
0.99995259 0.00172878 0.00958239 26.69254964
-0.00179369 0.99997548 0.00676888 -546.17232712
-0.00957045 -0.00678575 0.99993118 0.34350069
0.00000000 0.00000000 0.00000000 1.00000000
159	159	160
0.99994219 0.00241912 0.01047711 29.56669803
-0.00248137 0.99997932 0.00593248 -555.76839775
-0.01046255 -0.00595813 0.99992752 0.46368213
0.00000000 0.00000000 0.00000000 1.00000000
160	160	161
0.99992133 0.00332973 0.01209338 32.29633070
-0.00341159 0.99997136 0.00675520 -565.45386336
-0.01207055 -0.00679593 0.99990405 0.56065041
0.00000000 0.00000000 0.00000000 1.00000000
161	161	162
0.99987961 0.00161164 0.01543290 34.74464036
-0.00177725 0.99994093 0.01072292 -574.64564486
-0.01541471 -0.01074906 0.99982341 0.61367610
0.00000000 0.00000000 0.00000000 1.00000000
162	162	163
0.99987326 0.00100321 0.01588915 37.43940647
-0.00119547 0.99992614 0.01209516 -584.33259640
-0.01587584 -0.01211262 0.99980060 0.76649465
0.00000000 0.00000000 0.00000000 1.00000000
163	163	164
0.99985680 0.00049132 0.01691580 40.13104731
-0.00071396 0.99991317 0.01315809 -593.60333522
-0.01690787 -0.01316829 0.99977033 0.84455184
0.00000000 0.00000000 0.00000000 1.00000000
164	164	165
0.99983808 0.00077751 0.01797820 42.96857626
-0.00102987 0.99990102 0.01403209 -603.56797853
-0.01796551 -0.01404833 0.99973991 0.95928802
0.00000000 0.00000000 0.00000000 1.00000000
165	165	166
0.99980525 0.00081031 0.01971811 45.92955661
-0.00106795 0.99991415 0.01305935 -613.65898123
-0.01970584 -0.01307786 0.99972029 1.05829562
0.00000000 0.00000000 0.00000000 1.00000000
166	166	167
0.99982720 0.00037692 0.01858565 49.91885673
-0.00058331 0.99993821 0.01110092 -627.82909688
-0.01858032 -0.01110985 0.99976564 1.18747849
0.00000000 0.00000000 0.00000000 1.00000000
167	167	168
0.99976220 0.00075298 0.02179383 52.18432461
-0.00104614 0.99990909 0.01344314 -638.18366058
-0.02178173 -0.01346275 0.99967210 1.47436708
0.00000000 0.00000000 0.00000000 1.00000000
168	168	169
0.99986483 0.00168229 0.01635528 51.71188915
-0.00186860 0.99993347 0.01138271 -642.11817093
-0.01633504 -0.01141173 0.99980145 1.61472342
0.00000000 0.00000000 0.00000000 1.00000000
169	169	170
0.99985012 0.00108605 0.01727882 50.37369856
-0.00126006 0.99994857 0.01006283 -645.63352605
-0.01726701 -0.01008310 0.99980007 1.74452467
0.00000000 0.00000000 0.00000000 1.00000000
170	170	171
0.99984798 0.00035940 0.01743254 48.18621675
-0.00056476 0.99993049 0.01177660 -649.65341443
-0.01742710 -0.01178465 0.99977868 1.87820789
0.00000000 0.00000000 0.00000000 1.00000000
171	171	172
0.99994784 0.00041542 0.01020560 44.71663085
-0.00057364 0.99987961 0.01550593 -654.30391278
-0.01019793 -0.01551097 0.99982769 2.01791464
0.00000000 0.00000000 0.00000000 1.00000000
172	172	173
0.99995208 0.00151583 0.00967196 38.13976667
-0.00166914 0.99987279 0.01586248 -660.96998849
-0.00964669 -0.01587787 0.99982740 2.28686045
0.00000000 0.00000000 0.00000000 1.00000000
173	173	174
0.99990232 -0.00050001 0.01396785 18.94578006
0.00021939 0.99979825 0.02008522 -666.97878366
-0.01397507 -0.02008019 0.99970070 2.64583176
0.00000000 0.00000000 0.00000000 1.00000000
174	174	175
0.99991834 0.00052434 0.01276847 8.01512083
-0.00079656 0.99977229 0.02132431 -667.87613545
-0.01275438 -0.02133274 0.99969107 2.61597044
0.00000000 0.00000000 0.00000000 1.00000000
175	175	176
0.99989078 0.00026054 0.01477735 -0.44355762
-0.00057813 0.99976887 0.02149139 -668.47525756
-0.01476833 -0.02149758 0.99965982 2.62436985
0.00000000 0.00000000 0.00000000 1.00000000
176	176	177
0.99987694 0.00077003 0.01566907 -9.58476643
-0.00108612 0.99979588 0.02017493 -668.87572024
-0.01565033 -0.02018947 0.99967367 2.63477631
0.00000000 0.00000000 0.00000000 1.00000000
177	177	178
0.99988826 0.00048481 0.01494097 -17.98598041
-0.00078210 0.99980172 0.01989766 -669.37909999
-0.01492836 -0.01990713 0.99969038 2.80322044
0.00000000 0.00000000 0.00000000 1.00000000
178	178	179
0.99989934 0.00100191 0.01415264 -24.66701815
-0.00129449 0.99978533 0.02067882 -670.16118478
-0.01412888 -0.02069506 0.99968600 2.98309001
0.00000000 0.00000000 0.00000000 1.00000000
179	179	180
0.99988677 0.00157001 0.01496572 -31.06067267
-0.00188123 0.99978179 0.02080451 -671.54540827
-0.01492979 -0.02083030 0.99967155 3.17305148
0.00000000 0.00000000 0.00000000 1.00000000
180	180	181
0.99988688 0.00055012 0.01503064 -37.49305173
-0.00086180 0.99978458 0.02073743 -674.09472843
-0.01501599 -0.02074804 0.99967197 3.37558140
0.00000000 0.00000000 0.00000000 1.00000000
181	181	182
0.99987243 0.00121057 0.01592693 -44.41683191
-0.00152996 0.99979769 0.02005600 -677.81188318
-0.01589942 -0.02007781 0.99967199 3.61730916
0.00000000 0.00000000 0.00000000 1.00000000
182	182	183
0.99988473 0.00103648 0.01514774 -51.48802829
-0.00133646 0.99980293 0.01980717 -683.36845318
-0.01512423 -0.01982513 0.99968906 3.95293293
0.00000000 0.00000000 0.00000000 1.00000000
183	183	184
0.99985702 -0.00047401 0.01690300 -59.98842933
0.00017062 0.99983894 0.01794597 -695.62778982
-0.01690878 -0.01794052 0.99969607 4.62681642
0.00000000 0.00000000 0.00000000 1.00000000
184	184	185
0.99988724 0.00198447 0.01488538 -63.57669117
-0.00227372 0.99980843 0.01944034 -707.05873909
-0.01484394 -0.01947199 0.99970020 4.86857019
0.00000000 0.00000000 0.00000000 1.00000000
185	185	186
0.99987222 0.00289561 0.01572156 -65.83786362
-0.00315473 0.99985919 0.01648202 -717.88521368
-0.01567162 -0.01652951 0.99974055 5.23153194
0.00000000 0.00000000 0.00000000 1.00000000
186	186	187
0.99987385 0.00295246 0.01560642 -68.45210784
-0.00320883 0.99985991 0.01642740 -729.79822704
-0.01555573 -0.01647540 0.99974326 5.61479771
0.00000000 0.00000000 0.00000000 1.00000000
187	187	188
0.99989626 0.00394885 0.01385197 -73.02008307
-0.00422173 0.99979650 0.01972641 -747.63471575
-0.01377126 -0.01978285 0.99970945 5.92163916
0.00000000 0.00000000 0.00000000 1.00000000
188	188	189
0.99987776 0.00457541 0.01495116 -74.53076515
-0.00488319 0.99977557 0.02061474 -753.50679221
-0.01485348 -0.02068523 0.99967570 5.94346142
0.00000000 0.00000000 0.00000000 1.00000000
189	189	190
0.99982616 0.00643751 0.01749889 -76.05746097
-0.00677906 0.99978630 0.01952957 -759.06807023
-0.01736943 -0.01964480 0.99965613 5.93448109
0.00000000 0.00000000 0.00000000 1.00000000
190	190	191
0.99982440 0.00541511 0.01793985 -77.38960441
-0.00577444 0.99978253 0.02003871 -764.21375199
-0.01782743 -0.02013878 0.99963824 5.88785602
0.00000000 0.00000000 0.00000000 1.00000000
191	191	192
0.99985136 0.00490499 0.01652859 -78.59220980
-0.00522814 0.99979492 0.01956506 -769.35047781
-0.01642923 -0.01964857 0.99967195 5.82801081
0.00000000 0.00000000 0.00000000 1.00000000
192	192	193
0.99987409 0.00264120 0.01564720 -79.83104110
-0.00294927 0.99980161 0.01969864 -774.87180879
-0.01559206 -0.01974231 0.99968351 5.73671941
0.00000000 0.00000000 0.00000000 1.00000000
193	193	194
0.99986428 0.00324099 0.01615286 -83.41775048
-0.00355204 0.99980810 0.01926507 -788.58820534
-0.01608732 -0.01931984 0.99968392 5.52290598
0.00000000 0.00000000 0.00000000 1.00000000
194	194	195
0.99983292 0.00300644 0.01803014 -86.53832130
-0.00335691 0.99980541 0.01943905 -795.63042949
-0.01796819 -0.01949633 0.99964846 5.49582727
0.00000000 0.00000000 0.00000000 1.00000000
195	195	196
0.99985673 0.00242351 0.01675239 -90.69746204
-0.00275254 0.99980321 0.01964592 -802.37946735
-0.01670148 -0.01968922 0.99966664 5.45774211
0.00000000 0.00000000 0.00000000 1.00000000
196	196	197
0.99985919 0.00147946 0.01671547 -97.00378104
-0.00181697 0.99979443 0.02019390 -809.80022186
-0.01668216 -0.02022142 0.99965634 5.41061654
0.00000000 0.00000000 0.00000000 1.00000000
197	197	198
0.99986472 0.00247267 0.01626096 -106.89936784
-0.00281681 0.99977182 0.02117475 -817.04783389
-0.01620490 -0.02121769 0.99964354 5.38065332
0.00000000 0.00000000 0.00000000 1.00000000
198	198	199
0.99982552 0.00403544 0.01823880 -119.80498621
-0.00439976 0.99979071 0.01997935 -821.20728977
-0.01815436 -0.02005611 0.99963402 5.31109052
0.00000000 0.00000000 0.00000000 1.00000000
199	199	200
0.99985535 0.00295577 0.01674920 -131.60927432
-0.00330309 0.99977930 0.02074694 -822.96803809
-0.01668418 -0.02079926 0.99964445 5.25360293
0.00000000 0.00000000 0.00000000 1.00000000
200	200	201
0.99988589 0.00267646 0.01486750 -142.23941560
-0.00298508 0.99977972 0.02077485 -824.50316636
-0.01480862 -0.02081686 0.99967363 5.24482488
0.00000000 0.00000000 0.00000000 1.00000000
201	201	202
0.99990265 0.00301895 0.01362291 -156.49390505
-0.00333400 0.99972614 0.02316323 -827.07860725
-0.01354925 -0.02320639 0.99963888 5.23470814
0.00000000 0.00000000 0.00000000 1.00000000
202	202	203
0.99993105 0.00174943 0.01161146 -164.42722041
-0.00201272 0.99974025 0.02270223 -828.74850164
-0.01156873 -0.02272403 0.99967484 5.25837048
0.00000000 0.00000000 0.00000000 1.00000000
203	203	204
0.99994729 0.00115267 0.01020251 -170.26959526
-0.00139089 0.99972585 0.02337296 -830.09503818
-0.01017277 -0.02338591 0.99967475 5.13353173
0.00000000 0.00000000 0.00000000 1.00000000
204	204	205
0.99993689 0.00098838 0.01119084 -176.06258244
-0.00126414 0.99969507 0.02466127 -831.52052120
-0.01116305 -0.02467386 0.99963323 5.02755507
0.00000000 0.00000000 0.00000000 1.00000000
205	205	206
0.99993411 0.00061066 0.01146354 -183.18897320
-0.00087479 0.99973392 0.02305044 -833.29106035
-0.01144641 -0.02305895 0.99966858 4.92715053
0.00000000 0.00000000 0.00000000 1.00000000
206	206	207
0.99996794 0.00172649 0.00781953 -192.04162174
