0	0	1
0.99996919 -0.00780010 0.00088733 0.75783523
0.00778953 0.99990531 0.01134401 -1.62013276
-0.00097573 -0.01133675 0.99993526 -1.48910565
0.00000000 0.00000000 0.00000000 1.00000000
1	1	2
0.99996660 -0.00807770 0.00124334 -1.06145010
0.00806374 0.99990860 0.01085164 -4.84544521
-0.00133088 -0.01084125 0.99994035 -1.69073675
0.00000000 0.00000000 0.00000000 1.00000000
2	2	3
0.99996796 -0.00792357 0.00113625 -0.99621060
0.00791108 0.99991251 0.01060123 -8.39775991
-0.00122015 -0.01059190 0.99994316 -1.83356363
0.00000000 0.00000000 0.00000000 1.00000000
3	3	4
0.99997265 -0.00715324 0.00188020 3.17376870
0.00713307 0.99991919 0.01052285 -11.76346355
-0.00195532 -0.01050915 0.99994287 -1.91424031
0.00000000 0.00000000 0.00000000 1.00000000
4	4	5
0.99997578 -0.00687491 0.00108714 8.49269934
0.00686265 0.99991697 0.01090642 -13.80744561
-0.00116203 -0.01089869 0.99993993 -1.95828363
0.00000000 0.00000000 0.00000000 1.00000000
5	5	6
0.99997450 -0.00699228 0.00145417 14.99156235
0.00697772 0.99992773 0.00978982 -14.81564467
-0.00152251 -0.00977943 0.99995102 -1.95399101
0.00000000 0.00000000 0.00000000 1.00000000
6	6	7
0.99997828 -0.00645219 0.00134365 25.88714590
0.00643779 0.99992457 0.01046009 -14.37281614
-0.00141104 -0.01045121 0.99994439 -1.99357980
0.00000000 0.00000000 0.00000000 1.00000000
7	7	8
0.99997868 -0.00635069 0.00151966 36.31707999
0.00633453 0.99992573 0.01041227 -13.54140911
-0.00158567 -0.01040242 0.99994464 -2.05724173
0.00000000 0.00000000 0.00000000 1.00000000
8	8	9
0.99998576 -0.00533572 0.00005670 45.97562047
0.00533489 0.99993658 0.00991885 -12.69315282
-0.00010962 -0.00991840 0.99995081 -2.11296999
0.00000000 0.00000000 0.00000000 1.00000000
9	9	10
0.99997527 -0.00680320 0.00178468 56.15108391
0.00678668 0.99993550 0.00910700 -11.83162806
-0.00184653 -0.00909466 0.99995694 -2.15673033
0.00000000 0.00000000 0.00000000 1.00000000
10	10	11
0.99997499 -0.00664048 0.00243523 66.16022073
0.00662017 0.99994402 0.00825469 -11.07943850
-0.00248991 -0.00823836 0.99996296 -2.13470042
0.00000000 0.00000000 0.00000000 1.00000000
11	11	12
0.99998399 -0.00565396 0.00022493 76.63120042
0.00565173 0.99994400 0.00894720 -10.22255636
-0.00027550 -0.00894579 0.99995995 -2.17452522
0.00000000 0.00000000 0.00000000 1.00000000
12	12	13
0.99998100 -0.00616480 -0.00005469 87.24598676
0.00616504 0.99993796 0.00927714 -9.29931830
-0.00000251 -0.00927730 0.99995696 -2.16127251
0.00000000 0.00000000 0.00000000 1.00000000
13	13	14
0.99998357 -0.00567383 -0.00081309 98.04904833
0.00568156 0.99993541 0.00984336 -8.32065498
0.00075719 -0.00984782 0.99995122 -2.11263191
0.00000000 0.00000000 0.00000000 1.00000000
14	14	15
0.99998216 -0.00596845 -0.00024320 107.94389172
0.00597066 0.99992761 0.01044596 -7.57746570
0.00018084 -0.01044723 0.99994541 -1.99076267
0.00000000 0.00000000 0.00000000 1.00000000
15	15	16
0.99997459 -0.00712532 -0.00022982 117.81223969
0.00712720 0.99992867 0.00958446 -6.58267160
0.00016151 -0.00958586 0.99995404 -1.96109394
0.00000000 0.00000000 0.00000000 1.00000000
16	16	17
0.99997549 -0.00700147 0.00004244 126.96001315
0.00700082 0.99993645 0.00883671 -5.49511898
-0.00010431 -0.00883619 0.99996095 -1.98222620
0.00000000 0.00000000 0.00000000 1.00000000
17	17	18
0.99997666 -0.00680150 -0.00064451 135.91056854
0.00680726 0.99993273 0.00939157 -4.36013188
0.00058059 -0.00939573 0.99995569 -1.97715633
0.00000000 0.00000000 0.00000000 1.00000000
18	18	19
0.99997764 -0.00666498 0.00054984 145.87119930
0.00665975 0.99993706 0.00902869 -3.25826750
-0.00060998 -0.00902482 0.99995909 -1.99511454
0.00000000 0.00000000 0.00000000 1.00000000
19	19	20
0.99997832 -0.00656362 0.00051876 157.02767180
0.00655868 0.99993800 0.00899901 -2.47604472
-0.00057779 -0.00899542 0.99995937 -2.00539573
0.00000000 0.00000000 0.00000000 1.00000000
20	20	21
0.99996852 -0.00792779 0.00032296 168.55566663
0.00792481 0.99993365 0.00836024 -1.74718050
-0.00038922 -0.00835742 0.99996500 -1.99369597
0.00000000 0.00000000 0.00000000 1.00000000
21	21	22
0.99996357 -0.00852877 0.00034345 178.63302889
0.00852543 0.99992524 0.00876489 -1.35890128
-0.00041818 -0.00876164 0.99996153 -2.01885933
0.00000000 0.00000000 0.00000000 1.00000000
22	22	23
0.99996812 -0.00794876 -0.00075667 187.74538026
0.00795476 0.99993411 0.00827634 -1.38248493
0.00069084 -0.00828210 0.99996546 -1.98663138
0.00000000 0.00000000 0.00000000 1.00000000
23	23	24
0.99997214 -0.00736112 -0.00123676 196.54948164
0.00737054 0.99994246 0.00779418 -1.85570631
0.00117931 -0.00780307 0.99996886 -1.93425037
0.00000000 0.00000000 0.00000000 1.00000000
24	24	25
0.99996801 -0.00781636 -0.00169578 205.52207978
0.00783018 0.99993491 0.00829840 -2.58342727
0.00163081 -0.00831141 0.99996413 -1.86251258
0.00000000 0.00000000 0.00000000 1.00000000
25	25	26
0.99996990 -0.00771227 -0.00085238 215.99970827
0.00771949 0.99993137 0.00881314 -3.51884036
0.00078435 -0.00881946 0.99996080 -1.75919151
0.00000000 0.00000000 0.00000000 1.00000000
26	26	27
0.99996998 -0.00734119 -0.00248082 227.10023788
0.00735893 0.99994685 0.00722043 -5.24566355
0.00242768 -0.00723847 0.99997086 -1.71723286
0.00000000 0.00000000 0.00000000 1.00000000
27	27	28
0.99996814 -0.00770779 -0.00207342 237.31882988
0.00772466 0.99993608 0.00825630 -7.59087591
0.00200965 -0.00827205 0.99996377 -1.53067163
0.00000000 0.00000000 0.00000000 1.00000000
28	28	29
0.99996851 -0.00767391 -0.00202051 246.84035121
0.00769055 0.99993548 0.00836049 -10.31726886
0.00195622 -0.00837576 0.99996301 -1.38233654
0.00000000 0.00000000 0.00000000 1.00000000
29	29	30
0.99997264 -0.00715411 -0.00187973 255.80663618
0.00716973 0.99993868 0.00843959 -13.18162636
0.00181924 -0.00845284 0.99996262 -1.31755528
0.00000000 0.00000000 0.00000000 1.00000000
30	30	31
0.99997112 -0.00736431 -0.00187537 264.56890380
0.00738083 0.99993264 0.00895789 -16.37977431
0.00180928 -0.00897147 0.99995812 -1.23483902
0.00000000 0.00000000 0.00000000 1.00000000
31	31	32
0.99997342 -0.00720354 -0.00112189 273.87143667
0.00721402 0.99992754 0.00963702 -20.37489099
0.00105238 -0.00964486 0.99995293 -1.19486335
0.00000000 0.00000000 0.00000000 1.00000000
32	32	33
0.99997420 -0.00711574 -0.00097793 283.40245318
0.00712444 0.99993221 0.00920982 -24.61367301
0.00091233 -0.00921655 0.99995711 -1.10135144
0.00000000 0.00000000 0.00000000 1.00000000
33	33	34
0.99997826 -0.00655820 -0.00068661 293.14528072
0.00656420 0.99993663 0.00914542 -28.97549352
0.00062658 -0.00914972 0.99995794 -1.05581765
0.00000000 0.00000000 0.00000000 1.00000000
34	34	35
0.99998122 -0.00611621 -0.00038095 302.71673157
0.00611948 0.99993812 0.00928968 -33.31542758
0.00032411 -0.00929184 0.99995678 -1.01363732
0.00000000 0.00000000 0.00000000 1.00000000
35	35	36
0.99998226 -0.00595403 -0.00016776 311.60554385
0.00595535 0.99993829 0.00937853 -37.65985702
0.00011191 -0.00937936 0.99995601 -0.91150968
0.00000000 0.00000000 0.00000000 1.00000000
36	36	37
0.99997822 -0.00654231 -0.00087575 320.16591074
0.00655015 0.99993552 0.00927613 -41.97441723
0.00081501 -0.00928166 0.99995659 -0.77396508
0.00000000 0.00000000 0.00000000 1.00000000
37	37	38
0.99993377 -0.01139707 -0.00159982 328.67077939
0.01141210 0.99988757 0.00972706 -46.25916197
0.00148878 -0.00974467 0.99995141 -0.60941576
0.00000000 0.00000000 0.00000000 1.00000000
38	38	39
0.99991290 -0.01302537 -0.00213121 337.54846181
0.01305329 0.99982151 0.01365899 -50.83244458
0.00195291 -0.01368562 0.99990444 -0.40948077
0.00000000 0.00000000 0.00000000 1.00000000
39	39	40
0.99992260 -0.01219801 -0.00245095 346.54575388
0.01222971 0.99983590 0.01336414 -55.65913529
0.00228753 -0.01339308 0.99990769 -0.11122442
0.00000000 0.00000000 0.00000000 1.00000000
40	40	41
0.99992511 -0.01182382 -0.00315846 355.58652516
0.01185983 0.99986194 0.01163842 -60.90555050
0.00302041 -0.01167501 0.99992728 0.28215331
0.00000000 0.00000000 0.00000000 1.00000000
41	41	42
0.99993485 -0.01089557 -0.00340434 364.63086229
0.01093972 0.99985265 0.01322898 -66.20157556
0.00325970 -0.01326536 0.99990670 0.71816833
0.00000000 0.00000000 0.00000000 1.00000000
42	42	43
0.99994611 -0.01005336 -0.00259060 373.16507936
0.01008352 0.99987831 0.01190290 -71.36821883
0.00247062 -0.01192838 0.99992580 1.13384854
0.00000000 0.00000000 0.00000000 1.00000000
43	43	44
0.99994596 -0.00988305 -0.00322532 381.82333628
0.00992214 0.99987469 0.01233525 -76.34147300
0.00310300 -0.01236659 0.99991872 1.55998623
0.00000000 0.00000000 0.00000000 1.00000000
44	44	45
0.99995212 -0.00951238 -0.00229690 390.41472553
0.00954317 0.99985941 0.01378747 -81.31064550
0.00216542 -0.01380873 0.99990231 1.92940949
0.00000000 0.00000000 0.00000000 1.00000000
45	45	46
0.99995266 -0.00958964 -0.00165097 399.61749898
0.00961338 0.99984086 0.01502780 -86.66240003
0.00150659 -0.01504296 0.99988571 2.33989786
0.00000000 0.00000000 0.00000000 1.00000000
46	46	47
0.99996228 -0.00841425 -0.00215360 409.75495090
0.00844322 0.99986886 0.01381936 -92.16591752
0.00203704 -0.01383702 0.99990219 2.79569566
0.00000000 0.00000000 0.00000000 1.00000000
47	47	48
0.99996917 -0.00733677 -0.00279729 419.67624171
0.00737668 0.99986713 0.01453627 -97.79916386
0.00269027 -0.01455645 0.99989043 3.28934954
0.00000000 0.00000000 0.00000000 1.00000000
48	48	49
0.99998279 -0.00539729 -0.00229927 428.75428365
0.00542855 0.99988984 0.01381424 -104.08467455
0.00222446 -0.01382648 0.99990194 3.78754413
0.00000000 0.00000000 0.00000000 1.00000000
49	49	50
0.99999127 -0.00412170 -0.00068261 437.06716132
0.00412999 0.99991194 0.01261140 -118.29913379
0.00063057 -0.01261411 0.99992024 4.14485546
0.00000000 0.00000000 0.00000000 1.00000000
50	50	51
0.99999157 -0.00399373 -0.00095798 437.65017124
0.00400521 0.99991639 0.01229538 -124.35848328
0.00090880 -0.01229911 0.99992395 4.25654622
0.00000000 0.00000000 0.00000000 1.00000000
51	51	52
0.99999089 -0.00420250 -0.00074963 437.95775040
0.00421140 0.99991562 0.01228905 -128.75497099
0.00069792 -0.01229210 0.99992421 4.33270662
0.00000000 0.00000000 0.00000000 1.00000000
52	52	53
0.99999501 -0.00314791 -0.00026273 438.02912954
0.00315061 0.99993449 0.01100437 -132.75480487
0.00022807 -0.01100514 0.99993942 4.36478086
0.00000000 0.00000000 0.00000000 1.00000000
53	53	54
0.99999530 -0.00306527 0.00004767 437.24114768
0.00306459 0.99993899 0.01061222 -136.99353771
-0.00008020 -0.01061203 0.99994369 4.35033295
0.00000000 0.00000000 0.00000000 1.00000000
54	54	55
0.99999595 -0.00282832 -0.00031158 434.91322829
0.00283117 0.99995031 0.00955794 -141.95907535
0.00028453 -0.00955878 0.99995427 4.28212523
0.00000000 0.00000000 0.00000000 1.00000000
55	55	56
0.99999672 -0.00254856 -0.00026708 428.10122053
0.00255085 0.99995630 0.00899364 -151.44712927
0.00024414 -0.00899429 0.99995952 4.12462080
0.00000000 0.00000000 0.00000000 1.00000000
56	56	57
0.99999711 -0.00237222 0.00038587 420.56891430
0.00236871 0.99995787 0.00886882 -162.01246978
-0.00040689 -0.00886788 0.99996060 3.92207169
0.00000000 0.00000000 0.00000000 1.00000000
57	57	58
0.99999692 -0.00236001 0.00076191 414.10854777
0.00235345 0.99996110 0.00850012 -171.19094388
-0.00078195 -0.00849830 0.99996358 3.68230609
0.00000000 0.00000000 0.00000000 1.00000000
58	58	59
0.99999547 -0.00295283 0.00058320 408.06819437
0.00294884 0.99997296 0.00673603 -180.30832601
-0.00060307 -0.00673428 0.99997714 3.29390106
0.00000000 0.00000000 0.00000000 1.00000000
59	59	60
0.99999374 -0.00282992 0.00212228 401.74799246
0.00281523 0.99997228 0.00689363 -189.38292743
-0.00214173 -0.00688761 0.99997399 2.86263240
0.00000000 0.00000000 0.00000000 1.00000000
60	60	61
0.99999319 -0.00183338 0.00320297 394.97070406
0.00180928 0.99997015 0.00751176 -197.91237097
-0.00321664 -0.00750592 0.99996666 2.51599442
0.00000000 0.00000000 0.00000000 1.00000000
61	61	62
0.99999476 -0.00298351 0.00125760 388.08902642
0.00297275 0.99995967 0.00847465 -204.32025820
-0.00128284 -0.00847087 0.99996330 2.15504551
0.00000000 0.00000000 0.00000000 1.00000000
62	62	63
0.99999401 -0.00309196 0.00155451 380.26307939
0.00307848 0.99995824 0.00860428 -209.58748834
-0.00158105 -0.00859944 0.99996177 1.84575784
0.00000000 0.00000000 0.00000000 1.00000000
63	63	64
0.99999445 -0.00290054 0.00163925 372.26348353
0.00288861 0.99996968 0.00723170 -213.61681784
-0.00166018 -0.00722692 0.99997251 1.59978135
0.00000000 0.00000000 0.00000000 1.00000000
64	64	65
0.99999673 -0.00253315 0.00036396 364.16776640
0.00253049 0.99997120 0.00715498 -216.49062770
-0.00038207 -0.00715404 0.99997434 1.37217023
0.00000000 0.00000000 0.00000000 1.00000000
65	65	66
0.99999684 -0.00248779 0.00037102 355.13734644
0.00248505 0.99997104 0.00719340 -218.60384511
-0.00038890 -0.00719245 0.99997406 1.13238208
0.00000000 0.00000000 0.00000000 1.00000000
66	66	67
0.99999502 -0.00311279 0.00051665 344.66062090
0.00311163 0.99999265 0.00224198 -219.72331993
-0.00052363 -0.00224036 0.99999735 0.76686481
0.00000000 0.00000000 0.00000000 1.00000000
67	67	68
0.99998935 -0.00402672 0.00225314 335.30987081
0.00402595 0.99999184 0.00034636 -219.93633402
-0.00225451 -0.00033728 0.99999740 0.45134219
0.00000000 0.00000000 0.00000000 1.00000000
68	68	69
0.99998815 -0.00418027 0.00249520 325.46494851
0.00418422 0.99998999 -0.00158321 -219.40248699
-0.00248855 0.00159363 0.99999563 0.11628410
0.00000000 0.00000000 0.00000000 1.00000000
69	69	70
0.99998064 -0.00577622 0.00231522 315.11772855
0.00578334 0.99997853 -0.00308058 -217.49478255
-0.00229738 0.00309391 0.99999257 -0.23632064
0.00000000 0.00000000 0.00000000 1.00000000
70	70	71
0.99998017 -0.00519008 0.00356625 305.41489512
0.00520394 0.99997890 -0.00388905 -214.44544286
-0.00354599 0.00390753 0.99998608 -0.57322789
0.00000000 0.00000000 0.00000000 1.00000000
71	71	72
0.99998188 -0.00522110 0.00299631 296.70174638
0.00523307 0.99997830 -0.00400199 -210.56197624
-0.00297535 0.00401759 0.99998750 -0.81167426
0.00000000 0.00000000 0.00000000 1.00000000
72	72	73
0.99998411 -0.00492448 0.00274311 287.92788247
0.00493457 0.99998105 -0.00368229 -205.74630170
-0.00272492 0.00369577 0.99998946 -0.96233113
0.00000000 0.00000000 0.00000000 1.00000000
73	73	74
0.99997293 -0.00704733 0.00211655 279.23514561
0.00705196 0.99997274 -0.00218742 -200.32790338
-0.00210107 0.00220229 0.99999537 -1.01292262
0.00000000 0.00000000 0.00000000 1.00000000
74	74	75
0.99998162 -0.00588839 0.00144737 270.71297043
0.00589350 0.99997632 -0.00355445 -194.81875051
-0.00142640 0.00356292 0.99999264 -1.03205767
0.00000000 0.00000000 0.00000000 1.00000000
75	75	76
0.99997461 -0.00658591 0.00271984 263.43869793
0.00659236 0.99997547 -0.00236686 -189.90357043
-0.00270418 0.00238473 0.99999350 -1.04307892
0.00000000 0.00000000 0.00000000 1.00000000
76	76	77
0.99997516 -0.00646665 0.00280388 256.25732580
0.00647307 0.99997643 -0.00228700 -184.06196001
-0.00278903 0.00230509 0.99999345 -1.06104453
0.00000000 0.00000000 0.00000000 1.00000000
77	77	78
0.99997077 -0.00679694 0.00350154 250.05966630
0.00680180 0.99997592 -0.00137718 -178.07792283
-0.00349210 0.00140096 0.99999292 -1.00561759
0.00000000 0.00000000 0.00000000 1.00000000
78	78	79
0.99997732 -0.00549033 0.00390120 244.33831629
0.00549576 0.99998394 -0.00138346 -171.11249814
-0.00389355 0.00140487 0.99999143 -0.91925191
0.00000000 0.00000000 0.00000000 1.00000000
79	79	80
0.99997714 -0.00525266 0.00425706 238.21745232
0.00525673 0.99998574 -0.00094452 -162.51099128
-0.00425204 0.00096687 0.99999049 -0.86414853
0.00000000 0.00000000 0.00000000 1.00000000
80	80	81
0.99997567 -0.00516150 0.00469134 232.16583100
0.00516985 0.99998507 -0.00176801 -151.93722853
-0.00468215 0.00179222 0.99998743 -0.87939255
0.00000000 0.00000000 0.00000000 1.00000000
81	81	82
0.99996966 -0.00600690 0.00495851 226.54504682
0.00602154 0.99997754 -0.00294333 -139.18175418
-0.00494072 0.00297310 0.99998337 -0.71320779
0.00000000 0.00000000 0.00000000 1.00000000
82	82	83
0.99997463 -0.00594591 0.00392186 218.82679416
0.00595093 0.99998149 -0.00126924 -128.21733410
-0.00391424 0.00129255 0.99999150 -0.54509192
0.00000000 0.00000000 0.00000000 1.00000000
83	83	84
0.99998212 -0.00532172 0.00272706 213.11213700
0.00532668 0.99998417 -0.00181502 -125.05773304
-0.00271736 0.00182952 0.99999463 -0.51326760
0.00000000 0.00000000 0.00000000 1.00000000
84	84	85
0.99998337 -0.00524920 0.00238760 208.10573006
0.00525431 0.99998391 -0.00213700 -123.17171983
-0.00237634 0.00214951 0.99999487 -0.51516414
0.00000000 0.00000000 0.00000000 1.00000000
85	85	86
0.99998563 -0.00431611 0.00317946 203.16140408
0.00432734 0.99998439 -0.00353370 -121.79986518
-0.00316416 0.00354740 0.99998870 -0.50783297
0.00000000 0.00000000 0.00000000 1.00000000
86	86	87
0.99999338 -0.00342202 0.00123330 198.58820218
0.00342340 0.99999351 -0.00112115 -121.04357793
-0.00122946 0.00112537 0.99999861 -0.45267286
0.00000000 0.00000000 0.00000000 1.00000000
87	87	88
0.99999813 -0.00186391 0.00051991 190.96206268
0.00186332 0.99999762 0.00113524 -121.78802817
-0.00052202 -0.00113427 0.99999922 -0.45437259
0.00000000 0.00000000 0.00000000 1.00000000
88	88	89
0.99999343 -0.00266451 0.00245855 174.47868518
0.00266490 0.99999644 -0.00015248 -126.05921735
-0.00245813 0.00015903 0.99999697 -0.49849486
0.00000000 0.00000000 0.00000000 1.00000000
89	89	90
0.99998879 -0.00133421 0.00454404 163.76840406
0.00134351 0.99999701 -0.00204342 -128.16458403
-0.00454130 0.00204951 0.99998759 -0.41912177
0.00000000 0.00000000 0.00000000 1.00000000
90	90	91
0.99999495 -0.00081873 0.00306919 154.57265603
0.00082544 0.99999727 -0.00218728 -129.24153337
-0.00306739 0.00218980 0.99999290 -0.33253433
0.00000000 0.00000000 0.00000000 1.00000000
91	91	92
0.99999255 -0.00207034 0.00325741 145.75307449
0.00207246 0.99999764 -0.00064706 -129.70493040
-0.00325606 0.00065380 0.99999449 -0.27468003
0.00000000 0.00000000 0.00000000 1.00000000
92	92	93
0.99999619 -0.00222035 0.00163781 136.34098818
0.00222127 0.99999738 -0.00056101 -129.54409308
-0.00163656 0.00056465 0.99999850 -0.21790762
0.00000000 0.00000000 0.00000000 1.00000000
93	93	94
0.99999413 -0.00319959 0.00122366 127.44069482
0.00320196 0.99999299 -0.00193847 -128.54787265
-0.00121745 0.00194237 0.99999737 -0.11752243
0.00000000 0.00000000 0.00000000 1.00000000
94	94	95
0.99999195 -0.00382992 0.00119460 117.49935145
0.00383111 0.99999216 -0.00099739 -126.80265081
-0.00119077 0.00100196 0.99999879 -0.01219687
0.00000000 0.00000000 0.00000000 1.00000000
95	95	96
0.99998907 -0.00447950 -0.00133757 106.97821869
0.00447649 0.99998746 -0.00224483 -124.43008338
0.00134761 0.00223882 0.99999659 0.11224148
0.00000000 0.00000000 0.00000000 1.00000000
96	96	97
0.99998987 -0.00421119 -0.00158764 96.65163417
0.00420783 0.99998891 -0.00211466 -121.88770158
0.00159653 0.00210795 0.99999650 0.16666151
0.00000000 0.00000000 0.00000000 1.00000000
97	97	98
0.99999053 -0.00388150 -0.00196956 86.63713326
0.00388148 0.99999247 -0.00001570 -119.32022564
0.00196960 0.00000806 0.99999806 0.16275714
0.00000000 0.00000000 0.00000000 1.00000000
98	98	99
0.99998136 -0.00515209 -0.00327613 77.00125940
0.00515088 0.99998666 -0.00037812 -117.30137515
0.00327803 0.00036124 0.99999456 0.14355681
0.00000000 0.00000000 0.00000000 1.00000000
99	99	100
0.99998153 -0.00480627 -0.00371893 67.78641896
0.00481185 0.99998731 0.00149098 -115.78593459
0.00371172 -0.00150885 0.99999197 0.04311648
0.00000000 0.00000000 0.00000000 1.00000000
100	100	101
0.99997612 -0.00582256 -0.00372277 57.86137239
0.00583179 0.99997994 0.00247126 -114.90968094
0.00370831 -0.00249291 0.99999002 0.02131085
0.00000000 0.00000000 0.00000000 1.00000000
101	101	102
0.99995895 -0.00748866 -0.00510042 46.39205625
0.00749847 0.99997007 0.00190759 -114.92222383
0.00508598 -0.00194576 0.99998517 -0.02233234
0.00000000 0.00000000 0.00000000 1.00000000
102	102	103
0.99995592 -0.00789511 -0.00508137 32.58733336
0.00789824 0.99996863 0.00059595 -116.06331747
0.00507651 -0.00063606 0.99998691 -0.07609527
0.00000000 0.00000000 0.00000000 1.00000000
103	103	104
0.99995901 -0.00598240 -0.00679648 18.22408505
0.00598982 0.99998149 0.00107177 -117.88465844
0.00678994 -0.00111244 0.99997633 -0.21939483
0.00000000 0.00000000 0.00000000 1.00000000
104	104	105
0.99994947 -0.00636863 -0.00777803 9.85323711
0.00636598 0.99997967 -0.00036425 -115.43881692
0.00778020 0.00031471 0.99996968 -0.25284412
0.00000000 0.00000000 0.00000000 1.00000000
105	105	106
0.99993870 -0.00626390 -0.00913042 6.10273708
0.00626026 0.99998031 -0.00042772 -112.77046316
0.00913292 0.00037053 0.99995823 -0.24448352
0.00000000 0.00000000 0.00000000 1.00000000
106	106	107
0.99993513 -0.00663274 -0.00925968 3.27729278
0.00663096 0.99997799 -0.00022233 -110.35923554
0.00926096 0.00016092 0.99995710 -0.26652813
0.00000000 0.00000000 0.00000000 1.00000000
107	107	108
0.99992724 -0.00640504 -0.01022198 0.69606121
0.00639670 0.99997918 -0.00084791 -107.92075649
0.01022719 0.00078246 0.99994739 -0.30597775
0.00000000 0.00000000 0.00000000 1.00000000
108	108	109
0.99991757 -0.00733921 -0.01053486 -2.15753300
0.00732373 0.99997205 -0.00150724 -104.08158407
0.01054563 0.00142996 0.99994337 -0.34711667
0.00000000 0.00000000 0.00000000 1.00000000
109	109	110
0.99992198 -0.00732444 -0.01011879 -6.43865835
0.00730379 0.99997117 -0.00207657 -90.94598023
0.01013371 0.00200250 0.99994665 -0.27531224
0.00000000 0.00000000 0.00000000 1.00000000
110	110	111
0.99992692 -0.00690836 -0.00992148 -8.64783803
0.00689796 0.99997562 -0.00108260 -77.00995735
0.00992872 0.00101409 0.99995019 -0.18421274
0.00000000 0.00000000 0.00000000 1.00000000
111	111	112
0.99992810 -0.00695277 -0.00976955 -11.00408244
0.00694000 0.99997502 -0.00134046 -63.98529893
0.00977862 0.00127257 0.99995138 -0.01741132
0.00000000 0.00000000 0.00000000 1.00000000
112	112	113
0.99992840 -0.00767706 -0.00917929 -14.87563376
0.00766725 0.99997000 -0.00110310 -45.27124587
0.00918749 0.00103264 0.99995726 -0.53473650
0.00000000 0.00000000 0.00000000 1.00000000
113	113	114
0.99992054 -0.00769653 -0.00998336 -16.31681218
0.00768951 0.99997016 -0.00074179 -40.39974640
0.00998877 0.00066496 0.99994989 -0.66037760
0.00000000 0.00000000 0.00000000 1.00000000
114	114	115
0.99991526 -0.00870272 -0.00968145 -17.64301568
0.00868935 0.99996124 -0.00142181 -34.93506832
0.00969345 0.00133757 0.99995212 -0.73144379
0.00000000 0.00000000 0.00000000 1.00000000
115	115	116
0.99992721 -0.00795302 -0.00907358 -19.19561131
0.00794469 0.99996799 -0.00095361 -28.45735278
0.00908088 0.00088146 0.99995838 -0.75875534
0.00000000 0.00000000 0.00000000 1.00000000
116	116	117
0.99992546 -0.00829697 -0.00895688 -20.82828751
0.00829775 0.99996557 0.00004979 -19.59898033
0.00895616 -0.00012411 0.99995989 -0.82765452
0.00000000 0.00000000 0.00000000 1.00000000
117	117	118
0.99991124 -0.00888365 -0.00992969 -21.64333690
0.00888846 0.99996040 0.00044034 -14.52194940
0.00992538 -0.00052856 0.99995060 -0.90945639
0.00000000 0.00000000 0.00000000 1.00000000
118	118	119
0.99991655 -0.00834743 -0.00986011 -23.27798423
0.00836860 0.99996276 0.00210750 1.26561190
0.00984215 -0.00218984 0.99994917 -0.92857209
0.00000000 0.00000000 0.00000000 1.00000000
119	119	120
0.99991183 -0.00777428 -0.01076575 -20.34263111
0.00779878 0.99996709 0.00223541 8.63193471
0.01074802 -0.00231917 0.99993955 -0.90889848
0.00000000 0.00000000 0.00000000 1.00000000
120	120	121
0.99976436 -0.01686806 0.01366335 7.80649260
0.01685473 0.99985735 0.00109023 6.86563481
-0.01367979 -0.00085968 0.99990606 -1.82804622
0.00000000 0.00000000 0.00000000 1.00000000
121	121	122
0.99975548 -0.01774430 0.01319579 4.07787808
0.01774999 0.99984241 -0.00031461 2.96855435
-0.01318812 0.00054875 0.99991288 -1.77002572
0.00000000 0.00000000 0.00000000 1.00000000
122	122	123
0.99975957 -0.01749348 0.01322039 0.83190263
0.01747923 0.99984651 0.00119298 -1.22976382
-0.01323923 -0.00096161 0.99991190 -1.77979389
0.00000000 0.00000000 0.00000000 1.00000000
123	123	124
0.99976445 -0.01669216 0.01387122 -1.43149168
0.01667895 0.99986033 0.00106749 -3.54833062
-0.01388710 -0.00083588 0.99990322 -1.79631058
0.00000000 0.00000000 0.00000000 1.00000000
124	124	125
0.99976302 -0.01702843 0.01356237 -2.54408686
0.01701032 0.99985426 0.00145000 -6.81932505
-0.01358508 -0.00121895 0.99990698 -1.83280439
0.00000000 0.00000000 0.00000000 1.00000000
125	125	126
0.99976881 -0.01637562 0.01393416 0.73408965
0.01634875 0.99986427 0.00204057 -11.03550630
-0.01396569 -0.00181229 0.99990083 -1.89714648
0.00000000 0.00000000 0.00000000 1.00000000
126	126	127
0.99977879 -0.01601133 0.01363840 6.20025612
0.01597487 0.99986854 0.00277775 -13.63998899
-0.01368109 -0.00255926 0.99990313 -1.92847265
0.00000000 0.00000000 0.00000000 1.00000000
127	127	128
0.99978724 -0.01546117 0.01365362 12.72235855
0.01542419 0.99987709 0.00280905 -15.25593678
-0.01369537 -0.00259786 0.99990284 -1.93652302
0.00000000 0.00000000 0.00000000 1.00000000
128	128	129
0.99981633 -0.01532596 0.01150701 21.55076502
0.01528259 0.99987581 0.00384708 -15.23091491
-0.01156455 -0.00367051 0.99992639 -1.98691744
0.00000000 0.00000000 0.00000000 1.00000000
129	129	130
0.99984314 -0.01431928 0.01042376 32.25073698
0.01429648 0.99989525 0.00225794 -14.32947324
-0.01045500 -0.00210856 0.99994312 -2.01680518
0.00000000 0.00000000 0.00000000 1.00000000
130	130	131
0.99984028 -0.01459822 0.01031092 42.51733391
0.01457127 0.99989023 0.00268344 -13.30527062
-0.01034896 -0.00253277 0.99994324 -2.08872897
0.00000000 0.00000000 0.00000000 1.00000000
131	131	132
0.99984838 -0.01483578 0.00911728 52.66306205
0.01478359 0.99987410 0.00576533 -12.29831429
-0.00920167 -0.00562967 0.99994182 -2.15230261
0.00000000 0.00000000 0.00000000 1.00000000
132	132	133
0.99985954 -0.01461192 0.00820884 62.67745531
0.01456481 0.99987728 0.00576971 -11.44622786
-0.00829214 -0.00564934 0.99994966 -2.14501199
0.00000000 0.00000000 0.00000000 1.00000000
133	133	134
0.99986573 -0.01413222 0.00829526 72.51105056
0.01408556 0.99988480 0.00565558 -10.76536766
-0.00837423 -0.00553798 0.99994960 -2.16000396
0.00000000 0.00000000 0.00000000 1.00000000
134	134	135
0.99987617 -0.01384001 0.00748929 82.45900733
0.01379150 0.99988383 0.00649035 -10.02005393
-0.00757824 -0.00638626 0.99995089 -2.16105979
0.00000000 0.00000000 0.00000000 1.00000000
135	135	136
0.99990179 -0.01280372 0.00569795 92.54028113
0.01276877 0.99989970 0.00612813 -9.18335109
-0.00577584 -0.00605477 0.99996499 -2.15283729
0.00000000 0.00000000 0.00000000 1.00000000
136	136	137
0.99990806 -0.01330153 0.00263416 102.37671283
0.01328322 0.99988830 0.00685101 -8.41584166
-0.00272500 -0.00681539 0.99997306 -2.06666240
0.00000000 0.00000000 0.00000000 1.00000000
137	137	138
0.99991440 -0.01270902 0.00311040 112.39370354
0.01268406 0.99988820 0.00791902 -7.71445869
-0.00321069 -0.00787889 0.99996381 -1.95855842
0.00000000 0.00000000 0.00000000 1.00000000
138	138	139
0.99991189 -0.01313889 0.00189066 121.69112377
0.01312490 0.99988772 0.00723085 -6.66449668
-0.00198546 -0.00720539 0.99997207 -1.91764863
0.00000000 0.00000000 0.00000000 1.00000000
139	139	140
0.99992383 -0.01208974 0.00248602 131.12246675
0.01206970 0.99989575 0.00792538 -5.64098077
-0.00258158 -0.00789478 0.99996550 -1.90916823
0.00000000 0.00000000 0.00000000 1.00000000
140	140	141
0.99992660 -0.01183198 0.00260781 141.29218985
0.01180984 0.99989540 0.00834939 -4.45249578
-0.00270633 -0.00831798 0.99996174 -1.92139570
0.00000000 0.00000000 0.00000000 1.00000000
141	141	142
0.99993023 -0.01162099 0.00211966 153.01690063
0.01160320 0.99989888 0.00822128 -3.54170805
-0.00221498 -0.00819611 0.99996396 -1.86204292
0.00000000 0.00000000 0.00000000 1.00000000
142	142	143
0.99993515 -0.01129959 0.00142220 165.51216319
0.01128779 0.99990386 0.00805319 -2.74542960
-0.00151307 -0.00803661 0.99996656 -1.74961496
0.00000000 0.00000000 0.00000000 1.00000000
143	143	144
0.99993208 -0.01119640 0.00323763 178.14627579
0.01117004 0.99990521 0.00805045 -2.10785052
-0.00332746 -0.00801374 0.99996235 -1.72934591
0.00000000 0.00000000 0.00000000 1.00000000
144	144	145
0.99994444 -0.01027619 0.00234769 191.92422769
0.01025766 0.99991715 0.00777667 -1.83489367
-0.00242741 -0.00775216 0.99996701 -1.86440044
0.00000000 0.00000000 0.00000000 1.00000000
145	145	146
0.99996213 -0.00823898 0.00280438 198.16853822
0.00821681 0.99993559 0.00782899 -1.82165560
-0.00286871 -0.00780565 0.99996542 -1.85788303
0.00000000 0.00000000 0.00000000 1.00000000
146	146	147
0.99996054 -0.00849792 0.00258747 203.48723355
0.00848124 0.99994361 0.00639075 -2.05369395
-0.00264163 -0.00636855 0.99997623 -1.87507252
0.00000000 0.00000000 0.00000000 1.00000000
147	147	148
0.99995803 -0.00868497 0.00291709 209.54692635
0.00866580 0.99994120 0.00651935 -2.30004020
-0.00297354 -0.00649380 0.99997449 -1.89743199
0.00000000 0.00000000 0.00000000 1.00000000
148	148	149
0.99996682 -0.00709121 0.00400849 216.72412982
0.00706201 0.99994876 0.00725279 -2.87454172
-0.00405972 -0.00722424 0.99996566 -1.93742976
0.00000000 0.00000000 0.00000000 1.00000000
149	149	150
0.99996381 -0.00749716 0.00402256 225.10635741
0.00746388 0.99993832 0.00822476 -4.11735310
-0.00408398 -0.00819444 0.99995809 -1.94456270
0.00000000 0.00000000 0.00000000 1.00000000
150	150	151
0.99998114 -0.00582701 0.00193973 240.54766206
0.00581486 0.99996380 0.00621232 -7.26778083
-0.00197586 -0.00620093 0.99997882 -1.68176101
0.00000000 0.00000000 0.00000000 1.00000000
151	151	152
0.99998333 -0.00571355 0.00083547 251.47238929
0.00570913 0.99997020 0.00519725 -10.25960795
-0.00086514 -0.00519239 0.99998615 -1.48651448
0.00000000 0.00000000 0.00000000 1.00000000
152	152	153
0.99998341 -0.00574382 0.00042240 260.45957192
0.00574178 0.99997260 0.00467290 -13.31931883
-0.00044923 -0.00467040 0.99998899 -1.34045898
0.00000000 0.00000000 0.00000000 1.00000000
153	153	154
0.99998166 -0.00565302 0.00217492 269.24797632
0.00564312 0.99997382 0.00452948 -16.97126888
-0.00220047 -0.00451712 0.99998738 -1.17410220
0.00000000 0.00000000 0.00000000 1.00000000
154	154	155
0.99998521 -0.00505795 0.00200153 278.48744240
0.00504913 0.99997762 0.00438995 -21.25238983
-0.00202369 -0.00437978 0.99998836 -0.98652316
0.00000000 0.00000000 0.00000000 1.00000000
155	155	156
0.99998358 -0.00519926 0.00240870 287.83968634
0.00518834 0.99997634 0.00451633 -25.55379376
-0.00243213 -0.00450376 0.99998690 -0.85675238
0.00000000 0.00000000 0.00000000 1.00000000
156	156	157
0.99998696 -0.00453775 0.00234339 297.50837134
0.00452630 0.99997791 0.00486781 -29.99882910
-0.00236543 -0.00485714 0.99998541 -0.79797199
0.00000000 0.00000000 0.00000000 1.00000000
157	157	158
0.99998738 -0.00448280 0.00226758 306.52112917
0.00447177 0.99997826 0.00484589 -34.38178266
-0.00228925 -0.00483569 0.99998569 -0.74736668
0.00000000 0.00000000 0.00000000 1.00000000
158	158	159
0.99998913 -0.00393214 0.00250503 314.98971607
0.00391922 0.99997908 0.00514576 -38.73109713
-0.00252521 -0.00513589 0.99998362 -0.67074252
0.00000000 0.00000000 0.00000000 1.00000000
159	159	160
0.99999396 -0.00336950 0.00084860 323.85435621
0.00336379 0.99997229 0.00664099 -43.31102662
-0.00087095 -0.00663810 0.99997759 -0.57288945
0.00000000 0.00000000 0.00000000 1.00000000
160	160	161
0.99999590 -0.00274828 -0.00080594 332.52977485
0.00275441 0.99996652 0.00770530 -47.91278631
0.00078473 -0.00770749 0.99996999 -0.44660428
0.00000000 0.00000000 0.00000000 1.00000000
161	161	162
0.99999380 -0.00320225 -0.00146686 341.19488251
0.00321338 0.99996558 0.00764887 -52.57186057
0.00144232 -0.00765353 0.99996967 -0.28240804
0.00000000 0.00000000 0.00000000 1.00000000
162	162	163
0.99999279 -0.00326376 -0.00193954 350.47624976
0.00328225 0.99994845 0.00960880 -57.95270923
0.00190808 -0.00961509 0.99995195 0.02465832
0.00000000 0.00000000 0.00000000 1.00000000
163	163	164
0.99998983 -0.00384374 -0.00236012 359.42240271
0.00386610 0.99994696 0.00954616 -63.32532178
0.00232330 -0.00955519 0.99995165 0.42736354
0.00000000 0.00000000 0.00000000 1.00000000
164	164	165
0.99999478 -0.00278533 -0.00163669 368.29070470
0.00280379 0.99993124 0.01138671 -68.73096134
0.00160487 -0.01139124 0.99993383 0.86737837
0.00000000 0.00000000 0.00000000 1.00000000
165	165	166
0.99999276 -0.00345875 -0.00158574 377.29524307
0.00347700 0.99992608 0.01165064 -74.14669335
0.00154533 -0.01165607 0.99993087 1.28692271
0.00000000 0.00000000 0.00000000 1.00000000
166	166	167
0.99999393 -0.00239875 -0.00252696 385.94193923
0.00242598 0.99993843 0.01082846 -79.17834625
0.00250083 -0.01083453 0.99993818 1.67328163
0.00000000 0.00000000 0.00000000 1.00000000
167	167	168
0.99999187 -0.00290743 -0.00279411 394.58391265
0.00293194 0.99995691 0.00880750 -84.16923712
0.00276838 -0.00881562 0.99995731 2.05078618
0.00000000 0.00000000 0.00000000 1.00000000
168	168	169
0.99999679 -0.00246661 -0.00057904 404.16691419
0.00247241 0.99994461 0.01023041 -89.48977688
0.00055378 -0.01023181 0.99994750 2.45057385
0.00000000 0.00000000 0.00000000 1.00000000
169	169	170
0.99999588 -0.00287111 0.00006557 415.53878058
0.00287024 0.99993850 0.01071257 -95.53848727
-0.00009632 -0.01071234 0.99994262 2.97375309
0.00000000 0.00000000 0.00000000 1.00000000
170	170	171
0.99999097 -0.00424650 -0.00017673 430.61477752
0.00424830 0.99992008 0.01190770 -104.54398092
0.00012615 -0.01190834 0.99992909 3.68199421
0.00000000 0.00000000 0.00000000 1.00000000
171	171	172
0.99998679 -0.00512164 0.00043797 435.38676341
0.00511569 0.99990687 0.01265230 -109.43654278
-0.00050273 -0.01264990 0.99991986 3.96400876
0.00000000 0.00000000 0.00000000 1.00000000
172	172	173
0.99998351 -0.00569789 0.00072250 436.84233756
0.00568753 0.99989127 0.01360525 -116.08593265
-0.00079994 -0.01360092 0.99990718 4.15140615
0.00000000 0.00000000 0.00000000 1.00000000
173	173	174
0.99998521 -0.00540008 0.00065313 437.20480156
0.00539068 0.99989272 0.01361955 -120.14048430
-0.00072661 -0.01361583 0.99990704 4.25190672
0.00000000 0.00000000 0.00000000 1.00000000
174	174	175
0.99998380 -0.00566635 0.00053197 437.39259547
0.00565848 0.99988892 0.01378879 -123.40546012
-0.00061005 -0.01378555 0.99990479 4.32629417
0.00000000 0.00000000 0.00000000 1.00000000
175	175	176
0.99998895 -0.00467621 0.00049172 437.21197307
0.00466926 0.99990078 0.01329038 -127.05455994
-0.00055382 -0.01328794 0.99991156 4.37297586
0.00000000 0.00000000 0.00000000 1.00000000
176	176	177
0.99999082 -0.00425329 0.00052675 433.48359746
0.00424675 0.99992067 0.01185810 -141.27980784
-0.00057714 -0.01185576 0.99992955 4.47677106
0.00000000 0.00000000 0.00000000 1.00000000
177	177	178
0.99998762 -0.00481990 0.00123813 428.52354264
0.00480482 0.99991761 0.01190350 -149.62900742
-0.00129540 -0.01189740 0.99992838 4.37938715
0.00000000 0.00000000 0.00000000 1.00000000
178	178	179
0.99999237 -0.00383446 0.00074421 422.47407915
0.00382491 0.99991538 0.01243418 -158.42994360
-0.00079183 -0.01243124 0.99992242 4.15646347
0.00000000 0.00000000 0.00000000 1.00000000
179	179	180
0.99999064 -0.00402062 0.00159775 416.56628081
0.00400187 0.99992503 0.01157199 -166.90797566
-0.00164416 -0.01156549 0.99993177 3.92215678
0.00000000 0.00000000 0.00000000 1.00000000
180	180	181
0.99999167 -0.00375153 0.00160668 410.83573633
0.00373190 0.99992042 0.01205119 -175.26453696
-0.00165176 -0.01204510 0.99992609 3.58702882
0.00000000 0.00000000 0.00000000 1.00000000
181	181	182
0.99999292 -0.00308639 0.00215254 404.81278624
0.00305994 0.99992111 0.01218230 -184.18668204
-0.00218996 -0.01217563 0.99992348 3.15722451
0.00000000 0.00000000 0.00000000 1.00000000
182	182	183
0.99999376 -0.00259351 0.00239773 397.25496060
0.00256235 0.99991337 0.01291086 -194.88626642
-0.00243100 -0.01290463 0.99991378 2.59001869
0.00000000 0.00000000 0.00000000 1.00000000
183	183	184
0.99999251 -0.00288802 0.00257842 389.64823856
0.00285405 0.99991037 0.01308100 -203.56381448
-0.00261597 -0.01307355 0.99991112 2.03562654
0.00000000 0.00000000 0.00000000 1.00000000
184	184	185
0.99999547 -0.00266277 0.00140122 381.82428900
0.00264405 0.99990951 0.01319032 -209.28130228
-0.00143622 -0.01318656 0.99991202 1.55661223
0.00000000 0.00000000 0.00000000 1.00000000
185	185	186
0.99999569 -0.00256978 0.00141906 374.75353368
0.00255121 0.99991301 0.01294039 -212.92903146
-0.00145219 -0.01293672 0.99991526 1.18954477
0.00000000 0.00000000 0.00000000 1.00000000
186	186	187
0.99999522 -0.00287760 0.00112902 368.23527170
0.00286116 0.99989352 0.01430938 -215.51963064
-0.00117007 -0.01430608 0.99989698 0.89621642
0.00000000 0.00000000 0.00000000 1.00000000
187	187	188
0.99999374 -0.00336110 0.00111014 361.63312708
0.00334675 0.99991389 0.01268885 -217.42519729
-0.00115269 -0.01268505 0.99991888 0.70869379
0.00000000 0.00000000 0.00000000 1.00000000
188	188	189
0.99999566 -0.00261384 0.00136282 352.74053198
0.00259647 0.99991732 0.01259386 -218.84158736
-0.00139563 -0.01259026 0.99991977 0.44359934
0.00000000 0.00000000 0.00000000 1.00000000
189	189	190
0.99998965 -0.00381156 0.00248250 342.14751562
0.00377653 0.99989532 0.01396747 -219.51707715
-0.00253548 -0.01395795 0.99989937 0.18983029
0.00000000 0.00000000 0.00000000 1.00000000
190	190	191
0.99998526 -0.00356941 0.00409085 331.68677295
0.00351364 0.99990187 0.01356125 -219.64594573
-0.00413885 -0.01354668 0.99989967 -0.01123762
0.00000000 0.00000000 0.00000000 1.00000000
191	191	192
0.99998218 -0.00325421 0.00500524 321.39920589
0.00320374 0.99994428 0.01005883 -218.90351331
-0.00503769 -0.01004262 0.99993688 -0.26062924
0.00000000 0.00000000 0.00000000 1.00000000
192	192	193
0.99998227 -0.00154090 0.00575132 311.57402644
0.00148402 0.99995008 0.00988130 -217.03682486
-0.00576626 -0.00987259 0.99993464 -0.46928686
0.00000000 0.00000000 0.00000000 1.00000000
193	193	194
0.99999236 -0.00233657 0.00313454 302.49665432
0.00231254 0.99996808 0.00764821 -213.90609870
-0.00315231 -0.00764090 0.99996584 -0.72551476
0.00000000 0.00000000 0.00000000 1.00000000
194	194	195
0.99999755 -0.00108351 0.00192924 293.68241202
0.00107180 0.99998108 0.00605775 -209.67396627
-0.00193576 -0.00605567 0.99997979 -1.01264238
0.00000000 0.00000000 0.00000000 1.00000000
195	195	196
0.99999793 -0.00073555 0.00189798 285.09386230
0.00072547 0.99998566 0.00530672 -204.69125956
-0.00190185 -0.00530533 0.99998412 -1.24532871
0.00000000 0.00000000 0.00000000 1.00000000
196	196	197
0.99999590 -0.00013217 0.00286050 276.76354598
0.00011788 0.99998751 0.00499633 -199.30236087
-0.00286112 -0.00499597 0.99998343 -1.43222695
0.00000000 0.00000000 0.00000000 1.00000000
197	197	198
0.99999221 0.00023843 0.00393903 268.33252896
-0.00025690 0.99998897 0.00468949 -193.64569634
-0.00393786 -0.00469047 0.99998125 -1.51815867
0.00000000 0.00000000 0.00000000 1.00000000
198	198	199
0.99999797 0.00091412 0.00179795 260.03091620
-0.00092124 0.99999172 0.00396352 -187.33554218
-0.00179431 -0.00396517 0.99999053 -1.64530401
0.00000000 0.00000000 0.00000000 1.00000000
199	199	200
0.99999547 0.00012411 0.00300816 251.74882178
-0.00013705 0.99999074 0.00430073 -179.07723309
-0.00300760 -0.00430112 0.99998623 -1.56382285
0.00000000 0.00000000 0.00000000 1.00000000
200	200	201
0.99999459 0.00021807 0.00328161 245.71306688
-0.00022992 0.99999346 0.00360948 -171.49286763
-0.00328081 -0.00361021 0.99998810 -1.40025224
0.00000000 0.00000000 0.00000000 1.00000000
201	201	202
0.99999663 -0.00051625 0.00254570 240.85046433
0.00050541 0.99999080 0.00425998 -164.51970446
-0.00254787 -0.00425868 0.99998769 -1.22281806
0.00000000 0.00000000 0.00000000 1.00000000
202	202	203
0.99999362 -0.00101147 0.00342490 236.55635312
0.00099775 0.99999148 0.00400530 -157.72093932
-0.00342892 -0.00400186 0.99998611 -1.03907338
0.00000000 0.00000000 0.00000000 1.00000000
203	203	204
0.99999366 -0.00124591 0.00333458 232.30086662
0.00123143 0.99998982 0.00433982 -149.38879695
-0.00333995 -0.00433569 0.99998502 -0.92185498
0.00000000 0.00000000 0.00000000 1.00000000
204	204	205
0.99999337 -0.00063231 0.00358688 225.05819401
0.00062042 0.99999431 0.00331439 -134.75817696
-0.00358896 -0.00331215 0.99998807 -0.68341185
0.00000000 0.00000000 0.00000000 1.00000000
205	205	206
0.99999387 -0.00093743 0.00337258 218.03113564
0.00092246 0.99998973 0.00443730 -127.52130636
-0.00337671 -0.00443416 0.99998447 -0.54255743
0.00000000 0.00000000 0.00000000 1.00000000
206	206	207
