0	0	1
1.00000000 0.00000000 0.00000000 0.00000000
0.00000000 1.00000000 0.00000000 0.00000000
0.00000000 0.00000000 1.00000000 0.00000000
0.00000000 0.00000000 0.00000000 1.00000000
1	1	2
0.94453415 0.32796434 -0.01716483 -8.86756723
-0.31558816 0.92087145 0.22891022 25.04661750
0.09088099 -0.21079651 0.97329619 -2.87323475
0.00000000 0.00000000 0.00000000 1.00000000
2	2	3
0.93404185 0.35551654 0.03426091 -11.16274143
-0.35361110 0.90699142 0.22874822 47.68956981
0.05024942 -0.22577545 0.97288254 -8.22680619
0.00000000 0.00000000 0.00000000 1.00000000
3	3	4
0.92898838 0.35613280 0.10074727 -13.35144340
-0.36992702 0.90200089 0.22259466 69.43411454
-0.01160087 -0.24405700 0.96969150 -13.37785095
0.00000000 0.00000000 0.00000000 1.00000000
4	4	5
-0.29115533 -0.54362715 0.78720905 -15.48780390
0.95377475 -0.22897944 0.19463338 91.70989994
0.07444670 0.80748866 0.58516643 -18.51372112
0.00000000 0.00000000 0.00000000 1.00000000
5	5	6
-0.14976132 -0.98708895 0.05680633 -20.34720793
0.92729523 -0.16016050 -0.33833737 84.41928126
0.34306721 0.00200639 0.93930872 -12.08223858
0.00000000 0.00000000 0.00000000 1.00000000
6	6	7
0.11573134 -0.99281787 -0.03031393 -29.78669302
0.96180152 0.11963378 -0.24622265 78.12675109
0.24808082 -0.00066031 0.96873911 -13.92277885
0.00000000 0.00000000 0.00000000 1.00000000
7	7	8
0.37177805 -0.92622013 -0.06242881 -40.03864315
0.91896075 0.37672208 -0.11658308 74.52318815
0.13149990 -0.01402659 0.99121694 -15.33091075
0.00000000 0.00000000 0.00000000 1.00000000
8	8	9
0.41090232 -0.91110101 -0.03246905 -50.75967102
0.91148355 0.40981531 0.03534322 73.48525075
-0.01889493 -0.04411761 0.99884765 -16.20386705
0.00000000 0.00000000 0.00000000 1.00000000
9	9	10
0.96819146 0.04000961 0.24699094 -61.30496155
-0.06055550 0.99525549 0.07615476 72.81350205
-0.24277216 -0.08868905 0.96602067 -16.58887426
0.00000000 0.00000000 0.00000000 1.00000000
10	10	11
-0.03139896 0.96793468 0.24923195 -63.45979122
-0.96554521 0.03507473 -0.25786084 83.68977345
-0.25833419 -0.24874128 0.93348338 -16.41665626
0.00000000 0.00000000 0.00000000 1.00000000
11	11	12
-0.22837370 0.93028965 0.28706553 -52.35086209
-0.92423193 -0.11448298 -0.36426501 89.48034189
-0.30600785 -0.34850367 0.88594830 -17.71226694
0.00000000 0.00000000 0.00000000 1.00000000
12	12	13
-0.40659180 0.84189717 0.35481301 -39.93234376
-0.84374546 -0.19707658 -0.49925387 93.66861479
-0.35039508 -0.50236439 0.79047663 -19.88539408
0.00000000 0.00000000 0.00000000 1.00000000
13	13	14
-0.46244561 0.76807319 0.44295331 -27.03768065
-0.75552304 -0.07989593 -0.65023194 96.45929524
-0.46403555 -0.63535834 0.61724451 -23.60043949
0.00000000 0.00000000 0.00000000 1.00000000
14	14	15
0.72403034 0.49737053 0.47791488 -13.54661621
0.41015864 0.24661681 -0.87803760 100.06273619
-0.55457187 0.83174678 -0.02544277 -29.42335727
0.00000000 0.00000000 0.00000000 1.00000000
15	15	16
0.67108496 0.20455755 0.71260170 -8.84310951
-0.22642586 0.97180802 -0.06573052 109.00281161
-0.70595772 -0.11724069 0.69848287 -18.26065960
0.00000000 0.00000000 0.00000000 1.00000000
16	16	17
0.81043740 0.08847535 0.57910564 -6.24339951
0.00858000 0.98663099 -0.16274419 119.98501838
-0.58576242 0.13686271 0.79884353 -20.24794119
0.00000000 0.00000000 0.00000000 1.00000000
17	17	18
0.83323725 -0.06289987 0.54932621 -3.32963492
0.06287965 0.99784255 0.01887859 130.85347043
-0.54932853 0.01881109 0.83539470 -20.60810615
0.00000000 0.00000000 0.00000000 1.00000000
18	18	19
0.87706275 -0.10064485 0.46971433 -0.55049019
0.13982224 0.98895462 -0.04917818 141.34034710
-0.45957663 0.10880886 0.88144765 -23.05461796
0.00000000 0.00000000 0.00000000 1.00000000
19	19	20
0.77936377 0.28716746 0.55689045 2.78604890
-0.50550745 0.81331777 0.28805628 152.19053591
-0.37020851 -0.50601290 0.77903569 -24.55286159
0.00000000 0.00000000 0.00000000 1.00000000
20	20	21
0.04317822 -0.80254117 0.59503220 9.50309538
0.99892092 0.02448150 -0.03946713 156.06038866
0.01710671 0.59609423 0.80273223 -31.11983959
0.00000000 0.00000000 0.00000000 1.00000000
21	21	22
-0.60856169 -0.37093335 0.70147068 3.66665103
0.44297146 -0.89225383 -0.08751791 171.10084690
0.65835321 0.25747144 0.70730439 -26.48780772
0.00000000 0.00000000 0.00000000 1.00000000
22	22	23
0.07130833 0.51282286 0.85552781 -4.05925169
-0.95335358 -0.21717835 0.20964377 171.93256242
0.29331223 -0.83056985 0.47341489 -19.00475751
0.00000000 0.00000000 0.00000000 1.00000000
23	23	24
0.06841908 0.48453470 0.87209228 -1.63098452
-0.96295978 -0.19645565 0.18469880 162.13433062
0.26082043 -0.85242671 0.45314612 -19.15258959
0.00000000 0.00000000 0.00000000 1.00000000
24	24	25
0.15022848 0.95991468 -0.23663306 0.72734055
0.64468996 0.08634552 0.75955205 151.78036025
0.74953737 -0.26666130 -0.60587580 -19.91556428
0.00000000 0.00000000 0.00000000 1.00000000
25	25	26
0.01231415 0.91754790 -0.39743453 6.10603016
0.96854117 0.08785171 0.23283059 158.91947398
0.24854853 -0.38779881 -0.88760110 -13.21282028
0.00000000 0.00000000 0.00000000 1.00000000
26	26	27
-0.27890333 0.86808795 -0.41065344 9.80802303
0.88000780 0.05984156 -0.47117435 168.97320949
-0.38444663 -0.49279033 -0.78061417 -12.09501171
0.00000000 0.00000000 0.00000000 1.00000000
27	27	28
-0.28883674 0.53468304 0.79415829 10.32726072
-0.95736476 -0.16573207 -0.23661276 177.71593036
0.00510467 -0.82864162 0.55975621 -17.55976554
0.00000000 0.00000000 0.00000000 1.00000000
28	28	29
-0.18876851 0.41941127 0.88795306 9.48361288
-0.97803881 -0.16164773 -0.13156782 167.74454936
0.08835457 -0.89328842 0.44071451 -20.66928823
0.00000000 0.00000000 0.00000000 1.00000000
29	29	30
0.87395215 0.37292251 0.31166720 9.09973016
-0.43702479 0.32242715 0.83967259 156.53447136
0.21264285 -0.87003996 0.44476228 -23.33418272
0.00000000 0.00000000 0.00000000 1.00000000
30	30	31
0.95965445 0.26369420 0.09761506 21.58474947
-0.25099452 0.64686087 0.72011996 153.78869770
0.12674809 -0.71556717 0.68694872 -24.68766886
0.00000000 0.00000000 0.00000000 1.00000000
31	31	32
0.93668212 0.27721520 0.21395874 35.35195025
-0.34887328 0.79149184 0.50182477 153.46045951
-0.03023315 -0.54469478 0.83808923 -25.91504303
0.00000000 0.00000000 0.00000000 1.00000000
32	32	33
0.96156407 0.17109350 0.21475930 45.43722640
-0.23034991 0.92832999 0.29179162 151.18378367
-0.14944385 -0.33004612 0.93206013 -26.49402235
0.00000000 0.00000000 0.00000000 1.00000000
33	33	34
0.97965714 0.13742579 0.14623965 51.85226650
-0.15310837 0.98293347 0.10197852 148.43105529
-0.12972936 -0.12229450 0.98397883 -26.75311748
0.00000000 0.00000000 0.00000000 1.00000000
34	34	35
0.64079223 -0.73787094 0.21197119 57.64788152
0.76472509 0.63782630 -0.09150492 144.86848032
-0.06768198 0.22073533 0.97298256 -26.96542492
0.00000000 0.00000000 0.00000000 1.00000000
35	35	36
0.92090519 -0.03229424 0.38844653 64.64351055
-0.12111232 0.92352855 0.36390496 145.54356367
-0.37049349 -0.38216763 0.84657101 -27.88214461
0.00000000 0.00000000 0.00000000 1.00000000
36	36	37
0.66644858 -0.32468596 0.67113734 72.20532951
-0.16369126 0.81450101 0.55659076 139.43710684
-0.72735924 -0.48079844 0.48967479 -28.47875559
0.00000000 0.00000000 0.00000000 1.00000000
37	37	38
0.05550495 -0.60714403 0.79265083 83.47172611
-0.15375803 0.77920739 0.60761362 127.56403147
-0.98654836 -0.15560199 -0.05010340 -29.35079121
0.00000000 0.00000000 0.00000000 1.00000000
38	38	39
-0.43190687 -0.59572114 0.67718002 92.17742837
-0.38379746 0.80084547 0.45972387 116.16351898
-0.81618378 -0.06134207 -0.57452692 -30.03128621
0.00000000 0.00000000 0.00000000 1.00000000
39	39	40
-0.55772847 -0.78753489 0.26215976 99.07713112
-0.74287801 0.61450224 0.26555462 105.28770949
-0.37023129 -0.04664535 -0.92776775 -30.62284189
0.00000000 0.00000000 0.00000000 1.00000000
40	40	41
0.98906737 0.08675318 0.11924605 105.43240606
0.09311845 -0.99445465 -0.04887644 99.80234893
0.11434460 0.05944610 -0.99166097 -30.77517975
0.00000000 0.00000000 0.00000000 1.00000000
41	41	42
0.13309534 -0.62193480 0.77167528 106.06296068
-0.93992685 0.16775264 0.29731559 110.35551645
-0.31436148 -0.76488964 -0.56224613 -31.37792373
0.00000000 0.00000000 0.00000000 1.00000000
42	42	43
-0.65594676 -0.09246300 0.74912245 113.27798863
0.05050189 0.98486859 0.16578125 106.89059008
-0.75311580 0.14657577 -0.64135180 -23.67387031
0.00000000 0.00000000 0.00000000 1.00000000
43	43	44
-0.70895328 -0.15503404 0.68800414 113.33534407
-0.04358694 0.98330586 0.17666286 96.08055161
-0.70390726 0.09525772 -0.70387537 -26.56369857
0.00000000 0.00000000 0.00000000 1.00000000
44	44	45
-0.57186614 -0.64970254 0.50085501 113.96467799
-0.40330420 0.75432467 0.51801546 84.08885162
-0.71436325 0.09423857 -0.69340049 -29.00388091
0.00000000 0.00000000 0.00000000 1.00000000
45	45	46
-0.65399020 -0.44268452 0.61345516 120.48102804
-0.37177121 0.89430299 0.24901472 74.84690429
-0.65884975 -0.06521178 -0.74944275 -31.16429009
0.00000000 0.00000000 0.00000000 1.00000000
46	46	47
-0.70590098 -0.37758913 0.59927477 124.78974055
-0.33306554 0.92363713 0.18963598 63.85480502
-0.62511691 -0.06573355 -0.77775828 -31.53519328
0.00000000 0.00000000 0.00000000 1.00000000
47	47	48
-0.71656566 -0.41339907 0.56181390 128.54057024
-0.37058046 0.90799775 0.19547432 50.88785601
-0.59093466 -0.06812707 -0.80383763 -32.20081044
0.00000000 0.00000000 0.00000000 1.00000000
48	48	49
-0.73762505 -0.44170796 0.51068911 133.64260912
-0.38321546 0.89658916 0.22197703 31.22292204
-0.55592734 -0.03196815 -0.83061594 -33.48538514
0.00000000 0.00000000 0.00000000 1.00000000
49	49	50
-0.62331435 -0.62059133 0.47575795 136.50283954
-0.63178754 0.75818251 0.16125691 20.84590095
-0.46078599 -0.20006420 -0.86466791 -34.21339931
0.00000000 0.00000000 0.00000000 1.00000000
50	50	51
0.09915596 -0.27514342 0.95627621 140.79803758
-0.18489061 0.93918319 0.28939660 10.92945633
-0.97774412 -0.20550189 0.04225417 -33.19941471
0.00000000 0.00000000 0.00000000 1.00000000
51	51	52
0.89284632 -0.08772587 0.44173479 143.86558901
0.01551909 0.98625553 0.16449679 0.16984320
-0.45009400 -0.14001503 0.88193604 -32.79167489
0.00000000 0.00000000 0.00000000 1.00000000
52	52	53
0.84405967 -0.13145141 -0.51988826 146.90486744
0.07147864 0.98841793 -0.13386855 -10.55553120
0.53146409 0.07583214 0.84367968 -32.58450231
0.00000000 0.00000000 0.00000000 1.00000000
53	53	54
-0.03609321 -0.31592279 -0.94809813 150.78247434
-0.15465102 0.93905319 -0.30702144 -22.33703417
0.98730965 0.13554296 -0.08275122 -32.44217714
0.00000000 0.00000000 0.00000000 1.00000000
54	54	55
-0.85012038 -0.49284586 -0.18546779 156.99833364
-0.41255227 0.84222745 -0.34706419 -40.55207498
0.32725521 -0.21853118 -0.91931939 -32.21643041
0.00000000 0.00000000 0.00000000 1.00000000
55	55	56
0.68997242 0.70505840 0.16380085 160.48734904
0.69565295 -0.70843701 0.11909652 -49.49694021
0.20001258 0.03177523 -0.97927795 -29.34895537
0.00000000 0.00000000 0.00000000 1.00000000
56	56	57
0.54605470 0.82348961 0.15391271 153.19676427
0.80628295 -0.56647873 0.17032221 -39.66663745
0.22744684 0.03109195 -0.97329401 -29.45757072
0.00000000 0.00000000 0.00000000 1.00000000
57	57	58
-0.87926938 -0.34426372 0.32919271 144.22626725
-0.23165298 0.91293428 0.33598793 -31.31110170
-0.41619977 0.21916543 -0.88246488 -29.60226170
0.00000000 0.00000000 0.00000000 1.00000000
58	58	59
-0.74365915 -0.59265862 0.30939754 147.17309007
-0.47871588 0.79508709 0.37238102 -41.44298317
-0.46669281 0.12881104 -0.87498888 -32.49673028
0.00000000 0.00000000 0.00000000 1.00000000
59	59	60
-0.45698200 -0.60653747 0.65059953 153.25830358
-0.82496254 0.56250001 -0.05505030 -50.98871733
-0.33257217 -0.56187724 -0.75742308 -34.41434451
0.00000000 0.00000000 0.00000000 1.00000000
60	60	61
0.83656297 0.49595736 -0.23278466 158.10615857
0.48093735 -0.86828629 -0.12156558 -56.18736341
-0.26241508 -0.01025757 -0.96490057 -28.50908693
0.00000000 0.00000000 0.00000000 1.00000000
61	61	62
-0.13910080 0.96655347 0.21546544 153.78723367
0.82854808 0.23276140 -0.50924474 -46.46793393
-0.54236431 0.10768712 -0.83321332 -28.77522043
0.00000000 0.00000000 0.00000000 1.00000000
62	62	63
0.38523499 -0.92227092 0.03178622 143.90281853
0.57617644 0.21347901 -0.78895338 -48.11452989
0.72084306 0.32224691 0.61363035 -30.44543076
0.00000000 0.00000000 0.00000000 1.00000000
63	63	64
0.42090505 -0.90706148 -0.00885537 155.09573290
0.63189238 0.30019397 -0.71455972 -49.90748076
0.65080792 0.29516615 0.69951840 -33.18634541
0.00000000 0.00000000 0.00000000 1.00000000
64	64	65
-0.46828331 -0.29571005 -0.83262615 166.00094810
0.88229770 -0.20721233 -0.42262728 -52.69442698
-0.04755527 -0.93253344 0.35793838 -36.16062868
0.00000000 0.00000000 0.00000000 1.00000000
65	65	66
-0.34032576 0.90028803 -0.27140347 167.35163424
0.53244588 0.42240800 0.73353450 -49.91185220
0.77503533 0.10513303 -0.62311098 -26.70678556
0.00000000 0.00000000 0.00000000 1.00000000
66	66	67
-0.68741811 0.45761031 -0.56395847 157.39550335
0.02064203 0.78851916 0.61466368 -53.43262433
0.72596849 0.41088970 -0.55148835 -26.78215337
0.00000000 0.00000000 0.00000000 1.00000000
67	67	68
-0.22971591 -0.86005682 0.45555776 152.44737571
0.81580656 -0.42541158 -0.39177115 -61.11642364
0.53074500 0.28165094 0.79936381 -30.20643271
0.00000000 0.00000000 0.00000000 1.00000000
68	68	69
-0.08315543 -0.96368664 0.25375821 161.40621784
0.90035045 -0.18179936 -0.39537080 -55.70399874
0.42714663 0.19559409 0.88277330 -32.78263638
0.00000000 0.00000000 0.00000000 1.00000000
69	69	70
-0.15052321 0.36426735 0.91904954 172.02593218
0.47669734 0.84117084 -0.25532580 -52.77684945
-0.86608453 0.39967601 -0.30026101 -34.61625496
0.00000000 0.00000000 0.00000000 1.00000000
70	70	71
0.10016653 0.23829636 0.96601320 166.34245612
-0.24690377 0.94648080 -0.20787649 -67.68769853
-0.96384916 -0.21769003 0.15364197 -38.80643607
0.00000000 0.00000000 0.00000000 1.00000000
71	71	72
0.48615386 0.21049599 0.84814260 162.56837436
-0.26763645 0.95978157 -0.08479432 -84.96076594
-0.83188049 -0.18577079 0.52293791 -37.09859162
0.00000000 0.00000000 0.00000000 1.00000000
72	72	73
0.78208928 0.23451559 0.57735501 159.76795582
-0.28942860 0.95719405 0.00325983 -102.79765221
-0.55187630 -0.16965253 0.81648672 -35.38564884
0.00000000 0.00000000 0.00000000 1.00000000
73	73	74
0.95653815 0.21848345 0.19313141 157.98249298
-0.23230447 0.97126307 0.05179468 -119.83857267
-0.17626513 -0.09440888 0.97980486 -33.91716577
0.00000000 0.00000000 0.00000000 1.00000000
74	74	75
0.95561629 -0.15739995 -0.24904369 156.95642397
0.15244954 0.98753479 -0.03916846 -137.11132456
0.25210442 -0.00053658 0.96769989 -32.75134085
0.00000000 0.00000000 0.00000000 1.00000000
75	75	76
0.86566080 0.13592911 -0.48182430 159.92082437
-0.10735210 0.99044701 0.08654623 -152.52814154
0.48898559 -0.02319483 0.87198343 -31.89211041
0.00000000 0.00000000 0.00000000 1.00000000
76	76	77
0.72249046 0.12380816 -0.68020517 159.54111401
-0.08943333 0.99230564 0.08562241 -167.70174252
0.68557218 -0.00102836 0.72800394 -30.59751031
0.00000000 0.00000000 0.00000000 1.00000000
77	77	78
0.52663585 0.11123257 -0.84278230 158.58313132
-0.07184077 0.99367937 0.08625665 -188.04625544
0.84704993 0.01512028 0.53129821 -29.07337012
0.00000000 0.00000000 0.00000000 1.00000000
78	78	79
0.29565451 0.08663577 -0.95135832 157.60750150
-0.01417415 0.99616737 0.08631141 -202.47274542
0.95518978 -0.01203367 0.29574936 -28.17190725
0.00000000 0.00000000 0.00000000 1.00000000
79	79	80
0.04725842 0.02291269 -0.99861987 156.88696775
-0.00473118 0.99973080 0.02271429 -211.05998660
0.99887149 0.00365121 0.04735410 -27.66987013
0.00000000 0.00000000 0.00000000 1.00000000
80	80	81
0.24141712 0.37216894 -0.89621875 156.71304049
0.25884103 0.86538131 0.42908799 -216.22596328
0.93526418 -0.33556738 0.11258527 -27.49685565
0.00000000 0.00000000 0.00000000 1.00000000
81	81	82
0.42802315 0.51701061 -0.74128012 154.94106951
0.30078923 0.69195975 0.65629075 -220.37178368
0.85224528 -0.50387671 0.14066357 -25.72748855
0.00000000 0.00000000 0.00000000 1.00000000
82	82	83
0.53371487 0.36457671 -0.76304145 152.49700096
0.19451566 0.82518033 0.53032169 -223.62383135
0.82298973 -0.43146408 0.36949514 -23.20439652
0.00000000 0.00000000 0.00000000 1.00000000
83	83	84
0.70874317 -0.47266290 -0.52371071 149.41033901
0.00161226 0.74344404 -0.66879620 -230.72663073
0.70546476 0.47316038 0.52767294 -19.40084966
0.00000000 0.00000000 0.00000000 1.00000000
84	84	85
0.80293268 -0.00936958 -0.59599608 157.72565891
-0.01110273 0.99946789 -0.03067023 -243.58362867
0.59596631 0.03124331 0.80240141 -27.53384103
0.00000000 0.00000000 0.00000000 1.00000000
85	85	86
0.87602799 0.07573495 -0.47627637 158.19404231
0.03400903 0.97543158 0.21766171 -255.36438455
0.48105962 -0.20687545 0.85192969 -27.95796427
0.00000000 0.00000000 0.00000000 1.00000000
86	86	87
0.91254049 0.18933278 -0.36252303 157.34427617
-0.10669290 0.96590483 0.23589082 -266.27352651
0.39482461 -0.17658129 0.90162774 -25.67527570
0.00000000 0.00000000 0.00000000 1.00000000
87	87	88
0.96363978 -0.07380773 -0.25680886 154.92762303
0.11499573 0.98208987 0.14924966 -276.07977776
0.24119360 -0.17335483 0.95486845 -24.01297940
0.00000000 0.00000000 0.00000000 1.00000000
88	88	89
0.64299107 0.74911777 -0.15932685 155.21917496
-0.75077509 0.65762901 0.06213575 -285.82167445
0.15132495 0.07966590 0.98526854 -22.35116840
0.00000000 0.00000000 0.00000000 1.00000000
89	89	90
0.23949339 -0.91574084 0.32258585 147.06068087
0.95385641 0.15994433 -0.25411761 -292.13441618
0.18111010 0.36856007 0.91179088 -22.87921266
0.00000000 0.00000000 0.00000000 1.00000000
90	90	91
0.98982873 0.06679809 -0.12560693 156.70720061
-0.06337188 0.99750583 0.03108253 -296.33965230
0.12736990 -0.02280643 0.99159305 -26.45818915
0.00000000 0.00000000 0.00000000 1.00000000
91	91	92
0.93662095 0.14820508 -0.31745308 155.30049982
-0.21846738 0.95543834 -0.19851850 -307.26622922
0.27388540 0.25528972 0.92726153 -26.21762460
0.00000000 0.00000000 0.00000000 1.00000000
92	92	93
0.83282142 0.52614240 0.17199609 153.62376192
0.25212162 -0.63716736 0.72832167 -317.32185018
0.49279121 -0.56319795 -0.66329850 -28.88332176
0.00000000 0.00000000 0.00000000 1.00000000
93	93	94
0.99168272 -0.12376564 -0.03531920 148.86628815
-0.12870652 -0.95383072 -0.27136985 -310.45512147
-0.00010228 0.27365860 -0.96182689 -22.71182060
0.00000000 0.00000000 0.00000000 1.00000000
94	94	95
0.74606796 -0.65143510 0.13789455 151.41076842
-0.58669187 -0.54516140 0.59882526 -300.30438823
-0.31492101 -0.52766596 -0.78891913 -25.79619611
0.00000000 0.00000000 0.00000000 1.00000000
95	95	96
-0.08995584 0.10206960 -0.99070164 158.56274821
-0.08878010 0.98995267 0.11005368 -298.65490350
0.99198087 0.09785457 -0.07999027 -20.38802984
0.00000000 0.00000000 0.00000000 1.00000000
96	96	97
0.00312383 0.10915765 -0.99401954 157.03389850
-0.15817237 0.98156494 0.10729288 -311.62008258
0.98740657 0.15689126 0.02033196 -19.18038469
0.00000000 0.00000000 0.00000000 1.00000000
97	97	98
-0.53186436 0.62266623 -0.57393995 155.76338163
-0.79598462 -0.13628537 0.58977520 -323.02227074
0.28901348 0.77052778 0.56811808 -18.50325183
0.00000000 0.00000000 0.00000000 1.00000000
98	98	99
-0.93649235 -0.00929105 -0.35056491 147.90311781
-0.01652995 -0.99736837 0.07059111 -322.95486585
-0.35029822 0.07190286 0.93387426 -26.58361738
0.00000000 0.00000000 0.00000000 1.00000000
99	99	100
0.66792478 0.24294065 0.70346025 148.36735708
-0.07410448 0.96223298 -0.26194698 -304.88372613
-0.74053023 0.12283132 0.66070224 -27.87054623
0.00000000 0.00000000 0.00000000 1.00000000
100	100	101
0.56370633 -0.13063114 0.81557997 143.21545162
0.34212409 0.93565538 -0.08660314 -318.65569149
-0.75178872 0.32784830 0.57212692 -26.19596663
0.00000000 0.00000000 0.00000000 1.00000000
101	101	102
0.54849639 0.04276246 0.83505873 140.89930998
0.23580092 0.95024626 -0.20354355 -332.21720429
-0.80221545 0.30855052 0.51112322 -25.68755275
0.00000000 0.00000000 0.00000000 1.00000000
102	102	103
0.42408762 -0.12433559 0.89704535 136.19330886
0.52286553 0.84237708 -0.13043192 -344.76925658
-0.73943311 0.52434866 0.42225248 -23.69530700
0.00000000 0.00000000 0.00000000 1.00000000
103	103	104
0.41474472 -0.05186884 0.90845828 133.89049603
0.63135818 0.73535459 -0.24625289 -357.83101515
-0.65526611 0.67569465 0.33773225 -23.06268078
0.00000000 0.00000000 0.00000000 1.00000000
104	104	105
0.24396762 -0.11835441 0.96253417 129.96131331
0.82304716 0.55020354 -0.14095899 -369.18980036
-0.51290659 0.82660044 0.23164311 -21.42908603
0.00000000 0.00000000 0.00000000 1.00000000
105	105	106
0.50605617 -0.22355104 0.83302586 125.36949565
0.72102431 0.63967149 -0.26635376 -388.51779219
-0.47331924 0.73542187 0.48489543 -19.51104633
0.00000000 0.00000000 0.00000000 1.00000000
106	106	107
0.61951545 -0.38707363 0.68291626 118.84607056
0.68967349 0.68388227 -0.23802419 -404.85489909
-0.37490144 0.61844890 0.69063005 -17.40216539
0.00000000 0.00000000 0.00000000 1.00000000
107	107	108
0.71643024 -0.48549415 0.50102210 111.84288542
0.63197131 0.75582858 -0.17127589 -419.54344306
-0.29553338 0.43933882 0.84831682 -15.41976662
0.00000000 0.00000000 0.00000000 1.00000000
108	108	109
0.80263242 -0.51550317 0.30006279 104.66244642
0.55955366 0.82497815 -0.07944023 -431.98904690
-0.20659355 0.23166254 0.95060590 -13.72980353
0.00000000 0.00000000 0.00000000 1.00000000
109	109	110
0.77892832 -0.61580965 0.11852911 96.51807983
0.61500531 0.78708204 0.04764799 -443.61592577
-0.12263422 0.03578167 0.99180669 -12.24530593
0.00000000 0.00000000 0.00000000 1.00000000
110	110	111
0.86560549 -0.44807393 0.22351039 89.61303830
0.47958375 0.87021792 -0.11278384 -454.46053625
-0.14396725 0.20481826 0.96815438 -11.03734653
0.00000000 0.00000000 0.00000000 1.00000000
111	111	112
0.89872720 -0.32646824 0.29275915 81.34984813
0.40852539 0.86597901 -0.28842219 -464.10197693
-0.15936260 0.37881241 0.91164945 -10.35053199
0.00000000 0.00000000 0.00000000 1.00000000
112	112	113
0.91643791 -0.21100490 0.34002718 72.40248477
0.35981580 0.80635599 -0.46938534 -472.85582144
-0.17514035 0.55250968 0.81489810 -10.19241642
0.00000000 0.00000000 0.00000000 1.00000000
113	113	114
0.86113794 -0.31604745 0.39819022 60.75922660
0.50688014 0.59373687 -0.62493924 -482.62221124
-0.03890976 0.73999361 0.67148752 -10.62950625
0.00000000 0.00000000 0.00000000 1.00000000
114	114	115
0.78481667 -0.43018187 0.44610128 54.97668178
0.58501841 0.27674383 -0.76234265 -486.94746014
0.20449021 0.85927668 0.46885749 -11.01461900
0.00000000 0.00000000 0.00000000 1.00000000
115	115	116
0.75729528 -0.40734077 0.51046778 49.64715278
0.63441127 0.27333158 -0.72305753 -490.66392859
0.15500385 0.87141457 0.46541429 -11.15658486
0.00000000 0.00000000 0.00000000 1.00000000
116	116	117
0.74248290 -0.43372721 0.51048982 43.98267111
0.64120598 0.23965398 -0.72898618 -494.48682054
0.19384022 0.86858890 0.45604746 -10.63393456
0.00000000 0.00000000 0.00000000 1.00000000
117	117	118
0.70679351 -0.48391809 0.51600990 37.34870777
0.65583550 0.17480070 -0.73438717 -498.92192493
0.26518434 0.85747769 0.44091867 -10.02670768
0.00000000 0.00000000 0.00000000 1.00000000
118	118	119
0.34176014 -0.76715158 0.54284295 28.87133029
0.64733353 -0.22658025 -0.72775044 -504.71221181
0.68129238 0.60011653 0.41916684 -9.29996008
0.00000000 0.00000000 0.00000000 1.00000000
119	119	120
0.43697251 -0.28546756 -0.85297321 12.89985096
-0.28046849 0.85777905 -0.43075809 -516.01717024
0.85463001 0.42746155 0.29476121 -7.84615203
0.00000000 0.00000000 0.00000000 1.00000000
120	120	121
0.90668375 -0.14088246 -0.39758862 7.54484258
0.11355628 0.98930080 -0.09159091 -503.58980821
0.40623830 0.03789530 0.91298105 -6.07772370
0.00000000 0.00000000 0.00000000 1.00000000
121	121	122
0.92431780 -0.18432623 0.33415633 2.71688640
0.10091090 0.96250362 0.25180107 -492.10221395
-0.36804022 -0.19902420 0.90825975 -7.06245830
0.00000000 0.00000000 0.00000000 1.00000000
122	122	123
0.43376173 -0.40465113 0.80505169 -2.92850705
-0.17324442 0.83935498 0.51523740 -480.66758350
-0.88421554 -0.36296099 0.29397652 -8.24553105
0.00000000 0.00000000 0.00000000 1.00000000
123	123	124
-0.28390584 -0.64408802 0.71031549 -10.21129123
-0.48253204 0.73612974 0.47463231 -468.73733610
-0.82858934 -0.20799910 -0.51978464 -9.67332850
0.00000000 0.00000000 0.00000000 1.00000000
124	124	125
-0.99247101 0.11643865 -0.03799119 -16.11826351
0.11814321 0.99192044 -0.04621702 -461.24932685
0.03230279 -0.05035745 -0.99820872 -10.75513285
0.00000000 0.00000000 0.00000000 1.00000000
125	125	126
-0.78024103 0.61411066 0.11870985 -15.10164286
0.61179636 0.78878217 -0.05939619 -453.24698470
-0.13011205 0.02628291 -0.99115088 -11.09676286
0.00000000 0.00000000 0.00000000 1.00000000
126	126	127
-0.63235077 0.73336343 0.24962086 -11.52137664
0.73364102 0.67039774 -0.11107535 -445.15911899
-0.24880386 0.11289352 -0.96195202 -11.15241473
0.00000000 0.00000000 0.00000000 1.00000000
127	127	128
-0.50457678 0.78618249 0.35681840 -7.14695105
0.78778664 0.58834974 -0.18230959 -436.18382854
-0.35326262 0.18910758 -0.91621168 -11.09558240
0.00000000 0.00000000 0.00000000 1.00000000
128	128	129
-0.47916283 0.75103535 0.45425642 -2.82523092
0.74717225 0.62059247 -0.23790464 -428.09926632
-0.46058291 0.22541273 -0.85851761 -10.90482858
0.00000000 0.00000000 0.00000000 1.00000000
129	129	130
-0.72417867 0.36904508 0.58255557 1.12248423
0.35947412 0.92292419 -0.13780169 -421.53895267
-0.58850966 0.10962061 -0.80102416 -10.60971700
0.00000000 0.00000000 0.00000000 1.00000000
130	130	131
-0.62040995 0.31095892 0.71999725 2.35430739
0.27150393 0.94643003 -0.17480222 -413.31225216
-0.73578333 0.08703305 -0.67160117 -11.05303674
0.00000000 0.00000000 0.00000000 1.00000000
131	131	132
-0.55502909 0.06922644 0.82894536 4.14096058
-0.19968710 0.95630284 -0.21356485 -405.00714492
-0.80750713 -0.28406440 -0.51695227 -11.23302663
0.00000000 0.00000000 0.00000000 1.00000000
132	132	133
-0.29813908 -0.23171830 0.92596961 5.40284106
-0.92673478 0.30263584 -0.22265265 -399.21078582
-0.22863890 -0.92450970 -0.30496897 -11.41453297
0.00000000 0.00000000 0.00000000 1.00000000
133	133	134
-0.17189947 -0.13404814 0.97595167 6.35689298
-0.97431326 0.16943857 -0.14833829 -395.06244816
-0.14547939 -0.97638193 -0.15973128 -11.37397873
0.00000000 0.00000000 0.00000000 1.00000000
134	134	135
0.79281262 -0.15359776 0.58979307 6.94491795
-0.56263866 0.18753698 0.80515068 -391.21731267
-0.23427736 -0.97017401 0.06226165 -11.43394583
0.00000000 0.00000000 0.00000000 1.00000000
135	135	136
0.55788726 -0.40439438 0.72472546 4.68013060
-0.80408265 -0.04719449 0.59264136 -389.18181746
-0.20545779 -0.91336623 -0.35149571 -10.02433801
0.00000000 0.00000000 0.00000000 1.00000000
136	136	137
0.82533877 -0.26172589 0.50031537 3.85346896
-0.53169678 -0.06202392 0.84466063 -386.70698523
-0.19003804 -0.96314723 -0.19034956 -7.76726370
0.00000000 0.00000000 0.00000000 1.00000000
137	137	138
0.99780984 -0.05830910 0.03123417 2.93391061
-0.01850563 0.20726360 0.97811009 -385.51231716
-0.06350643 -0.97654588 0.20573061 -4.97477838
0.00000000 0.00000000 0.00000000 1.00000000
138	138	139
0.87645119 -0.01806141 -0.48115185 1.89555642
0.42651343 0.49282811 0.75842385 -386.10472859
0.22342696 -0.86993921 0.43964322 -2.09002481
0.00000000 0.00000000 0.00000000 1.00000000
139	139	140
0.43393597 -0.40992970 -0.80228250 1.29675700
0.89326140 0.31179911 0.32382925 -388.01990612
0.11740375 -0.85716915 0.50147522 0.50306384
0.00000000 0.00000000 0.00000000 1.00000000
140	140	141
0.92640077 -0.08809162 0.36608944 -12.25840288
0.04070969 0.98998155 0.13520080 -405.56369655
-0.37433185 -0.11034674 0.92070585 -11.39506119
0.00000000 0.00000000 0.00000000 1.00000000
141	141	142
0.53841505 0.02409954 0.84233512 -9.78756748
-0.34930402 0.91605262 0.19706420 -419.51449702
-0.76687413 -0.40033338 0.50163458 -10.71597903
0.00000000 0.00000000 0.00000000 1.00000000
142	142	143
0.00533451 -0.21420562 0.97677402 -7.44519178
-0.48029508 0.85619500 0.19038582 -430.96280584
-0.87709075 -0.47015538 -0.09831452 -10.65624858
0.00000000 0.00000000 0.00000000 1.00000000
143	143	144
-0.50833294 -0.44600674 0.73666519 -5.68783005
-0.54224810 0.83032824 0.12853793 -440.91481980
-0.66900270 -0.33411524 -0.66392951 -10.79590356
0.00000000 0.00000000 0.00000000 1.00000000
144	144	145
-0.99528733 0.01375650 0.09598899 -4.41427576
0.00491805 0.99577329 -0.09171348 -450.90897485
-0.09684493 -0.09080918 -0.99114820 -11.13651511
0.00000000 0.00000000 0.00000000 1.00000000
145	145	146
-0.61672486 -0.77487428 -0.13863729 -8.35787847
-0.75818307 0.63208318 -0.16009153 -460.11078351
0.21168110 0.00638002 -0.97731797 -10.54749734
0.00000000 0.00000000 0.00000000 1.00000000
146	146	147
-0.70197192 -0.67815692 -0.21757440 -3.37973630
-0.65425992 0.73473070 -0.17920590 -470.83840492
0.28138831 0.01655270 -0.95945121 -9.46976831
0.00000000 0.00000000 0.00000000 1.00000000
147	147	148
-0.79128475 -0.58385270 -0.18161627 1.47952576
-0.56823038 0.81185413 -0.13419055 -483.10739519
0.22579343 -0.00298305 -0.97417064 -8.51486078
0.00000000 0.00000000 0.00000000 1.00000000
148	148	149
-0.83036863 -0.55656638 -0.02686627 5.86338732
-0.55394482 0.82975166 -0.06824460 -495.98121676
0.06027498 -0.04178575 -0.99730681 -7.68188861
0.00000000 0.00000000 0.00000000 1.00000000
149	149	150
-0.66739707 -0.74398656 -0.03263659 9.40559290
-0.60250972 0.51368943 0.61082339 -507.62294050
-0.43767932 0.42732560 -0.79109395 -7.09217421
0.00000000 0.00000000 0.00000000 1.00000000
150	150	151
-0.23686700 -0.10503924 -0.96584718 14.61028727
0.40661987 -0.91359737 -0.00036368 -513.58060776
-0.88235724 -0.39281880 0.25911211 -12.37007462
0.00000000 0.00000000 0.00000000 1.00000000
151	151	152
-0.39642889 0.07991468 -0.91458066 14.93201688
0.50424173 -0.81353695 -0.28965136 -503.65276472
-0.76719255 -0.57599590 0.28221324 -10.84417761
0.00000000 0.00000000 0.00000000 1.00000000
152	152	153
-0.59590664 0.16014338 -0.78692400 12.89877983
0.64514060 -0.48806713 -0.58786400 -493.84276937
-0.47821426 -0.85798868 0.18752744 -7.05243988
0.00000000 0.00000000 0.00000000 1.00000000
153	153	154
-0.48777582 -0.37163214 -0.78991411 9.73694663
0.44454945 -0.88448903 0.14161549 -487.52204421
-0.75129923 -0.28207927 0.59664122 0.10550642
0.00000000 0.00000000 0.00000000 1.00000000
154	154	155
0.62480589 -0.05360020 -0.77893814 12.20877395
-0.59496865 0.61334297 -0.51944461 -476.97865711
0.50559857 0.78799582 0.35132986 0.92887800
0.00000000 0.00000000 0.00000000 1.00000000
155	155	156
0.65097982 -0.01672963 -0.75891066 14.74962974
-0.05528026 0.99605778 -0.06937576 -486.19001465
0.75707950 0.08711500 0.64748869 -5.22920406
0.00000000 0.00000000 0.00000000 1.00000000
156	156	157
0.76226588 0.00330789 -0.64725558 16.88972408
0.02552162 0.99905568 0.03516235 -496.99037647
0.64676068 -0.04332207 0.76146164 -3.74344579
0.00000000 0.00000000 0.00000000 1.00000000
157	157	158
0.00675056 0.24643686 0.96913534 19.11473658
0.99975385 -0.02214631 -0.00133236 -506.85065266
0.02113443 0.96890578 -0.24652570 -1.18121661
0.00000000 0.00000000 0.00000000 1.00000000
158	158	159
-0.79182276 0.41546468 -0.44766709 16.70885469
0.51657201 0.84662609 -0.12797509 -503.66765455
0.32583751 -0.33258588 -0.88499523 -10.84097011
0.00000000 0.00000000 0.00000000 1.00000000
159	159	160
-0.57354338 -0.74276536 -0.34546724 10.25937604
-0.78497703 0.37775427 0.49103236 -510.44775541
-0.23422011 0.55281220 -0.79971220 -6.66420152
0.00000000 0.00000000 0.00000000 1.00000000
160	160	161
-0.83571532 -0.29590148 -0.46262535 15.94575146
-0.29272716 0.95279147 -0.08061779 -517.48784619
0.46464041 0.06804948 -0.88288083 -12.62395412
0.00000000 0.00000000 0.00000000 1.00000000
161	161	162
-0.69581232 -0.23440333 -0.67889638 16.66383517
-0.25203394 0.96482233 -0.07481148 -528.33137837
0.67255044 0.11905018 -0.73041287 -12.02369714
0.00000000 0.00000000 0.00000000 1.00000000
162	162	163
-0.52339020 -0.14889087 -0.83898403 17.03246274
-0.23087545 0.97256383 -0.02856780 -539.76175781
0.82021901 0.17874871 -0.54340562 -11.33559682
0.00000000 0.00000000 0.00000000 1.00000000
163	163	164
-0.33513868 -0.04496087 -0.94109542 16.98585296
-0.20700447 0.97796749 0.02699507 -550.75327615
0.91914700 0.20385805 -0.33706184 -10.70382798
0.00000000 0.00000000 0.00000000 1.00000000
164	164	165
-0.04877662 -0.25477252 -0.96577006 16.37993149
-0.25548550 0.93793629 -0.23452650 -562.31680286
0.96558169 0.23530084 -0.11084005 -10.06522141
0.00000000 0.00000000 0.00000000 1.00000000
165	165	166
-0.13903677 -0.45785049 -0.87808981 19.44450319
-0.34656212 0.85312717 -0.38995990 -574.03749658
0.92766561 0.25009390 -0.27728968 -9.54396394
0.00000000 0.00000000 0.00000000 1.00000000
166	166	167
-0.33070037 -0.48022027 -0.81241969 25.92547101
-0.35533214 0.86086367 -0.36421534 -588.81275449
0.87428619 0.16823268 -0.45532563 -9.36727008
0.00000000 0.00000000 0.00000000 1.00000000
167	167	168
-0.63090514 -0.28263043 -0.72255017 30.43526823
-0.09884166 0.95298016 -0.28645966 -599.71131350
0.76953819 -0.10931081 -0.62917575 -9.21499876
0.00000000 0.00000000 0.00000000 1.00000000
168	168	169
-0.81718551 -0.01080893 -0.57627339 32.12023406
0.12411514 0.97306791 -0.19425314 -604.34657709
0.56285281 -0.23026510 -0.79383544 -9.18522147
0.00000000 0.00000000 0.00000000 1.00000000
169	169	170
-0.92971832 -0.00290625 -0.36825996 33.40558504
0.06039999 0.98522472 -0.16026256 -608.66127660
0.36328458 -0.17124194 -0.91580594 -9.16860070
0.00000000 0.00000000 0.00000000 1.00000000
170	170	171
-0.80641437 0.37974242 -0.45331176 35.62349770
0.47357104 0.87380082 -0.11046536 -613.25861433
0.35415580 -0.30375618 -0.88448056 -9.30960953
0.00000000 0.00000000 0.00000000 1.00000000
171	171	172
-0.07652529 0.91156560 -0.40397035 36.71133558
0.95061452 0.18893030 0.24624657 -619.25343713
0.30079214 -0.36517599 -0.88100544 -9.13556888
0.00000000 0.00000000 0.00000000 1.00000000
172	172	173
0.92371877 -0.31900589 0.21208223 31.04112622
-0.36031700 -0.91151072 0.19829236 -626.81182938
0.13005879 -0.25958320 -0.95692281 -8.76102948
0.00000000 0.00000000 0.00000000 1.00000000
173	173	174
0.64687780 -0.74943369 0.14106117 15.04039497
-0.75918010 -0.65035147 0.02624006 -614.19371526
0.07207415 -0.12406494 -0.98965307 -9.77764926
0.00000000 0.00000000 0.00000000 1.00000000
174	174	175
0.81560385 -0.48266134 -0.31910561 8.26614416
-0.42882664 -0.87448928 0.22666322 -604.81494625
-0.38845600 -0.04802641 -0.92021487 -10.29208753
0.00000000 0.00000000 0.00000000 1.00000000
175	175	176
0.36259050 -0.07348221 -0.92904709 -0.00209925
0.93109010 0.07134174 0.35774513 -605.89554036
0.03999193 -0.99474153 0.09428640 -6.89022174
0.00000000 0.00000000 0.00000000 1.00000000
176	176	177
0.40406692 -0.42476810 -0.81012467 -4.95013173
0.91308305 0.24040931 0.32936714 -619.37615228
0.05485685 -0.87279747 0.48499000 -6.87271328
0.00000000 0.00000000 0.00000000 1.00000000
177	177	178
0.49550416 -0.67700487 -0.54418749 -10.03783570
0.86517564 0.44030023 0.24001421 -631.76526603
0.07711509 -0.58974580 0.80389872 -6.87175535
0.00000000 0.00000000 0.00000000 1.00000000
178	178	179
0.63013414 -0.75662987 -0.17447694 -14.84128807
0.77480595 0.62746613 0.07721401 -642.21211008
0.05105594 -0.18384095 0.98162915 -6.86843308
0.00000000 0.00000000 0.00000000 1.00000000
179	179	180
0.74534272 -0.62741677 0.22541611 -19.92209126
0.66305428 0.73285112 -0.15260490 -652.12203794
-0.06944958 0.26320607 0.96223662 -6.86992885
0.00000000 0.00000000 0.00000000 1.00000000
180	180	181
0.83127248 -0.16621008 0.53043405 -25.27214608
0.43969833 0.78042031 -0.44453292 -661.15031054
-0.34007565 0.60275895 0.72182422 -6.96225321
0.00000000 0.00000000 0.00000000 1.00000000
181	181	182
0.68156606 0.26858462 0.68068349 -32.66565344
0.41809674 0.62048536 -0.66347044 -669.80305594
-0.60055210 0.73679048 0.31060741 -6.74022610
0.00000000 0.00000000 0.00000000 1.00000000
182	182	183
0.31435867 0.68807863 0.65400797 -41.30768904
0.47635238 0.48158475 -0.73563886 -678.78604054
-0.82113765 0.54279271 -0.17637755 -6.50189163
0.00000000 0.00000000 0.00000000 1.00000000
183	183	184
-0.16671497 0.84847275 0.50229485 -54.75630374
0.63709735 0.48149794 -0.60188595 -691.31946328
-0.75253776 0.21966732 -0.62083266 -6.18598164
0.00000000 0.00000000 0.00000000 1.00000000
184	184	185
-0.97421051 0.12507109 0.18780605 -66.52189406
0.11617620 0.99155183 -0.05768926 -701.34628176
-0.19343469 -0.03438289 -0.98051050 -5.91872816
0.00000000 0.00000000 0.00000000 1.00000000
185	185	186
-0.73086314 0.68198223 0.02719011 -67.41545174
0.67851164 0.73030312 -0.07924214 -715.60936910
-0.07389876 -0.03946635 -0.99648451 -5.07567117
0.00000000 0.00000000 0.00000000 1.00000000
186	186	187
-0.66503212 0.74219488 -0.08293997 -75.59722536
0.74413085 0.66794998 0.01058777 -729.31790471
0.06325794 -0.05467698 -0.99649830 -4.39892167
0.00000000 0.00000000 0.00000000 1.00000000
187	187	188
-0.60690178 0.77309225 -0.18438709 -88.01963569
0.76829742 0.63006082 0.11288242 -747.85489507
0.20344361 -0.07315558 -0.97634981 -3.49186818
0.00000000 0.00000000 0.00000000 1.00000000
188	188	189
-0.52479215 0.80288681 -0.28278256 -94.10628810
0.77942114 0.58677645 0.21953608 -756.02226902
0.34219277 -0.10519589 -0.93372262 -3.08911363
0.00000000 0.00000000 0.00000000 1.00000000
189	189	190
-0.71533344 0.52856809 -0.45707093 -100.56019573
0.51079248 0.84187858 0.17415941 -763.90681392
0.47685333 -0.10888634 -0.87221251 -2.71752829
0.00000000 0.00000000 0.00000000 1.00000000
190	190	191
-0.62254038 0.68337151 -0.38137495 -102.93486678
0.68138058 0.71300685 0.16535339 -770.51241054
0.38492075 -0.15692232 -0.90951163 -2.38685803
0.00000000 0.00000000 0.00000000 1.00000000
191	191	192
-0.59379210 0.75695162 -0.27282812 -106.68177548
0.74711268 0.64457567 0.16231094 -776.71304786
0.29871990 -0.10745440 -0.94827210 -1.66065177
0.00000000 0.00000000 0.00000000 1.00000000
192	192	193
-0.53593842 0.82487038 -0.17988568 -111.45373489
0.81784578 0.56012815 0.13185121 -783.02081865
0.20951919 -0.07645462 -0.97481096 -1.04348369
0.00000000 0.00000000 0.00000000 1.00000000
193	193	194
-0.37098021 0.92265761 -0.10524551 -122.43486198
0.92186957 0.37956357 0.07802562 -795.57416022
0.11193829 -0.06807667 -0.99138055 -0.06243729
0.00000000 0.00000000 0.00000000 1.00000000
194	194	195
-0.28116021 0.95966071 0.00051424 -129.68667918
0.95783929 0.28059349 0.06173477 -803.10846375
0.05910014 0.01784992 -0.99809246 0.40863689
0.00000000 0.00000000 0.00000000 1.00000000
195	195	196
-0.12182155 0.99163954 0.04255027 -136.79502898
0.99187069 0.12321416 -0.03179314 -811.06020564
-0.03677013 0.03833127 -0.99858834 0.37716057
0.00000000 0.00000000 0.00000000 1.00000000
196	196	197
0.14256205 0.98385578 0.10818443 -145.38964723
0.98621696 -0.13192346 -0.09986149 -820.33492742
-0.08397724 0.12092978 -0.98910253 0.69594950
0.00000000 0.00000000 0.00000000 1.00000000
197	197	198
0.46415201 0.86938946 0.16948416 -156.10357132
0.88200808 -0.43606580 -0.17862913 -831.25547919
-0.08139204 0.23239747 -0.96920934 1.05812685
0.00000000 0.00000000 0.00000000 1.00000000
198	198	199
0.60891383 0.76271250 0.21793026 -168.01975366
0.78946312 -0.55593255 -0.26016720 -842.90967749
-0.07727825 0.33046731 -0.94064841 1.58883941
