0	0	1
1.00000000 0.00000000 0.00000000 0.00000000
0.00000000 1.00000000 0.00000000 0.00000000
0.00000000 0.00000000 1.00000000 0.00000000
0.00000000 0.00000000 0.00000000 1.00000000
1	1	2
0.99984789 -0.01605098 -0.00682414 -7.44219647
0.01614692 0.99976816 0.01424425 13.17538940
0.00659392 -0.01435228 0.99987526 0.08620492
0.00000000 0.00000000 0.00000000 1.00000000
2	2	3
0.99957648 -0.02835021 -0.00656632 -12.20687273
0.02849788 0.99931500 0.02360928 23.10139727
0.00589249 -0.02378641 0.99969970 -0.00949866
0.00000000 0.00000000 0.00000000 1.00000000
3	3	4
0.99944113 -0.03289759 -0.00593163 -16.93236450
0.03306031 0.99900845 0.02981816 31.95077273
0.00494480 -0.02999760 0.99953774 -0.26561061
0.00000000 0.00000000 0.00000000 1.00000000
4	4	5
0.99926263 -0.03765381 -0.00750859 -21.85534260
0.03792013 0.99851116 0.03921138 41.10637293
0.00602095 -0.03946719 0.99920273 -0.64050084
0.00000000 0.00000000 0.00000000 1.00000000
5	5	6
0.99902874 -0.04303880 -0.00944691 -26.62100815
0.04344853 0.99787313 0.04859467 49.70202975
0.00733536 -0.04895793 0.99877391 -1.15026030
0.00000000 0.00000000 0.00000000 1.00000000
6	6	7
0.99872105 -0.04960050 -0.00980092 -31.47435545
0.05008944 0.99703982 0.05833214 58.52163739
0.00687860 -0.05874846 0.99824912 -1.73431842
0.00000000 0.00000000 0.00000000 1.00000000
7	7	8
0.99843483 -0.05515834 -0.00924339 -36.41161837
0.05565091 0.99625070 0.06623840 66.92470992
0.00555514 -0.06664913 0.99776101 -2.42416412
0.00000000 0.00000000 0.00000000 1.00000000
8	8	9
0.99833690 -0.05711123 -0.00785779 -41.49915789
0.05754797 0.99535827 0.07713721 75.22760212
0.00341592 -0.07746112 0.99698952 -3.05560712
0.00000000 0.00000000 0.00000000 1.00000000
9	9	10
0.99820214 -0.05978370 -0.00428891 -46.50748418
0.05993082 0.99447875 0.08614127 83.41190364
-0.00088462 -0.08624344 0.99627370 -3.78297797
0.00000000 0.00000000 0.00000000 1.00000000
10	10	11
0.99830391 -0.05821468 0.00060005 -51.78799878
0.05788718 0.99367908 0.09618187 92.20540710
-0.00619545 -0.09598401 0.99536360 -4.59727425
0.00000000 0.00000000 0.00000000 1.00000000
11	11	12
0.99847383 -0.05458349 0.00840540 -56.94669437
0.05345389 0.99341527 0.10133504 101.00904201
-0.01388127 -0.10073109 0.99481685 -5.46585581
0.00000000 0.00000000 0.00000000 1.00000000
12	12	13
0.99856157 -0.05113255 0.01613225 -62.57866140
0.04926861 0.99375331 0.10013472 110.51888812
-0.02115162 -0.09919587 0.99484310 -6.34234034
0.00000000 0.00000000 0.00000000 1.00000000
13	13	14
0.99868033 -0.04762525 0.01922051 -68.47261552
0.04549202 0.99401822 0.09928877 120.45559884
-0.02383419 -0.09828336 0.99487301 -7.06511918
0.00000000 0.00000000 0.00000000 1.00000000
14	14	15
0.99874652 -0.04468436 0.02255454 -74.48332122
0.04226543 0.99426527 0.09823547 131.95685053
-0.02681478 -0.09715906 0.99490758 -8.07004128
0.00000000 0.00000000 0.00000000 1.00000000
15	15	16
0.99884628 -0.04062308 0.02561012 -78.06018841
0.03800497 0.99470030 0.09553497 143.24617889
-0.02935532 -0.09445144 0.99509657 -9.45212234
0.00000000 0.00000000 0.00000000 1.00000000
16	16	17
0.99890641 -0.03594669 0.02989682 -78.04053589
0.03297139 0.99496272 0.09466827 147.19668182
-0.03314924 -0.09357900 0.99505985 -9.91188501
0.00000000 0.00000000 0.00000000 1.00000000
17	17	18
0.99879323 -0.03271738 0.03662868 -77.33662455
0.02908425 0.99498815 0.09566965 150.66950760
-0.03957516 -0.09448888 0.99473899 -10.36394298
0.00000000 0.00000000 0.00000000 1.00000000
18	18	19
0.99857051 -0.02933240 0.04468272 -75.86488022
0.02489397 0.99498870 0.09683892 154.59660739
-0.04729932 -0.09558816 0.99429657 -10.85063120
0.00000000 0.00000000 0.00000000 1.00000000
19	19	20
0.99833957 -0.02553474 0.05163401 -73.49955616
0.02045629 0.99511342 0.09659613 159.68929869
-0.05384825 -0.09537950 0.99398346 -11.57847249
0.00000000 0.00000000 0.00000000 1.00000000
20	20	21
0.99822311 -0.01993546 0.05615342 -67.10198636
0.01477347 0.99575173 0.09088584 167.20475989
-0.05772671 -0.08989477 0.99427690 -13.17595536
0.00000000 0.00000000 0.00000000 1.00000000
21	21	22
0.99819303 -0.01794241 0.05734763 -53.08504231
0.01288727 0.99609576 0.08733358 174.83199223
-0.05869070 -0.08643672 0.99452707 -15.03256163
0.00000000 0.00000000 0.00000000 1.00000000
22	22	23
0.99818110 -0.01701139 0.05783689 -43.31763685
0.01220778 0.99652326 0.08241582 178.91759456
-0.05903781 -0.08155986 0.99491835 -16.18518628
0.00000000 0.00000000 0.00000000 1.00000000
23	23	24
0.99809052 -0.01640150 0.05955080 -34.22614038
0.01168221 0.99682606 0.07874860 182.36066595
-0.06065339 -0.07790254 0.99511425 -17.06807506
0.00000000 0.00000000 0.00000000 1.00000000
24	24	25
0.99810296 -0.01704841 0.05915944 -25.01635737
0.01253701 0.99704358 0.07580843 186.00058572
-0.06027696 -0.07492294 0.99536588 -18.10033006
0.00000000 0.00000000 0.00000000 1.00000000
25	25	26
0.99813592 -0.01435184 0.05931876 -15.10503795
0.01017511 0.99748644 0.07012318 189.84259708
-0.06017605 -0.06938889 0.99577308 -19.15875827
0.00000000 0.00000000 0.00000000 1.00000000
26	26	27
0.99803416 -0.01212106 0.06148904 -5.36854149
0.00814338 0.99788240 0.06453214 193.69586642
-0.06214103 -0.06390455 0.99601943 -20.15270423
0.00000000 0.00000000 0.00000000 1.00000000
27	27	28
0.99797435 -0.00971634 0.06287119 4.26476647
0.00598588 0.99822502 0.05925348 197.46089153
-0.06333533 -0.05875711 0.99626113 -21.07691928
0.00000000 0.00000000 0.00000000 1.00000000
28	28	29
0.99793153 -0.00721807 0.06387932 13.52689570
0.00374774 0.99851871 0.05428026 201.13074499
-0.06417650 -0.05392858 0.99648035 -21.95435667
0.00000000 0.00000000 0.00000000 1.00000000
29	29	30
0.99780719 -0.00613136 0.06590316 23.41011534
0.00277726 0.99870162 0.05086609 204.89297725
-0.06612947 -0.05057152 0.99652868 -22.82448946
0.00000000 0.00000000 0.00000000 1.00000000
30	30	31
0.99782886 -0.00850624 0.06530853 33.60263542
0.00527203 0.99875845 0.04953555 208.67400767
-0.06564881 -0.04908370 0.99663485 -23.60676132
0.00000000 0.00000000 0.00000000 1.00000000
31	31	32
0.99766043 -0.01023367 0.06759385 44.71303245
0.00720799 0.99896746 0.04485591 212.35768657
-0.06798310 -0.04426375 0.99670408 -24.30435198
0.00000000 0.00000000 0.00000000 1.00000000
32	32	33
0.99749526 -0.01436262 0.06925978 52.87572171
0.01148369 0.99906052 0.04178752 213.45668857
-0.06979489 -0.04088749 0.99672307 -24.49345618
0.00000000 0.00000000 0.00000000 1.00000000
33	33	34
0.99730040 -0.01798698 0.07119255 57.56217639
0.01539742 0.99920560 0.03675721 212.57959343
-0.07179714 -0.03556180 0.99678510 -24.56617702
0.00000000 0.00000000 0.00000000 1.00000000
34	34	35
0.99722757 -0.02084151 0.07143398 61.67559005
0.01842855 0.99924259 0.03427305 210.93504704
-0.07209418 -0.03286160 0.99685633 -24.63304553
0.00000000 0.00000000 0.00000000 1.00000000
35	35	36
0.99726752 -0.02396845 0.06987855 66.43249334
0.02180048 0.99926205 0.03162411 208.40101331
-0.07058496 -0.03001431 0.99705411 -24.76419823
0.00000000 0.00000000 0.00000000 1.00000000
36	36	37
0.99718613 -0.02571525 0.07041703 72.35771130
0.02364574 0.99926816 0.03006693 204.38940858
-0.07113867 -0.02831726 0.99706440 -24.90225468
0.00000000 0.00000000 0.00000000 1.00000000
37	37	38
0.99694976 -0.03062872 0.07178484 80.95330286
0.02871932 0.99920966 0.02748199 193.88782346
-0.07256985 -0.02533655 0.99704146 -24.73767329
0.00000000 0.00000000 0.00000000 1.00000000
38	38	39
0.99696852 -0.03332388 0.07030853 83.54637666
0.03164119 0.99918877 0.02491270 182.98639514
-0.07108168 -0.02261253 0.99721415 -24.61419162
0.00000000 0.00000000 0.00000000 1.00000000
39	39	40
0.99688367 -0.03645341 0.06995784 85.07129436
0.03490029 0.99911923 0.02329650 173.72922678
-0.07074546 -0.02078236 0.99727788 -24.47494252
0.00000000 0.00000000 0.00000000 1.00000000
40	40	41
0.99681385 -0.03828415 0.06997485 86.65620643
0.03693623 0.99910822 0.02045683 164.82981986
-0.07069562 -0.01780704 0.99733898 -24.29413222
0.00000000 0.00000000 0.00000000 1.00000000
41	41	42
0.99676709 -0.04031998 0.06949580 88.54644824
0.03912318 0.99906317 0.01849763 154.84157395
-0.07017651 -0.01571893 0.99741073 -24.06963279
0.00000000 0.00000000 0.00000000 1.00000000
42	42	43
0.99663068 -0.04312204 0.06976939 90.81839109
0.04193933 0.99895201 0.01832940 143.86287302
-0.07048667 -0.01534157 0.99739474 -23.80026163
0.00000000 0.00000000 0.00000000 1.00000000
43	43	44
0.99660374 -0.04397783 0.06961988 92.78229810
0.04290991 0.99893832 0.01676195 133.34187822
-0.07028312 -0.01371764 0.99743276 -23.63839110
0.00000000 0.00000000 0.00000000 1.00000000
44	44	45
0.99652277 -0.04516388 0.07001858 94.91693226
0.04426904 0.99891758 0.01428041 122.30833743
-0.07058775 -0.01113110 0.99744347 -23.56383324
0.00000000 0.00000000 0.00000000 1.00000000
45	45	46
0.99647850 -0.04593787 0.07014499 96.96899182
0.04514703 0.99889810 0.01281920 111.42420720
-0.07065659 -0.00960722 0.99745443 -23.50098202
0.00000000 0.00000000 0.00000000 1.00000000
46	46	47
0.99643023 -0.04583696 0.07089272 98.85872309
0.04507999 0.99890837 0.01224192 100.79297036
-0.07137647 -0.00900237 0.99740882 -23.31952441
0.00000000 0.00000000 0.00000000 1.00000000
47	47	48
0.99640868 -0.04595596 0.07111815 101.24842356
0.04527983 0.99891277 0.01109114 89.16480499
-0.07155053 -0.00783109 0.99740623 -23.06187615
0.00000000 0.00000000 0.00000000 1.00000000
48	48	49
0.99631712 -0.04595217 0.07239196 105.95339900
0.04540790 0.99892665 0.00914719 71.74694283
-0.07273459 -0.00582634 0.99733431 -23.13964310
0.00000000 0.00000000 0.00000000 1.00000000
49	49	50
0.99632641 -0.04501377 0.07285228 107.90690029
0.04456252 0.99897608 0.00780846 64.29814244
-0.07312917 -0.00453329 0.99731217 -23.38083957
0.00000000 0.00000000 0.00000000 1.00000000
50	50	51
0.99650062 -0.04473025 0.07060966 109.33865373
0.04424434 0.99898516 0.00843139 58.00915758
-0.07091514 -0.00527780 0.99746839 -23.46269524
0.00000000 0.00000000 0.00000000 1.00000000
51	51	52
0.99662626 -0.04412157 0.06920545 110.58670508
0.04372854 0.99901762 0.00718462 52.25414109
-0.06945446 -0.00413413 0.99757656 -23.58410377
0.00000000 0.00000000 0.00000000 1.00000000
52	52	53
0.99673438 -0.04476646 0.06720519 111.92528713
0.04443931 0.99899187 0.00635574 47.33629554
-0.06742197 -0.00334843 0.99771893 -23.75002139
0.00000000 0.00000000 0.00000000 1.00000000
53	53	54
0.99657234 -0.04394801 0.07008671 113.33449615
0.04370232 0.99903191 0.00503571 41.75797337
-0.07024017 -0.00195549 0.99752819 -23.95221441
0.00000000 0.00000000 0.00000000 1.00000000
54	54	55
0.99677720 -0.04182813 0.06845157 115.63680140
0.04165918 0.99912429 0.00389434 29.83320302
-0.06855452 -0.00103016 0.99764684 -24.24842540
0.00000000 0.00000000 0.00000000 1.00000000
55	55	56
0.99697949 -0.03984114 0.06666772 117.54283476
0.03983009 0.99920535 0.00149549 18.61719232
-0.06667433 0.00116441 0.99777411 -24.21129713
0.00000000 0.00000000 0.00000000 1.00000000
56	56	57
0.99700801 -0.03735068 0.06767529 119.65988654
0.03737350 0.99930093 0.00092934 7.40699747
-0.06766269 0.00160270 0.99770697 -24.25696009
0.00000000 0.00000000 0.00000000 1.00000000
57	57	58
0.99695589 -0.03691034 0.06867736 121.88929339
0.03700282 0.99931516 -0.00007458 -4.41526584
-0.06862758 0.00261561 0.99763892 -24.20802827
0.00000000 0.00000000 0.00000000 1.00000000
58	58	59
0.99691546 -0.03617027 0.06965112 123.22987962
0.03637255 0.99933696 -0.00163781 -14.89008347
-0.06954570 0.00416614 0.99757007 -24.18258793
0.00000000 0.00000000 0.00000000 1.00000000
59	59	60
0.99702469 -0.03488033 0.06873951 124.46563185
0.03512419 0.99938021 -0.00234174 -25.24255194
-0.06861522 0.00474919 0.99763189 -24.28958420
0.00000000 0.00000000 0.00000000 1.00000000
60	60	61
0.99701005 -0.03487711 0.06895327 125.33210429
0.03512361 0.99938018 -0.00236534 -35.49852884
-0.06882804 0.00478016 0.99761709 -24.49386935
0.00000000 0.00000000 0.00000000 1.00000000
61	61	62
0.99696269 -0.03425410 0.06994318 126.74801781
0.03445499 0.99940486 -0.00166741 -45.46684267
-0.06984444 0.00407223 0.99754958 -24.52759151
0.00000000 0.00000000 0.00000000 1.00000000
62	62	63
0.99697135 -0.03279043 0.07051890 128.09711682
0.03295295 0.99945625 -0.00114219 -55.96662092
-0.07044311 0.00346254 0.99750979 -24.53836121
0.00000000 0.00000000 0.00000000 1.00000000
63	63	64
0.99699225 -0.03135236 0.07087655 129.64511046
0.03155870 0.99950029 -0.00179312 -66.52462220
-0.07078492 0.00402450 0.99748348 -24.57918978
0.00000000 0.00000000 0.00000000 1.00000000
64	64	65
0.99700022 -0.03040093 0.07117824 130.74210215
0.03058506 0.99953104 -0.00149818 -76.52073193
-0.07109931 0.00367068 0.99746249 -24.81916833
0.00000000 0.00000000 0.00000000 1.00000000
65	65	66
0.99706988 -0.02994080 0.07039327 131.87942710
0.03022964 0.99953835 -0.00304142 -86.45382528
-0.07026971 0.00516047 0.99751468 -24.96777040
0.00000000 0.00000000 0.00000000 1.00000000
66	66	67
0.99702659 -0.03086966 0.07060490 133.54517390
0.03121172 0.99950577 -0.00374633 -96.25111644
-0.07045436 0.00593890 0.99749732 -24.97109356
0.00000000 0.00000000 0.00000000 1.00000000
67	67	68
0.99703948 -0.02949474 0.07100935 134.59643661
0.02984522 0.99954700 -0.00387948 -105.83922007
-0.07086276 0.00598729 0.99746811 -25.11036158
0.00000000 0.00000000 0.00000000 1.00000000
68	68	69
0.99702181 -0.02853148 0.07164824 135.88286923
0.02877354 0.99958320 -0.00234834 -116.29857009
-0.07155138 0.00440292 0.99742720 -25.32716721
0.00000000 0.00000000 0.00000000 1.00000000
69	69	70
0.99710123 -0.02686471 0.07118582 137.09679929
0.02710302 0.99962980 -0.00238377 -126.78645225
-0.07109543 0.00430621 0.99746022 -25.52392142
0.00000000 0.00000000 0.00000000 1.00000000
70	70	71
0.99714407 -0.02541419 0.07111832 138.63908941
0.02570415 0.99966458 -0.00316473 -136.43743848
-0.07101404 0.00498373 0.99746287 -25.48184781
0.00000000 0.00000000 0.00000000 1.00000000
71	71	72
0.99712763 -0.02534585 0.07137276 140.18202501
0.02560618 0.99966837 -0.00273473 -146.38773464
-0.07127978 0.00455446 0.99744596 -25.50371070
0.00000000 0.00000000 0.00000000 1.00000000
72	72	73
0.99710244 -0.02298557 0.07251468 141.62355229
0.02327836 0.99972392 -0.00319508 -156.95818099
-0.07242121 0.00487384 0.99736223 -25.61624038
0.00000000 0.00000000 0.00000000 1.00000000
73	73	74
0.99708263 -0.02366761 0.07256769 143.47474476
0.02397276 0.99970704 -0.00333680 -166.96263907
-0.07246745 0.00506671 0.99735791 -25.71937256
0.00000000 0.00000000 0.00000000 1.00000000
74	74	75
0.99711979 -0.02231115 0.07248679 145.52476544
0.02247123 0.99974652 -0.00139350 -177.69529596
-0.07243733 0.00301835 0.99736840 -25.88149146
0.00000000 0.00000000 0.00000000 1.00000000
75	75	76
0.99710317 -0.02169852 0.07290023 147.27679790
0.02187129 0.99975956 -0.00157235 -188.45810149
-0.07284858 0.00316222 0.99733800 -26.01929979
0.00000000 0.00000000 0.00000000 1.00000000
76	76	77
0.99709460 -0.02084832 0.07326467 148.88113510
0.02095508 0.99978018 -0.00068881 -199.12253091
-0.07323421 0.00222207 0.99731229 -26.15987418
0.00000000 0.00000000 0.00000000 1.00000000
77	77	78
0.99712634 -0.01933199 0.07324848 150.97788176
0.01937711 0.99981224 0.00009470 -215.45690940
-0.07323656 0.00132491 0.99731372 -26.31891173
0.00000000 0.00000000 0.00000000 1.00000000
78	78	79
0.99711088 -0.01731171 0.07396084 152.16091283
0.01726826 0.99985014 0.00122698 -226.32454575
-0.07397100 0.00005374 0.99726039 -26.36473640
0.00000000 0.00000000 0.00000000 1.00000000
79	79	80
0.99718062 -0.01635419 0.07323486 152.49413463
0.01630606 0.99986626 0.00125512 -231.67708450
-0.07324559 -0.00005741 0.99731393 -26.32808966
0.00000000 0.00000000 0.00000000 1.00000000
80	80	81
0.99713056 -0.01638419 0.07390675 152.68508076
0.01639596 0.99986548 0.00044739 -236.51162333
-0.07390414 0.00076567 0.99726506 -26.32673992
0.00000000 0.00000000 0.00000000 1.00000000
81	81	82
0.99711465 -0.01690982 0.07400287 152.90631205
0.01698500 0.99985567 -0.00038666 -241.13556736
-0.07398565 0.00164248 0.99725795 -26.34259013
0.00000000 0.00000000 0.00000000 1.00000000
82	82	83
0.99709295 -0.01697966 0.07427881 153.10583878
0.01708010 0.99985387 -0.00071715 -245.79407431
-0.07425578 0.00198376 0.99723726 -26.35018407
0.00000000 0.00000000 0.00000000 1.00000000
83	83	84
0.99711225 -0.01692841 0.07403099 153.35905230
0.01704106 0.99985439 -0.00089020 -254.37592582
-0.07400514 0.00214919 0.99725554 -26.40811765
0.00000000 0.00000000 0.00000000 1.00000000
84	84	85
0.99716095 -0.01609243 0.07356001 153.79675568
0.01613239 0.99986986 0.00005095 -271.65149445
-0.07355126 0.00113589 0.99729079 -26.49792189
0.00000000 0.00000000 0.00000000 1.00000000
85	85	86
0.99735613 -0.01309424 0.07147933 154.20380439
0.01309513 0.99991415 0.00045617 -284.03117350
-0.07147917 0.00048107 0.99744198 -26.65809660
0.00000000 0.00000000 0.00000000 1.00000000
86	86	87
0.99723407 -0.01097107 0.07351086 154.33330378
0.01079787 0.99993791 0.00275307 -295.67107021
-0.07353650 -0.00195170 0.99729062 -26.70270408
0.00000000 0.00000000 0.00000000 1.00000000
87	87	88
0.99709057 -0.00796315 0.07580890 153.93756018
0.00747500 0.99994948 0.00672074 -306.25532204
-0.07585859 -0.00613452 0.99709972 -26.56750061
0.00000000 0.00000000 0.00000000 1.00000000
88	88	89
0.99707040 -0.00760382 0.07611041 153.54932617
0.00701357 0.99994325 0.00801955 -316.36522492
-0.07616707 -0.00746225 0.99706715 -26.41190924
0.00000000 0.00000000 0.00000000 1.00000000
89	89	90
0.99709618 -0.00727489 0.07580420 153.10331152
0.00623896 0.99988401 0.01389361 -326.81472692
-0.07589648 -0.01338032 0.99702592 -25.90947706
0.00000000 0.00000000 0.00000000 1.00000000
90	90	91
0.99711237 -0.00682350 0.07563311 152.46716502
0.00523382 0.99976163 0.02119663 -337.56900715
-0.07575971 -0.02073957 0.99691040 -25.50493865
0.00000000 0.00000000 0.00000000 1.00000000
91	91	92
0.99715668 -0.00658837 0.07506763 151.96538381
0.00462350 0.99964292 0.02631838 -347.51838149
-0.07521422 -0.02589647 0.99683108 -25.27650219
0.00000000 0.00000000 0.00000000 1.00000000
92	92	93
0.99722113 -0.00574359 0.07427665 151.95274896
0.00346376 0.99951999 0.03078622 -357.57209752
-0.07441782 -0.03044339 0.99676235 -24.99981779
0.00000000 0.00000000 0.00000000 1.00000000
93	93	94
0.99732851 -0.00472485 0.07289386 152.83161422
0.00225288 0.99942076 0.03395691 -368.04425111
-0.07301207 -0.03370197 0.99676146 -24.66765530
0.00000000 0.00000000 0.00000000 1.00000000
94	94	95
0.99735431 -0.00334014 0.07261702 153.97662883
0.00072344 0.99935042 0.03603073 -377.79910180
-0.07269020 -0.03588287 0.99670886 -24.35705370
0.00000000 0.00000000 0.00000000 1.00000000
95	95	96
0.99722787 -0.00001941 0.07440820 155.30033456
-0.00286809 0.99924679 0.03869911 -388.15072423
-0.07435290 -0.03880524 0.99647669 -24.26971007
0.00000000 0.00000000 0.00000000 1.00000000
96	96	97
0.99733332 0.00373183 0.07288572 157.41298379
-0.00668351 0.99916545 0.04029565 -399.17070315
-0.07267452 -0.04067533 0.99652593 -24.04183556
0.00000000 0.00000000 0.00000000 1.00000000
97	97	98
0.99732007 0.00621907 0.07289717 159.61943534
-0.00941882 0.99900324 0.04363272 -409.52908635
-0.07255316 -0.04420239 0.99638456 -23.75015810
0.00000000 0.00000000 0.00000000 1.00000000
98	98	99
0.99733268 0.00714835 0.07263901 161.33228847
-0.01056508 0.99885017 0.04676231 -420.74836044
-0.07222122 -0.04740502 0.99626144 -23.45915486
0.00000000 0.00000000 0.00000000 1.00000000
99	99	100
0.99736369 0.00756377 0.07216970 160.93924814
-0.01148827 0.99846837 0.05411966 -438.22376585
-0.07164981 -0.05480609 0.99592299 -22.74878572
0.00000000 0.00000000 0.00000000 1.00000000
100	100	101
0.99711989 0.00934761 0.07526324 158.70685054
-0.01365572 0.99828472 0.05693105 -443.42032188
-0.07460197 -0.05779485 0.99553719 -22.50159905
0.00000000 0.00000000 0.00000000 1.00000000
101	101	102
0.99680281 0.01009461 0.07926069 156.69202000
-0.01478487 0.99815952 0.05881310 -447.24082181
-0.07852112 -0.05979692 0.99511746 -22.30713255
0.00000000 0.00000000 0.00000000 1.00000000
102	102	103
0.99691385 0.01079200 0.07775806 154.60930258
-0.01544616 0.99810857 0.05950383 -450.64016855
-0.07696882 -0.06052126 0.99519494 -22.03617969
0.00000000 0.00000000 0.00000000 1.00000000
103	103	104
0.99684045 0.01294345 0.07836830 151.52725426
-0.01774501 0.99798697 0.06088618 -454.46731683
-0.07742246 -0.06208446 0.99506346 -21.64883480
0.00000000 0.00000000 0.00000000 1.00000000
104	104	105
0.99675390 0.01542310 0.07901762 147.13180788
-0.02031360 0.99790243 0.06146625 -457.51713939
-0.07790388 -0.06287186 0.99497644 -21.19922087
0.00000000 0.00000000 0.00000000 1.00000000
105	105	106
0.99687476 0.01921600 0.07662544 134.01258157
-0.02384563 0.99791538 0.05996907 -463.65390288
-0.07531334 -0.06160883 0.99525487 -20.22973140
0.00000000 0.00000000 0.00000000 1.00000000
106	106	107
0.99694174 0.02393329 0.07439334 122.17303505
-0.02862268 0.99762680 0.06262193 -468.84176174
-0.07271804 -0.06455975 0.99526083 -19.01617767
0.00000000 0.00000000 0.00000000 1.00000000
107	107	108
0.99682285 0.02723437 0.07484982 110.72896765
-0.03194539 0.99753480 0.06248054 -473.07907422
-0.07296368 -0.06467314 0.99523549 -17.78176981
0.00000000 0.00000000 0.00000000 1.00000000
108	108	109
0.99673064 0.03199072 0.07419317 100.50893064
-0.03626364 0.99771660 0.05697841 -476.60282039
-0.07220098 -0.05948264 0.99561480 -16.78845332
0.00000000 0.00000000 0.00000000 1.00000000
109	109	110
0.99626599 0.03330241 0.07965564 90.02461982
-0.03646803 0.99858821 0.03862202 -480.11594585
-0.07825698 -0.04138269 0.99607395 -15.85792324
0.00000000 0.00000000 0.00000000 1.00000000
110	110	111
0.99634461 0.03247456 0.07901158 80.40918598
-0.03504209 0.99889467 0.03132871 -483.18020851
-0.07790686 -0.03398292 0.99638129 -15.01350121
0.00000000 0.00000000 0.00000000 1.00000000
111	111	112
0.99671504 0.02737838 0.07622040 70.74494261
-0.02965036 0.99914426 0.02883748 -486.40769818
-0.07536565 -0.03100272 0.99667389 -14.17841616
0.00000000 0.00000000 0.00000000 1.00000000
112	112	113
0.99696489 0.02095280 0.07497997 61.13439166
-0.02302122 0.99937492 0.02682904 -489.80081275
-0.07437096 -0.02847374 0.99682406 -13.28050224
0.00000000 0.00000000 0.00000000 1.00000000
113	113	114
0.99723526 0.01320230 0.07312682 48.92445680
-0.01525106 0.99950465 0.02752937 -494.31765115
-0.07272715 -0.02856852 0.99694263 -11.99386813
0.00000000 0.00000000 0.00000000 1.00000000
114	114	115
0.99753376 0.00878540 0.06963624 43.74464938
-0.01063227 0.99960030 0.02619547 -494.95736455
-0.06937826 -0.02687126 0.99722846 -11.49781822
0.00000000 0.00000000 0.00000000 1.00000000
115	115	116
0.99743811 0.00656721 0.07123263 39.94629360
-0.00843759 0.99962664 0.02598828 -494.45263861
-0.07103536 -0.02652273 0.99712112 -11.15516252
0.00000000 0.00000000 0.00000000 1.00000000
116	116	117
0.99745364 0.00544725 0.07110952 35.88675959
-0.00734716 0.99962224 0.02648390 -493.34185444
-0.07093839 -0.02693891 0.99711686 -10.82511069
0.00000000 0.00000000 0.00000000 1.00000000
117	117	118
0.99732802 0.00562457 0.07283669 30.77675744
-0.00762267 0.99960139 0.02718369 -491.71179568
-0.07265476 -0.02766627 0.99697335 -10.42188908
0.00000000 0.00000000 0.00000000 1.00000000
118	118	119
0.99715472 0.00393983 0.07527916 23.69288307
-0.00616740 0.99954925 0.02938128 -488.88066283
-0.07512947 -0.02976196 0.99672955 -9.84034730
0.00000000 0.00000000 0.00000000 1.00000000
119	119	120
0.99685140 -0.00173723 0.07927335 13.65120658
-0.00087704 0.99945724 0.03293114 -475.24925380
-0.07928753 -0.03289698 0.99630883 -9.36191685
0.00000000 0.00000000 0.00000000 1.00000000
120	120	121
0.99653741 -0.00116425 0.08313742 10.18799308
-0.00177498 0.99937620 0.03527130 -463.88689423
-0.08312662 -0.03529674 0.99591370 -9.50377355
0.00000000 0.00000000 0.00000000 1.00000000
121	121	122
0.99664285 -0.00196229 0.08184854 7.18085196
-0.00081750 0.99942438 0.03391526 -453.44809318
-0.08186798 -0.03386831 0.99606755 -9.64712477
0.00000000 0.00000000 0.00000000 1.00000000
122	122	123
0.99654406 -0.00266984 0.08302291 3.95989242
0.00001611 0.99948953 0.03194808 -442.55858742
-0.08306582 -0.03183633 0.99603540 -9.82771789
0.00000000 0.00000000 0.00000000 1.00000000
123	123	124
0.99680103 -0.00300417 0.07986669 0.33711012
0.00055506 0.99952943 0.03066952 -430.30028898
-0.07992124 -0.03052708 0.99633363 -10.04405738
0.00000000 0.00000000 0.00000000 1.00000000
124	124	125
0.99691317 -0.00358524 0.07843014 -0.61279228
0.00126015 0.99955881 0.02967476 -421.84844750
-0.07850193 -0.02948432 0.99647786 -10.28705995
0.00000000 0.00000000 0.00000000 1.00000000
125	125	126
0.99721543 -0.00478229 0.07442127 -0.07074782
0.00272369 0.99961151 0.02773840 -415.94700884
-0.07452501 -0.02745846 0.99684104 -10.47677109
0.00000000 0.00000000 0.00000000 1.00000000
126	126	127
0.99726086 -0.00871552 0.07344943 1.59450857
0.00667103 0.99958469 0.02803489 -409.31912013
-0.07366327 -0.02746811 0.99690482 -10.79132585
0.00000000 0.00000000 0.00000000 1.00000000
127	127	128
0.99756162 -0.01111447 0.06890059 4.68186700
0.00927583 0.99959380 0.02694808 -401.69939992
-0.06917211 -0.02624326 0.99725950 -11.21350921
0.00000000 0.00000000 0.00000000 1.00000000
128	128	129
0.99784223 -0.01368206 0.06421600 8.07255939
0.01209935 0.99961495 0.02497117 -394.83581999
-0.06453293 -0.02414032 0.99762355 -11.75258631
0.00000000 0.00000000 0.00000000 1.00000000
129	129	130
0.99782726 -0.01714556 0.06361439 10.43296369
0.01606526 0.99971858 0.01745489 -388.87464438
-0.06389576 -0.01639499 0.99782190 -12.10341136
0.00000000 0.00000000 0.00000000 1.00000000
130	130	131
0.99796327 -0.01708710 0.06146011 12.20391969
0.01602314 0.99971383 0.01776285 -382.72416275
-0.06174604 -0.01674188 0.99795147 -12.40173767
0.00000000 0.00000000 0.00000000 1.00000000
131	131	132
0.99804359 -0.01615220 0.06039951 13.09755625
0.01519856 0.99975301 0.01621515 -375.93583564
-0.06064650 -0.01526544 0.99804257 -12.63655528
0.00000000 0.00000000 0.00000000 1.00000000
132	132	133
0.99820206 -0.01510583 0.05800397 11.72029186
0.01429014 0.99979345 0.01445171 -371.59540171
-0.05821030 -0.01359684 0.99821174 -12.71509570
0.00000000 0.00000000 0.00000000 1.00000000
133	133	134
0.99823615 -0.01454609 0.05755866 8.67569708
0.01372304 0.99979823 0.01466887 -370.92266647
-0.05776042 -0.01385312 0.99823435 -12.60797291
0.00000000 0.00000000 0.00000000 1.00000000
134	134	135
0.99832597 -0.01356990 0.05622386 5.70907550
0.01283735 0.99982821 0.01336991 -370.45745137
-0.05639563 -0.01262576 0.99832867 -12.50285865
0.00000000 0.00000000 0.00000000 1.00000000
135	135	136
0.99840118 -0.01306036 0.05499553 2.76436262
0.01234403 0.99983476 0.01334483 -371.01302921
-0.05516073 -0.01264462 0.99839742 -12.34800911
0.00000000 0.00000000 0.00000000 1.00000000
136	136	137
0.99851398 -0.01341987 0.05281789 0.16001955
0.01271968 0.99982701 0.01357066 -372.69559237
-0.05299087 -0.01287867 0.99851195 -12.18054645
0.00000000 0.00000000 0.00000000 1.00000000
137	137	138
0.99846785 -0.01598436 0.05297593 -1.59482811
0.01526590 0.99978630 0.01393911 -375.06112716
-0.05318742 -0.01310903 0.99849850 -12.06626844
0.00000000 0.00000000 0.00000000 1.00000000
138	138	139
0.99854989 -0.01364540 0.05207618 -2.68810882
0.01297087 0.99982783 0.01326887 -377.79065961
-0.05224827 -0.01257415 0.99855496 -11.99033999
0.00000000 0.00000000 0.00000000 1.00000000
139	139	140
0.99857549 -0.01390755 0.05151279 -3.32593033
0.01324744 0.99982599 0.01313376 -380.79895222
-0.05168649 -0.01243264 0.99858597 -11.93593786
0.00000000 0.00000000 0.00000000 1.00000000
140	140	141
0.99979458 0.01237689 -0.01605044 -26.31104882
-0.01212002 0.99979847 0.01600387 -371.15957777
0.01624528 -0.01580605 0.99974310 -10.26076853
0.00000000 0.00000000 0.00000000 1.00000000
141	141	142
0.99983231 0.00939459 -0.01571913 -25.07921433
-0.00917897 0.99986357 0.01373306 -384.73427405
0.01584601 -0.01358647 0.99978213 -10.33463460
0.00000000 0.00000000 0.00000000 1.00000000
142	142	143
0.99987342 0.00801976 -0.01374123 -20.31650426
-0.00783158 0.99987556 0.01369409 -394.53353065
0.01384934 -0.01358475 0.99981181 -10.34539005
0.00000000 0.00000000 0.00000000 1.00000000
143	143	144
0.99991065 0.00545221 -0.01220507 -15.97446913
-0.00527612 0.99988219 0.01441397 -402.50893501
0.01228222 -0.01434829 0.99982162 -10.31218167
0.00000000 0.00000000 0.00000000 1.00000000
144	144	145
0.99993562 0.00398092 -0.01062536 -11.64172968
-0.00383734 0.99990152 0.01349899 -410.18652486
0.01067805 -0.01345735 0.99985243 -10.24880435
0.00000000 0.00000000 0.00000000 1.00000000
145	145	146
0.99990933 0.00272151 -0.01318831 -7.09347106
-0.00262536 0.99996989 0.00730238 -418.22796590
0.01320778 -0.00726709 0.99988637 -10.23859284
0.00000000 0.00000000 0.00000000 1.00000000
146	146	147
0.99986970 0.00068813 -0.01612817 -2.53693556
-0.00061716 0.99999011 0.00440505 -427.38461521
0.01613104 -0.00439453 0.99986023 -10.11963164
0.00000000 0.00000000 0.00000000 1.00000000
147	147	148
0.99987025 -0.00237245 -0.01593300 1.67577296
0.00239497 0.99999616 0.00139485 -437.95778068
0.01592963 -0.00143282 0.99987209 -9.80642968
0.00000000 0.00000000 0.00000000 1.00000000
148	148	149
0.99993511 -0.00327235 -0.01091137 5.15588876
0.00327946 0.99999442 0.00063346 -449.00627631
0.01090923 -0.00066920 0.99994027 -9.63667939
0.00000000 0.00000000 0.00000000 1.00000000
149	149	150
0.99992092 -0.00270595 -0.01228110 8.11144567
0.00268697 0.99999517 -0.00156128 -458.51303717
0.01228526 0.00152816 0.99992337 -9.50039445
0.00000000 0.00000000 0.00000000 1.00000000
150	150	151
0.99990633 -0.00310670 -0.01332943 10.92665246
0.00307128 0.99999170 -0.00267710 -467.94321904
0.01333764 0.00263591 0.99990758 -9.40224133
0.00000000 0.00000000 0.00000000 1.00000000
151	151	152
0.99986691 -0.00303122 -0.01603012 13.46105897
0.00297660 0.99998969 -0.00342961 -477.22091645
0.01604035 0.00338143 0.99986563 -9.32617984
0.00000000 0.00000000 0.00000000 1.00000000
152	152	153
0.99993117 -0.00201270 -0.01155836 16.25140394
0.00197539 0.99999281 -0.00323834 -487.25631656
0.01156480 0.00321529 0.99992796 -9.23064952
0.00000000 0.00000000 0.00000000 1.00000000
153	153	154
0.99998448 0.00066780 -0.00553030 18.76236916
-0.00066586 0.99999972 0.00035203 -496.75283598
0.00553054 -0.00034834 0.99998465 -9.15026807
0.00000000 0.00000000 0.00000000 1.00000000
154	154	155
0.99999738 0.00227216 -0.00028036 21.51785167
-0.00227221 0.99999740 -0.00018352 -506.82887778
0.00027994 0.00018416 0.99999994 -9.09308837
0.00000000 0.00000000 0.00000000 1.00000000
155	155	156
0.99999723 0.00195854 -0.00130404 24.26513131
-0.00196013 0.99999733 -0.00122425 -516.66731639
0.00130164 0.00122680 0.99999840 -9.07853253
0.00000000 0.00000000 0.00000000 1.00000000
156	156	157
0.99999139 0.00259771 0.00323524 27.04791379
-0.00259563 0.99999642 -0.00064681 -526.29251204
-0.00323691 0.00063841 0.99999456 -9.02555990
0.00000000 0.00000000 0.00000000 1.00000000
157	157	158
0.99999035 0.00423875 0.00115752 29.94155090
-0.00423537 0.99998682 -0.00290306 -535.64975308
-0.00116981 0.00289813 0.99999512 -8.90974746
0.00000000 0.00000000 0.00000000 1.00000000
158	158	159
0.99995801 0.00568349 0.00718810 32.90512898
-0.00568360 0.99998385 -0.00000467 -545.86761327
-0.00718801 -0.00003619 0.99997417 -8.92521134
0.00000000 0.00000000 0.00000000 1.00000000
159	159	160
0.99991226 0.00689670 0.01130943 35.72572584
-0.00692875 0.99997208 0.00279796 -555.44057387
-0.01128982 -0.00287608 0.99993213 -8.88472496
0.00000000 0.00000000 0.00000000 1.00000000
160	160	161
0.99988525 0.00822357 0.01272225 38.40477022
-0.00824948 0.99996400 0.00198567 -565.10778028
-0.01270547 -0.00209039 0.99991710 -8.80398237
0.00000000 0.00000000 0.00000000 1.00000000
161	161	162
0.99984131 0.00693234 0.01641018 40.80029070
-0.00700306 0.99996642 0.00425552 -574.28266179
-0.01638012 -0.00436977 0.99985629 -8.78088094
0.00000000 0.00000000 0.00000000 1.00000000
162	162	163
0.99982509 0.00680749 0.01741989 43.43605781
-0.00686340 0.99997148 0.00315195 -583.95416975
-0.01739793 -0.00327096 0.99984329 -8.67114118
0.00000000 0.00000000 0.00000000 1.00000000
163	163	164
0.99978420 0.00656067 0.01971055 46.06395223
-0.00660091 0.99997626 0.00197740 -593.21369463
-0.01969711 -0.00210708 0.99980377 -8.66600973
0.00000000 0.00000000 0.00000000 1.00000000
164	164	165
0.99973087 0.00697175 0.02212644 48.82995004
-0.00697683 0.99997565 0.00015261 -603.16773935
-0.02212484 -0.00030694 0.99975517 -8.65874961
0.00000000 0.00000000 0.00000000 1.00000000
165	165	166
0.99968089 0.00769705 0.02405979 51.72898402
-0.00766767 0.99996974 -0.00131317 -613.26586968
-0.02406917 0.00112827 0.99970966 -8.71241015
0.00000000 0.00000000 0.00000000 1.00000000
166	166	167
0.99968902 0.00946982 0.02306909 55.63872625
-0.00938707 0.99994912 -0.00369275 -627.44001390
-0.02310288 0.00347505 0.99972705 -8.80108909
0.00000000 0.00000000 0.00000000 1.00000000
167	167	168
0.99958113 0.01162666 0.02650250 57.81424603
-0.01158857 0.99993159 -0.00159032 -637.79820852
-0.02651917 0.00128253 0.99964748 -8.67679736
0.00000000 0.00000000 0.00000000 1.00000000
168	168	169
0.99966890 0.01400174 0.02158780 57.29443533
-0.01392506 0.99989620 -0.00369842 -641.71324307
-0.02163735 0.00339658 0.99976012 -8.59357365
0.00000000 0.00000000 0.00000000 1.00000000
169	169	170
0.99962380 0.01488540 0.02303649 55.91021387
-0.01476917 0.99987737 -0.00520720 -645.19742350
-0.02311118 0.00486502 0.99972106 -8.50958395
0.00000000 0.00000000 0.00000000 1.00000000
170	170	171
0.99961412 0.01523274 0.02322886 53.69967890
-0.01519744 0.99988307 -0.00169552 -649.16691725
-0.02325198 0.00134185 0.99972874 -8.41772061
0.00000000 0.00000000 0.00000000 1.00000000
171	171	172
0.99973657 0.01645563 0.01600040 50.19384522
-0.01650460 0.99985949 0.00293372 -653.74835328
-0.01594987 -0.00319703 0.99986768 -8.31913247
0.00000000 0.00000000 0.00000000 1.00000000
172	172	173
0.99968774 0.01987659 0.01514397 43.56249125
-0.01994763 0.99979066 0.00455393 -660.29300390
-0.01505028 -0.00485459 0.99987495 -8.10166023
0.00000000 0.00000000 0.00000000 1.00000000
173	173	174
0.99967774 0.01875493 0.01710737 24.31456696
-0.01894065 0.99976271 0.01075959 -665.93509694
-0.01690151 -0.01108015 0.99979576 -7.69220503
0.00000000 0.00000000 0.00000000 1.00000000
174	174	175
0.99971037 0.01929512 0.01438315 13.40114790
-0.01949902 0.99970940 0.01417385 -666.60005223
-0.01410548 -0.01445020 0.99979609 -7.69331279
0.00000000 0.00000000 0.00000000 1.00000000
175	175	176
0.99970415 0.02066718 0.01282521 4.96248240
-0.02086012 0.99966842 0.01509674 -667.03148937
-0.01250895 -0.01535981 0.99980378 -7.65867908
0.00000000 0.00000000 0.00000000 1.00000000
176	176	177
0.99970611 0.02154205 0.01111895 -4.16803977
-0.02170732 0.99965239 0.01496284 -667.23967922
-0.01079276 -0.01519980 0.99982623 -7.65523488
0.00000000 0.00000000 0.00000000 1.00000000
177	177	178
0.99974869 0.02140613 0.00665843 -12.55804804
-0.02150513 0.99965365 0.01516955 -667.55822588
-0.00633141 -0.01530893 0.99986277 -7.50751315
0.00000000 0.00000000 0.00000000 1.00000000
178	178	179
0.99975353 0.02194842 0.00333934 -19.23841609
-0.02199702 0.99964111 0.01528983 -668.18613960
-0.00300255 -0.01535951 0.99987753 -7.37392615
0.00000000 0.00000000 0.00000000 1.00000000
179	179	180
0.99975370 0.02214613 0.00144711 -25.64436098
-0.02216481 0.99964919 0.01449891 -669.41826286
-0.00112551 -0.01452742 0.99989384 -7.24287880
0.00000000 0.00000000 0.00000000 1.00000000
180	180	181
0.99980146 0.01967396 0.00315873 -32.10782840
-0.01971839 0.99969732 0.01471207 -671.78802699
-0.00286833 -0.01477143 0.99988678 -7.14813030
0.00000000 0.00000000 0.00000000 1.00000000
181	181	182
0.99982279 0.01792838 0.00574055 -39.08251312
-0.01800707 0.99974035 0.01396321 -675.31721406
-0.00548872 -0.01406411 0.99988603 -7.01608908
0.00000000 0.00000000 0.00000000 1.00000000
182	182	183
0.99986856 0.01467193 0.00689853 -46.22787522
-0.01476228 0.99980346 0.01323347 -680.69596934
-0.00670301 -0.01333357 0.99988864 -6.79326258
0.00000000 0.00000000 0.00000000 1.00000000
183	183	184
0.99989073 0.00855244 0.01205719 -54.90177035
-0.00862486 0.99994500 0.00596724 -692.75419285
-0.01200550 -0.00607058 0.99990950 -6.22109019
0.00000000 0.00000000 0.00000000 1.00000000
184	184	185
0.99984725 0.00829445 0.01538433 -58.56672633
-0.00833586 0.99996180 0.00262992 -704.09464373
-0.01536193 -0.00275776 0.99987820 -6.10342634
0.00000000 0.00000000 0.00000000 1.00000000
185	185	186
0.99969007 0.01029663 0.02266608 -60.87727947
-0.01032725 0.99994591 0.00123451 -714.83574566
-0.02265214 -0.00146821 0.99974233 -5.90450515
0.00000000 0.00000000 0.00000000 1.00000000
186	186	187
0.99934296 0.01501026 0.03299003 -63.52937693
-0.01520707 0.99986799 0.00572291 -726.61862475
-0.03289977 -0.00622083 0.99943930 -5.67826965
0.00000000 0.00000000 0.00000000 1.00000000
187	187	188
0.99932026 0.01568180 0.03336300 -68.27600268
-0.01631548 0.99969000 0.01880690 -744.34842050
-0.03305773 -0.01933845 0.99926634 -5.59085823
0.00000000 0.00000000 0.00000000 1.00000000
188	188	189
0.99915812 0.01636059 0.03762164 -69.83261935
-0.01729575 0.99954609 0.02466732 -750.13673324
-0.03720099 -0.02529724 0.99898756 -5.55697122
0.00000000 0.00000000 0.00000000 1.00000000
189	189	190
0.99879141 0.01922945 0.04523218 -71.40562361
-0.02058273 0.99934854 0.02964535 -755.60846443
-0.04463265 -0.03054052 0.99853653 -5.52969600
0.00000000 0.00000000 0.00000000 1.00000000
190	190	191
0.99867463 0.01655884 0.04873185 -72.80157877
-0.01790290 0.99946764 0.02727477 -760.69672662
-0.04825427 -0.02811106 0.99843943 -5.49453455
0.00000000 0.00000000 0.00000000 1.00000000
191	191	192
0.99860580 0.01470026 0.05069870 -74.06192224
-0.01600499 0.99954858 0.02542575 -765.78153934
-0.05030205 -0.02620173 0.99839029 -5.49267439
0.00000000 0.00000000 0.00000000 1.00000000
192	192	193
0.99852540 0.01160047 0.05303262 -75.35562707
-0.01291336 0.99961689 0.02448105 -771.25345430
-0.05272831 -0.02512978 0.99829265 -5.52093329
0.00000000 0.00000000 0.00000000 1.00000000
193	193	194
0.99826971 0.01231467 0.05749728 -79.07163007
-0.01376147 0.99959684 0.02483518 -784.90662618
-0.05716826 -0.02558346 0.99803671 -5.55758973
0.00000000 0.00000000 0.00000000 1.00000000
194	194	195
0.99800804 0.01221473 0.06189315 -82.25525575
-0.01382065 0.99957710 0.02558529 -791.90139765
-0.06155445 -0.02638973 0.99775480 -5.43119762
0.00000000 0.00000000 0.00000000 1.00000000
195	195	196
0.99796719 0.01182452 0.06262315 -86.47436521
-0.01353986 0.99954270 0.02703828 -798.59426860
-0.06227480 -0.02783122 0.99767092 -5.25793329
0.00000000 0.00000000 0.00000000 1.00000000
196	196	197
0.99790120 0.01066952 0.06386986 -92.84562434
-0.01269182 0.99942816 0.03134134 -805.94223095
-0.06349894 -0.03208619 0.99746597 -4.98573697
0.00000000 0.00000000 0.00000000 1.00000000
197	197	198
0.99761485 0.00811990 0.06854694 -102.81456462
-0.01089262 0.99913334 0.04017360 -813.05631478
-0.06816133 -0.04082443 0.99683870 -4.54755848
0.00000000 0.00000000 0.00000000 1.00000000
198	198	199
0.99702726 0.00378994 0.07695641 -115.73430201
-0.00781038 0.99861604 0.05200962 -817.09564807
-0.07665279 -0.05245606 0.99567701 -3.91295171
0.00000000 0.00000000 0.00000000 1.00000000
199	199	200
0.99661506 -0.00472383 0.08207380 -127.50089673
-0.00050033 0.99798075 0.06351513 -818.80624904
-0.08220810 -0.06334120 0.99460028 -3.22196881
