0	0	1
1.00000000 0.00000000 0.00000000 0.00000000
0.00000000 1.00000000 0.00000000 0.00000000
0.00000000 0.00000000 1.00000000 0.00000000
0.00000000 0.00000000 0.00000000 1.00000000
1	1	2
0.99999988 -0.00044202 -0.00018796 -1.89109600
0.00044198 0.99999989 -0.00018604 -3.23257900
0.00018804 0.00018596 0.99999997 -0.24422800
0.00000000 0.00000000 0.00000000 1.00000000
2	2	3
0.99999824 0.00174259 0.00068907 -1.84747758
-0.00174355 0.99999750 0.00139839 -6.77032869
-0.00068663 -0.00139959 0.99999878 -0.41327898
0.00000000 0.00000000 0.00000000 1.00000000
3	3	4
0.99999649 0.00264725 0.00012650 2.33355696
-0.00264722 0.99999647 -0.00022788 -10.17276014
-0.00012711 0.00022754 0.99999997 -0.53340823
0.00000000 0.00000000 0.00000000 1.00000000
4	4	5
0.99999226 0.00364953 -0.00146816 7.70910166
-0.00364924 0.99999332 0.00020014 -12.27454293
0.00146888 -0.00019478 0.99999890 -0.59078221
0.00000000 0.00000000 0.00000000 1.00000000
5	5	6
0.99998755 0.00490968 -0.00089545 14.18880490
-0.00490922 0.99998782 0.00051336 -13.36392958
0.00089796 -0.00050896 0.99999947 -0.59290477
0.00000000 0.00000000 0.00000000 1.00000000
6	6	7
0.99997190 0.00731636 -0.00163334 25.09902189
-0.00731353 0.99997175 0.00173325 -13.05144423
0.00164597 -0.00172126 0.99999716 -0.59321274
0.00000000 0.00000000 0.00000000 1.00000000
7	7	8
0.99996689 0.00796090 -0.00168587 35.53531229
-0.00795723 0.99996598 0.00217382 -12.37672508
0.00170311 -0.00216033 0.99999622 -0.61332455
0.00000000 0.00000000 0.00000000 1.00000000
8	8	9
0.99995999 0.00810582 -0.00378243 45.22398245
-0.00811036 0.99996641 -0.00118544 -11.65894745
0.00377269 0.00121607 0.99999214 -0.60746501
0.00000000 0.00000000 0.00000000 1.00000000
9	9	10
0.99996576 0.00773474 -0.00294160 55.49328115
-0.00773634 0.99996993 -0.00053372 -10.94844214
0.00293739 0.00055646 0.99999553 -0.57154124
0.00000000 0.00000000 0.00000000 1.00000000
10	10	11
0.99995439 0.00863854 -0.00407378 65.52381238
-0.00864612 0.99996092 -0.00184525 -10.34626183
0.00405769 0.00188039 0.99999000 -0.48494313
0.00000000 0.00000000 0.00000000 1.00000000
11	11	12
0.99993240 0.00992610 -0.00605487 75.99439271
-0.00994298 0.99994674 -0.00276526 -9.64322665
0.00602710 0.00282528 0.99997785 -0.45315291
0.00000000 0.00000000 0.00000000 1.00000000
12	12	13
0.99992422 0.01103360 -0.00545986 86.61747342
-0.01104129 0.99993809 -0.00138020 -8.90932704
0.00544429 0.00144038 0.99998414 -0.34995868
0.00000000 0.00000000 0.00000000 1.00000000
13	13	14
0.99990327 0.01173142 -0.00747192 97.38012023
-0.01173585 0.99993098 -0.00055023 -8.11567977
0.00746494 0.00063787 0.99997193 -0.19472551
0.00000000 0.00000000 0.00000000 1.00000000
14	14	15
0.99991150 0.01181642 -0.00611233 107.28765891
-0.01182240 0.99992967 -0.00094296 -7.54538635
0.00610076 0.00101514 0.99998087 -0.01878437
0.00000000 0.00000000 0.00000000 1.00000000
15	15	16
0.99992884 0.01023148 -0.00613368 117.19027955
-0.01024385 0.99994555 -0.00198865 -6.72821556
0.00611300 0.00205135 0.99997921 0.08683600
0.00000000 0.00000000 0.00000000 1.00000000
16	16	17
0.99994179 0.00988016 -0.00433551 126.36900092
-0.00989291 0.99994678 -0.00292827 -5.80187397
0.00430635 0.00297099 0.99998631 0.13492770
0.00000000 0.00000000 0.00000000 1.00000000
17	17	18
0.99994798 0.00934296 -0.00409326 135.31733243
-0.00935579 0.99995135 -0.00312614 -4.81994848
0.00406386 0.00316427 0.99998674 0.17409338
0.00000000 0.00000000 0.00000000 1.00000000
18	18	19
0.99995131 0.00905132 -0.00392975 145.31775787
-0.00906837 0.99994945 -0.00434196 -3.87835625
0.00389025 0.00437738 0.99998285 0.21550807
0.00000000 0.00000000 0.00000000 1.00000000
19	19	20
0.99996456 0.00813194 -0.00218149 156.48261793
-0.00813842 0.99996244 -0.00298042 -3.26787301
0.00215717 0.00299807 0.99999318 0.24343958
0.00000000 0.00000000 0.00000000 1.00000000
20	20	21
0.99997379 0.00682318 -0.00241970 168.01735139
-0.00682965 0.99997309 -0.00267745 -2.70486895
0.00240136 0.00269391 0.99999349 0.32324842
0.00000000 0.00000000 0.00000000 1.00000000
21	21	22
0.99998528 0.00489597 -0.00233950 178.12234431
-0.00490285 0.99998364 -0.00294658 -2.47399856
0.00232504 0.00295800 0.99999292 0.31293809
0.00000000 0.00000000 0.00000000 1.00000000
22	22	23
0.99999061 0.00416284 -0.00120067 187.21533820
-0.00416570 0.99998846 -0.00239189 -2.60876330
0.00119070 0.00239687 0.99999642 0.38343712
0.00000000 0.00000000 0.00000000 1.00000000
23	23	24
0.99998828 0.00483651 -0.00020953 196.01116288
-0.00483722 0.99998216 -0.00350315 -3.19200002
0.00019258 0.00350412 0.99999384 0.43045176
0.00000000 0.00000000 0.00000000 1.00000000
24	24	25
0.99998901 0.00449379 -0.00133873 204.98376493
-0.00449825 0.99998427 -0.00334903 -4.03471825
0.00132366 0.00335501 0.99999350 0.48273725
0.00000000 0.00000000 0.00000000 1.00000000
25	25	26
0.99998939 0.00440694 -0.00134484 215.45826806
-0.00441099 0.99998568 -0.00302948 -5.09495581
0.00133147 0.00303538 0.99999451 0.57368854
0.00000000 0.00000000 0.00000000 1.00000000
26	26	27
0.99997584 0.00462942 -0.00518463 226.56313139
-0.00464948 0.99998173 -0.00386363 -6.95868247
0.00516665 0.00388764 0.99997910 0.60743282
0.00000000 0.00000000 0.00000000 1.00000000
27	27	28
0.99997696 0.00250311 -0.00630979 236.74054103
-0.00251016 0.99999623 -0.00110912 -9.44902013
0.00630699 0.00112493 0.99997948 0.78246159
0.00000000 0.00000000 0.00000000 1.00000000
28	28	29
0.99997821 0.00144267 -0.00644154 246.21642185
-0.00143770 0.99999867 0.00077613 -12.26970630
0.00644265 -0.00076685 0.99997895 0.94969359
0.00000000 0.00000000 0.00000000 1.00000000
29	29	30
0.99997098 0.00186299 -0.00738686 255.16262147
-0.00185504 0.99999769 0.00108390 -15.21604577
0.00738886 -0.00107017 0.99997213 1.00972803
0.00000000 0.00000000 0.00000000 1.00000000
30	30	31
0.99994839 0.00194168 -0.00997196 263.89767132
-0.00194136 0.99999811 0.00004232 -18.49614943
0.00997202 -0.00002296 0.99995028 1.13230208
0.00000000 0.00000000 0.00000000 1.00000000
31	31	32
0.99992929 0.00254203 -0.01161654 273.15748848
-0.00252636 0.99999588 0.00136380 -22.57912976
0.01161996 -0.00133436 0.99993160 1.21199777
0.00000000 0.00000000 0.00000000 1.00000000
32	32	33
0.99990617 0.00332286 -0.01328935 282.66864744
-0.00330640 0.99999374 0.00126037 -26.92092992
0.01329346 -0.00121632 0.99991090 1.37533807
0.00000000 0.00000000 0.00000000 1.00000000
33	33	34
0.99989944 0.00281000 -0.01389998 292.34099119
-0.00279009 0.99999506 0.00145098 -31.36571545
0.01390399 -0.00141205 0.99990234 1.49975513
0.00000000 0.00000000 0.00000000 1.00000000
34	34	35
0.99988540 0.00322349 -0.01479157 301.87656903
-0.00320771 0.99999426 0.00109016 -35.78641625
0.01479500 -0.00104259 0.99989000 1.64242141
0.00000000 0.00000000 0.00000000 1.00000000
35	35	36
0.99985569 0.00324123 -0.01667595 310.73549360
-0.00320742 0.99999275 0.00205370 -40.21666998
0.01668249 -0.00199992 0.99985884 1.84382640
0.00000000 0.00000000 0.00000000 1.00000000
36	36	37
0.99980771 0.00266209 -0.01942833 319.28857312
-0.00258813 0.99998931 0.00383107 -44.63087268
0.01943833 -0.00378005 0.99980391 2.08744654
0.00000000 0.00000000 0.00000000 1.00000000
37	37	38
0.99978311 0.00384745 -0.02046769 327.77061261
-0.00378371 0.99998787 0.00315178 -49.08360716
0.02047957 -0.00307365 0.99978555 2.35848916
0.00000000 0.00000000 0.00000000 1.00000000
38	38	39
0.99969160 0.00614918 -0.02406004 336.62275138
-0.00613006 0.99998083 0.00086843 -53.81742494
0.02406492 -0.00072068 0.99971014 2.68511348
0.00000000 0.00000000 0.00000000 1.00000000
39	39	40
0.99951381 0.00863040 -0.02996081 345.48004647
-0.00865270 0.99996238 -0.00061452 -58.77269089
0.02995438 0.00087346 0.99955089 3.11227135
0.00000000 0.00000000 0.00000000 1.00000000
40	40	41
0.99985721 0.00612582 -0.01574893 354.34084913
-0.00625370 0.99994777 -0.00808338 -64.16305872
0.01569859 0.00818071 0.99984330 3.73836071
0.00000000 0.00000000 0.00000000 1.00000000
41	41	42
0.99997361 0.00283580 -0.00668933 363.29544270
-0.00298523 0.99974383 -0.02243592 -69.59700800
0.00662399 0.02245529 0.99972590 4.17043766
0.00000000 0.00000000 0.00000000 1.00000000
42	42	43
0.99999799 0.00034400 0.00197671 371.80443078
-0.00028385 0.99953931 -0.03034934 -74.87482905
-0.00198624 0.03034871 0.99953740 4.40582983
0.00000000 0.00000000 0.00000000 1.00000000
43	43	44
0.99998913 0.00025803 0.00465653 380.40233861
-0.00010309 0.99944730 -0.03324268 -79.92067164
-0.00466253 0.03324184 0.99943646 4.55049565
0.00000000 0.00000000 0.00000000 1.00000000
44	44	45
0.99997990 0.00031839 0.00633286 388.96064310
-0.00010878 0.99945297 -0.03307197 -84.97175942
-0.00633992 0.03307062 0.99943291 4.57565952
0.00000000 0.00000000 0.00000000 1.00000000
45	45	46
0.99998527 0.00183110 0.00510864 398.16074666
-0.00167371 0.99952895 -0.03064444 -90.45330002
-0.00516235 0.03063544 0.99951729 4.63977700
0.00000000 0.00000000 0.00000000 1.00000000
46	46	47
0.99998148 0.00341455 0.00503725 408.21563193
-0.00325591 0.99950873 -0.03117208 -96.05136757
-0.00514121 0.03115510 0.99950134 4.76916394
0.00000000 0.00000000 0.00000000 1.00000000
47	47	48
0.99998469 0.00455754 0.00313670 418.07729482
-0.00445580 0.99948708 -0.03171314 -101.80420141
-0.00327962 0.03169868 0.99949209 4.93241486
0.00000000 0.00000000 0.00000000 1.00000000
48	48	49
0.99998054 0.00567042 0.00260163 427.07274583
-0.00557787 0.99939607 -0.03429843 -108.17731522
-0.00279454 0.03428325 0.99940825 5.06649993
0.00000000 0.00000000 0.00000000 1.00000000
49	49	50
0.99996204 0.00731750 0.00473036 435.27641820
-0.00713689 0.99928482 -0.03713375 -122.48131269
-0.00499870 0.03709858 0.99929911 4.70664978
0.00000000 0.00000000 0.00000000 1.00000000
50	50	51
0.99995854 0.00852738 0.00319363 435.79915966
-0.00840609 0.99930775 -0.03624022 -128.51615006
-0.00350045 0.03621187 0.99933800 4.51378145
0.00000000 0.00000000 0.00000000 1.00000000
51	51	52
0.99995789 0.00872939 0.00283097 436.04991982
-0.00862022 0.99929585 -0.03651693 -132.90145911
-0.00314775 0.03649099 0.99932902 4.37373015
0.00000000 0.00000000 0.00000000 1.00000000
52	52	53
0.99994738 0.01012930 0.00162207 436.04472587
-0.01006294 0.99927508 -0.03671591 -136.89023340
-0.00199280 0.03669766 0.99932443 4.21680382
0.00000000 0.00000000 0.00000000 1.00000000
53	53	54
0.99994623 0.01021406 0.00179348 435.21063399
-0.01013687 0.99919675 -0.03876969 -141.09030060
-0.00218803 0.03874942 0.99924656 4.01222686
0.00000000 0.00000000 0.00000000 1.00000000
54	54	55
0.99996410 0.00827007 0.00184564 432.80917802
-0.00818721 0.99912088 -0.04111500 -145.97220416
-0.00218405 0.04109841 0.99915272 3.69005647
0.00000000 0.00000000 0.00000000 1.00000000
55	55	56
0.99996002 0.00891267 -0.00071845 425.88821769
-0.00893433 0.99915358 -0.04015335 -155.39729502
0.00035997 0.04015816 0.99919327 3.09787226
0.00000000 0.00000000 0.00000000 1.00000000
56	56	57
0.99994013 0.01053600 -0.00295376 418.24190597
-0.01064538 0.99914884 -0.03985316 -165.86951364
0.00253135 0.03988222 0.99920118 2.39434281
0.00000000 0.00000000 0.00000000 1.00000000
57	57	58
0.99993772 0.01016982 -0.00459728 411.68035207
-0.01033777 0.99921976 -0.03811825 -174.95916085
0.00420604 0.03816340 0.99926266 1.72276947
0.00000000 0.00000000 0.00000000 1.00000000
58	58	59
0.99993628 0.00981804 -0.00557081 405.52178609
-0.01003718 0.99911782 -0.04077801 -183.98785114
0.00516553 0.04083132 0.99915270 0.87701580
0.00000000 0.00000000 0.00000000 1.00000000
59	59	60
0.99990651 0.01159614 -0.00724535 399.07187445
-0.01188174 0.99910058 -0.04070457 -192.98846551
0.00676682 0.04078686 0.99914496 -0.00923646
0.00000000 0.00000000 0.00000000 1.00000000
60	60	61
0.99989119 0.01262651 -0.00762798 392.15642801
-0.01291112 0.99917553 -0.03849113 -201.43375239
0.00713568 0.03858543 0.99922983 -0.80213905
0.00000000 0.00000000 0.00000000 1.00000000
61	61	62
0.99989520 0.01214719 -0.00787561 385.20262730
-0.01245281 0.99912229 -0.03999477 -207.67471833
0.00738287 0.04008865 0.99916885 -1.48555607
0.00000000 0.00000000 0.00000000 1.00000000
62	62	63
0.99988741 0.01252933 -0.00825791 377.31882558
-0.01285109 0.99911154 -0.04013707 -212.76090470
0.00774768 0.04023868 0.99916006 -2.10860225
0.00000000 0.00000000 0.00000000 1.00000000
63	63	64
0.99988617 0.01242893 -0.00855374 369.25354231
-0.01278329 0.99900610 -0.04270121 -216.65289689
0.00801451 0.04280569 0.99905127 -2.63112266
0.00000000 0.00000000 0.00000000 1.00000000
64	64	65
0.99989904 0.01136175 -0.00853303 361.12641494
-0.01171141 0.99904429 -0.04211117 -219.39049329
0.00804642 0.04220685 0.99907649 -3.05398848
0.00000000 0.00000000 0.00000000 1.00000000
65	65	66
0.99990550 0.01298992 -0.00449997 352.06277379
-0.01315330 0.99917544 -0.03841127 -221.37528793
0.00399730 0.03846683 0.99925188 -3.46102997
0.00000000 0.00000000 0.00000000 1.00000000
66	66	67
0.99989032 0.01381555 -0.00533649 341.57861572
-0.01402361 0.99905468 -0.04114717 -222.32102847
0.00476297 0.04121749 0.99913885 -3.91585359
0.00000000 0.00000000 0.00000000 1.00000000
67	67	68
0.99990274 0.01331357 -0.00415541 332.23287842
-0.01348983 0.99886195 -0.04574742 -222.36085652
0.00354162 0.04579903 0.99894440 -4.27415558
0.00000000 0.00000000 0.00000000 1.00000000
68	68	69
0.99988757 0.01432148 -0.00444261 322.40949809
-0.01452031 0.99871635 -0.04852646 -221.64045674
0.00374193 0.04858551 0.99881202 -4.63813796
0.00000000 0.00000000 0.00000000 1.00000000
69	69	70
0.99986963 0.01565474 -0.00395605 312.07717679
-0.01583281 0.99862767 -0.04992090 -219.51183731
0.00316912 0.04997703 0.99874534 -4.98339880
0.00000000 0.00000000 0.00000000 1.00000000
70	70	71
0.99987535 0.01554396 -0.00276830 302.46823272
-0.01566037 0.99869075 -0.04869838 -216.24732164
0.00200771 0.04873566 0.99880969 -5.22049387
0.00000000 0.00000000 0.00000000 1.00000000
71	71	72
0.99990903 0.01270889 -0.00451902 293.84776409
-0.01291760 0.99868439 -0.04962487 -212.20335017
0.00388239 0.04967873 0.99875770 -5.31848233
0.00000000 0.00000000 0.00000000 1.00000000
72	72	73
0.99991946 0.01137980 -0.00561927 285.15791926
-0.01163245 0.99881834 -0.04718699 -207.25319736
0.00507565 0.04724856 0.99887027 -5.32435339
0.00000000 0.00000000 0.00000000 1.00000000
73	73	74
0.99992881 0.00962846 -0.00704685 276.54786227
-0.00997070 0.99868631 -0.05026170 -201.67677352
0.00655365 0.05032839 0.99871122 -5.17164772
0.00000000 0.00000000 0.00000000 1.00000000
74	74	75
0.99993678 0.00842509 -0.00744740 268.08904361
-0.00876566 0.99885895 -0.04694639 -196.01821035
0.00704337 0.04700870 0.99886965 -5.03763995
0.00000000 0.00000000 0.00000000 1.00000000
75	75	76
0.99992425 0.00925842 -0.00811012 260.90502177
-0.00963491 0.99881595 -0.04768504 -191.00166013
0.00765903 0.04775957 0.99882950 -4.90408614
0.00000000 0.00000000 0.00000000 1.00000000
76	76	77
0.99991865 0.01067223 -0.00698572 253.79628629
-0.01098792 0.99884241 -0.04683061 -185.04176549
0.00647785 0.04690356 0.99887842 -4.69010603
0.00000000 0.00000000 0.00000000 1.00000000
77	77	78
0.99988708 0.01081513 -0.01043353 247.73191042
-0.01127836 0.99890469 -0.04541156 -178.96289787
0.00993097 0.04552411 0.99891388 -4.43557519
0.00000000 0.00000000 0.00000000 1.00000000
78	78	79
0.99985462 0.01282763 -0.01123313 242.15202947
-0.01331371 0.99892856 -0.04432251 -171.93638444
0.01065254 0.04446562 0.99895412 -4.10296997
0.00000000 0.00000000 0.00000000 1.00000000
79	79	80
0.99984648 0.01387168 -0.01070443 236.17742267
-0.01432525 0.99894950 -0.04352795 -163.23690686
0.01008938 0.04367461 0.99899486 -3.74367122
0.00000000 0.00000000 0.00000000 1.00000000
80	80	81
0.99986091 0.01324516 -0.01013557 230.34463107
-0.01366990 0.99897931 -0.04305197 -152.58083153
0.00955499 0.04318453 0.99902142 -3.37493252
0.00000000 0.00000000 0.00000000 1.00000000
81	81	82
0.99987936 0.01092720 -0.01103916 224.95623109
-0.01139025 0.99901904 -0.04279280 -139.77041200
0.01056073 0.04291337 0.99902298 -2.77973764
0.00000000 0.00000000 0.00000000 1.00000000
82	82	83
0.99988483 0.00904627 -0.01218570 217.43693830
-0.00953983 0.99911058 -0.04107352 -128.70844877
0.01180330 0.04118504 0.99908182 -2.29573659
0.00000000 0.00000000 0.00000000 1.00000000
83	83	84
0.99990871 0.00720342 -0.01143150 211.77668984
-0.00766024 0.99915283 -0.04043444 -125.49580142
0.01113055 0.04051832 0.99911680 -2.20956433
0.00000000 0.00000000 0.00000000 1.00000000
84	84	85
0.99989156 0.00762167 -0.01260103 206.75648003
-0.00813497 0.99911786 -0.04119859 -123.51188808
0.01227591 0.04129663 0.99907151 -2.20208730
0.00000000 0.00000000 0.00000000 1.00000000
85	85	86
0.99992860 0.00719657 -0.00953942 201.79899324
-0.00761736 0.99896538 -0.04483471 -122.10200184
0.00920690 0.04490417 0.99894887 -2.21896653
0.00000000 0.00000000 0.00000000 1.00000000
86	86	87
0.99990022 0.00873785 -0.01109972 197.24108254
-0.00921520 0.99900185 -0.04370784 -121.26918547
0.01070673 0.04380577 0.99898269 -2.19205279
0.00000000 0.00000000 0.00000000 1.00000000
87	87	88
0.99990392 0.00822322 -0.01115932 189.55904248
-0.00866078 0.99917229 -0.03974586 -121.90457811
0.01082325 0.03983869 0.99914750 -2.32161761
0.00000000 0.00000000 0.00000000 1.00000000
88	88	89
0.99991919 0.00796452 -0.00990832 172.89294315
-0.00832452 0.99928656 -0.03683837 -125.97250889
0.00960786 0.03691788 0.99927211 -2.74655333
0.00000000 0.00000000 0.00000000 1.00000000
89	89	90
0.99994055 0.00561510 -0.00934682 162.11304677
-0.00592674 0.99941593 -0.03365522 -127.97638902
0.00915238 0.03370861 0.99938980 -2.89048555
0.00000000 0.00000000 0.00000000 1.00000000
90	90	91
0.99992133 0.00790597 -0.00973809 152.77106627
-0.00824537 0.99934202 -0.03532056 -128.98882728
0.00945244 0.03539807 0.99932859 -2.98177544
0.00000000 0.00000000 0.00000000 1.00000000
91	91	92
0.99996486 0.00548874 -0.00633702 143.92161051
-0.00569632 0.99943193 -0.03321711 -129.37259060
0.00615110 0.03325204 0.99942807 -3.05221046
0.00000000 0.00000000 0.00000000 1.00000000
92	92	93
0.99996702 0.00369140 -0.00723353 134.49281782
-0.00391802 0.99949390 -0.03156882 -129.16679129
0.00711334 0.03159612 0.99947541 -3.06376534
0.00000000 0.00000000 0.00000000 1.00000000
93	93	94
0.99997559 0.00256020 -0.00650075 125.58265650
-0.00277682 0.99943368 -0.03353523 -128.12984043
0.00641121 0.03355246 0.99941639 -2.99793634
0.00000000 0.00000000 0.00000000 1.00000000
94	94	95
0.99998553 0.00136481 -0.00520408 115.66885145
-0.00152515 0.99952035 -0.03093122 -126.33265652
0.00515937 0.03093871 0.99950797 -2.90060126
0.00000000 0.00000000 0.00000000 1.00000000
95	95	96
0.99998230 -0.00095767 -0.00587279 105.21216263
0.00075534 0.99940928 -0.03435864 -123.91263555
0.00590223 0.03435359 0.99939231 -2.76929574
0.00000000 0.00000000 0.00000000 1.00000000
96	96	97
0.99995983 -0.00154167 -0.00882932 94.93819357
0.00122832 0.99937299 -0.03538523 -121.35718888
0.00887834 0.03537296 0.99933474 -2.67206337
0.00000000 0.00000000 0.00000000 1.00000000
97	97	98
0.99993405 -0.00239850 -0.01123157 84.93448084
0.00201106 0.99940679 -0.03438054 -118.74996857
0.01130737 0.03435569 0.99934570 -2.62331730
0.00000000 0.00000000 0.00000000 1.00000000
98	98	99
0.99988465 -0.00389608 -0.01468045 75.31680180
0.00333752 0.99927666 -0.03788176 -116.69697409
0.01481742 0.03782839 0.99917439 -2.62220730
0.00000000 0.00000000 0.00000000 1.00000000
99	99	100
0.99983086 -0.00414903 -0.01791757 66.16136574
0.00346835 0.99927724 -0.03785448 -115.18124324
0.01806168 0.03778593 0.99912261 -2.72513406
0.00000000 0.00000000 0.00000000 1.00000000
100	100	101
0.99987040 -0.00567227 -0.01506678 56.24488693
0.00508174 0.99922835 -0.03894720 -114.28726096
0.01527608 0.03886558 0.99912767 -2.83642311
0.00000000 0.00000000 0.00000000 1.00000000
101	101	102
0.99987591 -0.00794319 -0.01360384 44.75862983
0.00736431 0.99908685 -0.04208609 -114.27419236
0.01392572 0.04198068 0.99902137 -2.98565234
0.00000000 0.00000000 0.00000000 1.00000000
102	102	103
0.99987375 -0.00838543 -0.01349674 30.99344151
0.00776499 0.99893946 -0.04538347 -115.40848371
0.01386299 0.04527294 0.99887846 -3.19457454
0.00000000 0.00000000 0.00000000 1.00000000
103	103	104
0.99986704 -0.00712580 -0.01466732 16.66367604
0.00645652 0.99895786 -0.04518314 -117.24436745
0.01497400 0.04508244 0.99887104 -3.54020223
0.00000000 0.00000000 0.00000000 1.00000000
104	104	105
0.99986280 -0.00663776 -0.01517614 8.27553889
0.00596589 0.99901828 -0.04389626 -114.81112566
0.01545261 0.04379970 0.99892082 -3.56520219
0.00000000 0.00000000 0.00000000 1.00000000
105	105	106
0.99986789 -0.00620787 -0.01502196 4.54242441
0.00554448 0.99902463 -0.04380694 -112.15101882
0.01527925 0.04371786 0.99892707 -3.44521717
0.00000000 0.00000000 0.00000000 1.00000000
106	106	107
0.99986970 -0.00684133 -0.01462145 1.72077354
0.00620520 0.99905070 -0.04311830 -109.75216534
0.01490256 0.04302195 0.99896297 -3.38471254
0.00000000 0.00000000 0.00000000 1.00000000
107	107	108
0.99985397 -0.00610421 -0.01596153 -0.86377856
0.00541204 0.99905808 -0.04305425 -107.31287720
0.01620931 0.04296157 0.99894522 -3.30560561
0.00000000 0.00000000 0.00000000 1.00000000
108	108	109
0.99986389 -0.00631518 -0.01524194 -3.72499237
0.00564783 0.99904021 -0.04343690 -103.48676007
0.01550163 0.04334491 0.99893990 -3.19062301
0.00000000 0.00000000 0.00000000 1.00000000
109	109	110
0.99985859 -0.00634099 -0.01557543 -7.98791072
0.00564312 0.99899574 -0.04444853 -90.35277891
0.01584163 0.04435435 0.99889025 -2.58435194
0.00000000 0.00000000 0.00000000 1.00000000
110	110	111
0.99988121 -0.00263300 -0.01518668 -10.19142209
0.00197862 0.99907550 -0.04294446 -76.39103650
0.01528571 0.04290931 0.99896203 -1.88318763
0.00000000 0.00000000 0.00000000 1.00000000
111	111	112
0.99984435 -0.00008127 -0.01764306 -12.48090651
-0.00066314 0.99910968 -0.04218300 -63.32077109
0.01763078 0.04218813 0.99895411 -1.19207599
0.00000000 0.00000000 0.00000000 1.00000000
112	112	113
0.99988359 0.00230901 -0.01508244 -16.22110203
-0.00292936 0.99914504 -0.04123852 -44.48210801
0.01497433 0.04127790 0.99903549 -0.97697416
0.00000000 0.00000000 0.00000000 1.00000000
113	113	114
0.99981962 0.00502305 -0.01831660 -17.57844020
-0.00575851 0.99917008 -0.04032355 -39.53231273
0.01809885 0.04042175 0.99901878 -0.91958893
0.00000000 0.00000000 0.00000000 1.00000000
114	114	115
0.99981638 0.00515062 -0.01845765 -18.79546246
-0.00588281 0.99918890 -0.03983633 -34.00398357
0.01823750 0.03993760 0.99903573 -0.80020504
0.00000000 0.00000000 0.00000000 1.00000000
115	115	116
0.99982614 0.00480574 -0.01801644 -20.26258627
-0.00549880 0.99923891 -0.03861806 -27.46889274
0.01781714 0.03871041 0.99909161 -0.59014504
0.00000000 0.00000000 0.00000000 1.00000000
116	116	117
0.99984844 0.00468996 -0.01676623 -21.75370569
-0.00531241 0.99929091 -0.03727529 -18.51446369
0.01657953 0.03735871 0.99916437 -0.36573919
0.00000000 0.00000000 0.00000000 1.00000000
117	117	118
0.99985374 0.00157162 -0.01703016 -22.45221198
-0.00217558 0.99936716 -0.03550404 -13.39062402
0.01696358 0.03553590 0.99922442 -0.27309374
0.00000000 0.00000000 0.00000000 1.00000000
118	118	119
0.99987866 -0.00215306 -0.01542800 -23.86386206
0.00150902 0.99913172 -0.04163561 2.55306319
0.01550425 0.04160727 0.99901374 0.20515359
0.00000000 0.00000000 0.00000000 1.00000000
119	119	120
0.99985953 -0.00635060 -0.01551097 -20.92584399
0.00565479 0.99899346 -0.04449811 9.96274777
0.01577794 0.04440414 0.99888905 0.55789240
0.00000000 0.00000000 0.00000000 1.00000000
120	120	121
0.99997638 0.00319954 0.00608317 7.41109256
-0.00314877 0.99996028 -0.00833753 8.41628500
-0.00610961 0.00831818 0.99994674 -0.33333495
0.00000000 0.00000000 0.00000000 1.00000000
121	121	122
0.99997503 0.00329382 0.00625231 3.60168011
-0.00324209 0.99996058 -0.00826637 4.57500299
-0.00627929 0.00824590 0.99994629 -0.34191031
0.00000000 0.00000000 0.00000000 1.00000000
122	122	123
0.99998417 0.00283485 0.00486097 0.27207604
-0.00279817 0.99996769 -0.00753629 0.42900114
-0.00488218 0.00752257 0.99995979 -0.41437524
0.00000000 0.00000000 0.00000000 1.00000000
123	123	124
0.99998167 0.00456277 0.00398124 -2.03325020
-0.00452836 0.99995269 -0.00860857 -1.81772861
-0.00402033 0.00859038 0.99995502 -0.48795334
0.00000000 0.00000000 0.00000000 1.00000000
124	124	125
0.99998824 0.00287030 0.00390947 -3.21114558
-0.00283861 0.99996327 -0.00808760 -5.07771691
-0.00393254 0.00807641 0.99995965 -0.56247845
0.00000000 0.00000000 0.00000000 1.00000000
125	125	126
0.99998413 0.00384426 0.00411863 -0.01371619
-0.00380934 0.99995702 -0.00845265 -9.35408399
-0.00415095 0.00843683 0.99995579 -0.61765358
0.00000000 0.00000000 0.00000000 1.00000000
126	126	127
0.99998581 0.00323578 0.00423095 5.35814012
-0.00320021 0.99995971 -0.00838701 -12.07524616
-0.00425792 0.00837335 0.99995588 -0.62874637
0.00000000 0.00000000 0.00000000 1.00000000
127	127	128
0.99998708 0.00398123 0.00316135 11.82587832
-0.00395541 0.99995911 -0.00813161 -13.81871726
-0.00319359 0.00811901 0.99996194 -0.60622893
0.00000000 0.00000000 0.00000000 1.00000000
128	128	129
0.99998778 0.00409595 0.00276928 20.65449981
-0.00407291 0.99995746 -0.00827639 -13.95502475
-0.00280306 0.00826501 0.99996192 -0.56782755
0.00000000 0.00000000 0.00000000 1.00000000
129	129	130
0.99998952 0.00357421 0.00285978 31.32468874
-0.00354408 0.99993886 -0.01047420 -13.25840518
-0.00289705 0.01046395 0.99994105 -0.49410420
0.00000000 0.00000000 0.00000000 1.00000000
130	130	131
0.99999482 0.00023707 0.00321070 41.53312930
-0.00020938 0.99996282 -0.00862056 -12.41556220
-0.00321262 0.00861985 0.99995769 -0.49152260
0.00000000 0.00000000 0.00000000 1.00000000
131	131	132
0.99999555 -0.00081605 0.00286872 51.71599080
0.00083573 0.99997608 -0.00686620 -11.55344596
-0.00286304 0.00686856 0.99997231 -0.46195344
0.00000000 0.00000000 0.00000000 1.00000000
132	132	133
0.99999718 -0.00089178 0.00220135 61.77063838
0.00090947 0.99996721 -0.00804679 -10.83365980
-0.00219410 0.00804877 0.99996520 -0.37952723
0.00000000 0.00000000 0.00000000 1.00000000
133	133	134
0.99999836 0.00001963 0.00181023 71.66911309
-0.00000572 0.99997051 -0.00768020 -10.28269726
-0.00181032 0.00768018 0.99996887 -0.32014718
0.00000000 0.00000000 0.00000000 1.00000000
134	134	135
0.99999027 -0.00063255 0.00436524 81.66382293
0.00066855 0.99996575 -0.00824977 -9.66299278
-0.00435987 0.00825261 0.99995644 -0.24730950
0.00000000 0.00000000 0.00000000 1.00000000
135	135	136
0.99999629 0.00038413 0.00269833 91.74921520
-0.00035600 0.99994570 -0.01041488 -8.95381950
-0.00270219 0.01041388 0.99994212 -0.21525616
0.00000000 0.00000000 0.00000000 1.00000000
136	136	137
0.99999976 0.00027534 -0.00063258 101.59139529
-0.00028273 0.99993136 -0.01171345 -8.31217868
0.00062931 0.01171363 0.99993120 -0.12748314
0.00000000 0.00000000 0.00000000 1.00000000
137	137	138
0.99999893 -0.00079745 -0.00123027 111.64748053
0.00078346 0.99993548 -0.01133208 -7.73680998
0.00123923 0.01133111 0.99993503 0.02586557
0.00000000 0.00000000 0.00000000 1.00000000
138	138	139
0.99999685 -0.00104188 -0.00228400 120.97274121
0.00101188 0.99991374 -0.01309540 -6.78646246
0.00229744 0.01309304 0.99991164 0.11776983
0.00000000 0.00000000 0.00000000 1.00000000
139	139	140
0.99999643 -0.00145022 -0.00224628 130.43997391
0.00141888 0.99990247 -0.01389365 -5.85646872
0.00226621 0.01389041 0.99990096 0.15990165
0.00000000 0.00000000 0.00000000 1.00000000
140	140	141
0.99998406 -0.00107906 -0.00554275 140.67516775
0.00100147 0.99990174 -0.01398255 -4.76720265
0.00555730 0.01397677 0.99988688 0.22503604
0.00000000 0.00000000 0.00000000 1.00000000
141	141	142
0.99997365 -0.00011173 -0.00725861 152.34653590
0.00001022 0.99990222 -0.01398403 -3.97826840
0.00725947 0.01398359 0.99987587 0.40193065
0.00000000 0.00000000 0.00000000 1.00000000
142	142	143
0.99995661 0.00085968 -0.00927597 164.83589662
-0.00098502 0.99990817 -0.01351570 -3.32198501
0.00926350 0.01352425 0.99986563 0.65791753
0.00000000 0.00000000 0.00000000 1.00000000
143	143	144
0.99997163 0.00220421 -0.00720256 177.48264994
-0.00230383 0.99990140 -0.01385197 -2.83154054
0.00717132 0.01386817 0.99987812 0.81981242
0.00000000 0.00000000 0.00000000 1.00000000
144	144	145
0.99992041 0.00420016 -0.01189662 191.26031316
-0.00439541 0.99985530 -0.01643329 -2.71922833
0.01182587 0.01648428 0.99979419 0.85483070
0.00000000 0.00000000 0.00000000 1.00000000
145	145	146
0.99989414 0.00687325 -0.01282448 197.49596091
-0.00709124 0.99982982 -0.01703073 -2.81539774
0.01270524 0.01711986 0.99977272 0.94045024
0.00000000 0.00000000 0.00000000 1.00000000
146	146	147
0.99985399 0.00696748 -0.01560312 202.78973344
-0.00727451 0.99977932 -0.01970757 -3.10733976
0.01546236 0.01981820 0.99968403 1.01640697
0.00000000 0.00000000 0.00000000 1.00000000
147	147	148
0.99984898 0.00826797 -0.01528602 208.85645989
-0.00857187 0.99976475 -0.01992383 -3.44301544
0.01511769 0.02005185 0.99968464 1.08485750
0.00000000 0.00000000 0.00000000 1.00000000
148	148	149
0.99984995 0.00832170 -0.01519270 215.98656748
-0.00863303 0.99975169 -0.02054312 -4.11708020
0.01501797 0.02067120 0.99967353 1.18240258
0.00000000 0.00000000 0.00000000 1.00000000
149	149	150
0.99987376 0.00901088 -0.01308718 224.35733374
-0.00926998 0.99975952 -0.01987409 -5.50445631
0.01290495 0.01999290 0.99971683 1.29687000
0.00000000 0.00000000 0.00000000 1.00000000
150	150	151
0.99984275 0.01176960 -0.01326442 239.73181396
-0.01204066 0.99971644 -0.02054394 -8.93285998
0.01301886 0.02070042 0.99970096 1.71414109
0.00000000 0.00000000 0.00000000 1.00000000
151	151	152
0.99985934 0.01051130 -0.01306980 250.58750318
-0.01082449 0.99965029 -0.02412733 -12.10995330
0.01281162 0.02426541 0.99962346 1.99751500
0.00000000 0.00000000 0.00000000 1.00000000
152	152	153
0.99984291 0.01110907 -0.01381129 259.52502019
-0.01144707 0.99963087 -0.02463933 -15.31713917
0.01353247 0.02479356 0.99960100 2.18752844
0.00000000 0.00000000 0.00000000 1.00000000
153	153	154
0.99986813 0.00957035 -0.01311972 268.26791838
-0.00989258 0.99964546 -0.02472039 -19.11812012
0.01287849 0.02484692 0.99960831 2.38437805
0.00000000 0.00000000 0.00000000 1.00000000
154	154	155
0.99984375 0.00911908 -0.01514318 277.46427041
-0.00949260 0.99964786 -0.02478011 -23.55907308
0.01491187 0.02491999 0.99957823 2.60220122
0.00000000 0.00000000 0.00000000 1.00000000
155	155	156
0.99983417 0.00868102 -0.01600844 286.72362362
-0.00908397 0.99963932 -0.02527272 -27.98040612
0.01578327 0.02541395 0.99955241 2.77692690
0.00000000 0.00000000 0.00000000 1.00000000
156	156	157
0.99985431 0.00873223 -0.01466683 296.32537589
-0.00910718 0.99962834 -0.02569497 -32.55273086
0.01443700 0.02582480 0.99956223 2.87891456
0.00000000 0.00000000 0.00000000 1.00000000
157	157	158
0.99988591 0.00682814 -0.01347372 305.20229060
-0.00719487 0.99959974 -0.02736058 -37.00175827
0.01328150 0.02745440 0.99953482 2.95666225
0.00000000 0.00000000 0.00000000 1.00000000
158	158	159
0.99986630 0.00803228 -0.01424324 313.65542432
-0.00840892 0.99961123 -0.02658341 -41.46589038
0.01402418 0.02669963 0.99954512 3.03935005
0.00000000 0.00000000 0.00000000 1.00000000
159	159	160
0.99988029 0.00907416 -0.01253238 322.44333093
-0.00941393 0.99958231 -0.02732368 -46.14295540
0.01227921 0.02743839 0.99954808 3.10781499
0.00000000 0.00000000 0.00000000 1.00000000
160	160	161
0.99989937 0.00896333 -0.01099581 331.05971698
-0.00927686 0.99954207 -0.02880247 -50.83441839
0.01073261 0.02890158 0.99952464 3.15116702
0.00000000 0.00000000 0.00000000 1.00000000
161	161	162
0.99993329 0.00742501 -0.00884778 339.70393326
-0.00768373 0.99953304 -0.02957472 -55.60650289
0.00862406 0.02964073 0.99952341 3.21404840
0.00000000 0.00000000 0.00000000 1.00000000
162	162	163
0.99995091 0.00669288 -0.00730661 348.96226731
-0.00691134 0.99951714 -0.03029379 -61.09805395
0.00710033 0.03034280 0.99951433 3.41677109
0.00000000 0.00000000 0.00000000 1.00000000
163	163	164
0.99997767 0.00588947 -0.00315773 357.84272711
-0.00598574 0.99948905 -0.03139750 -66.58416149
0.00297120 0.03141570 0.99950199 3.66877837
0.00000000 0.00000000 0.00000000 1.00000000
164	164	165
0.99997725 0.00673356 0.00038922 366.67887174
-0.00671727 0.99944454 -0.03264187 -72.10831812
-0.00060880 0.03263851 0.99946704 3.91794830
0.00000000 0.00000000 0.00000000 1.00000000
165	165	166
0.99998270 0.00560942 0.00176950 375.71082009
-0.00554423 0.99937507 -0.03491020 -77.66122872
-0.00196422 0.03489978 0.99938889 4.06227540
0.00000000 0.00000000 0.00000000 1.00000000
166	166	167
0.99997225 0.00666895 0.00332075 384.28976760
-0.00654335 0.99931238 -0.03649584 -82.75079269
-0.00356186 0.03647309 0.99932829 4.19009469
0.00000000 0.00000000 0.00000000 1.00000000
167	167	168
0.99996159 0.00778014 0.00403573 392.90848223
-0.00762553 0.99928593 -0.03700664 -87.82549853
-0.00432076 0.03697444 0.99930687 4.27070726
0.00000000 0.00000000 0.00000000 1.00000000
168	168	169
0.99996153 0.00864613 0.00147634 402.45892850
-0.00858350 0.99923456 -0.03816576 -93.23410534
-0.00180519 0.03815162 0.99927033 4.36360441
0.00000000 0.00000000 0.00000000 1.00000000
169	169	170
0.99994559 0.01022661 0.00205997 413.80347654
-0.01014234 0.99924741 -0.03743982 -99.44626403
-0.00244131 0.03741689 0.99929676 4.54134581
0.00000000 0.00000000 0.00000000 1.00000000
170	170	171
0.99998535 0.00541043 0.00013577 428.77393205
-0.00540220 0.99935506 -0.03550037 -108.69971342
-0.00032775 0.03549911 0.99936965 4.76366146
0.00000000 0.00000000 0.00000000 1.00000000
171	171	172
0.99998975 0.00452229 -0.00019826 433.50016848
-0.00452646 0.99937330 -0.03510731 -113.67334640
0.00003937 0.03510785 0.99938353 4.79980013
0.00000000 0.00000000 0.00000000 1.00000000
172	172	173
0.99999134 0.00405653 -0.00092752 434.89763803
-0.00408679 0.99936606 -0.03536639 -120.34863222
0.00078346 0.03536987 0.99937398 4.64914285
0.00000000 0.00000000 0.00000000 1.00000000
173	173	174
0.99998609 0.00500577 -0.00166224 435.24202240
-0.00505919 0.99941372 -0.03386187 -124.41522116
0.00149176 0.03386980 0.99942514 4.54003575
0.00000000 0.00000000 0.00000000 1.00000000
174	174	175
0.99998178 0.00601007 -0.00057024 435.41981684
-0.00602568 0.99943105 -0.03318521 -127.68242493
0.00037047 0.03318804 0.99944906 4.45485887
0.00000000 0.00000000 0.00000000 1.00000000
175	175	176
0.99997373 0.00724704 0.00011099 435.19937021
-0.00723904 0.99939201 -0.03410585 -131.31022815
-0.00035808 0.03410415 0.99941822 4.31642695
0.00000000 0.00000000 0.00000000 1.00000000
176	176	177
0.99996082 0.00884493 0.00035879 431.27326189
-0.00882944 0.99947444 -0.03119107 -145.51586341
-0.00063448 0.03118668 0.99951338 3.73190632
0.00000000 0.00000000 0.00000000 1.00000000
177	177	178
0.99996290 0.00859423 0.00057926 426.19001325
-0.00857297 0.99951268 -0.03001522 -153.79793955
-0.00083693 0.03000914 0.99954927 3.28598114
0.00000000 0.00000000 0.00000000 1.00000000
178	178	179
0.99996762 0.00794928 0.00124883 420.02614053
-0.00790845 0.99952266 -0.02986485 -162.50007502
-0.00148564 0.02985401 0.99955317 2.68067243
0.00000000 0.00000000 0.00000000 1.00000000
179	179	180
0.99996256 0.00860139 0.00094458 414.02583921
-0.00856935 0.99951744 -0.02985729 -170.90321735
-0.00120094 0.02984808 0.99955373 2.10412735
0.00000000 0.00000000 0.00000000 1.00000000
180	180	181
0.99996922 0.00774101 0.00127732 408.23111212
-0.00769735 0.99948271 -0.03122595 -179.10431246
-0.00151838 0.03121516 0.99951153 1.39607594
0.00000000 0.00000000 0.00000000 1.00000000
181	181	182
0.99995451 0.00930843 0.00208028 402.12603638
-0.00924060 0.99949116 -0.03052922 -187.89857078
-0.00236340 0.03050861 0.99953171 0.58228992
0.00000000 0.00000000 0.00000000 1.00000000
182	182	183
0.99994298 0.01051085 0.00188479 394.45126703
-0.01044458 0.99942470 -0.03226729 -198.46016311
-0.00222286 0.03224576 0.99947750 -0.47134505
0.00000000 0.00000000 0.00000000 1.00000000
183	183	184
0.99992713 0.01204307 0.00084190 386.74856668
-0.01200872 0.99938264 -0.03301702 -206.97495932
-0.00123901 0.03300450 0.99945444 -1.43028187
0.00000000 0.00000000 0.00000000 1.00000000
184	184	185
0.99991325 0.01291019 0.00261317 378.83763625
-0.01281778 0.99938182 -0.03273659 -212.54011005
-0.00303420 0.03270025 0.99946060 -2.16998072
0.00000000 0.00000000 0.00000000 1.00000000
185	185	186
0.99991114 0.01328829 0.00106619 371.69839743
-0.01324599 0.99937001 -0.03292595 -216.04004388
-0.00150305 0.03290890 0.99945723 -2.70905495
0.00000000 0.00000000 0.00000000 1.00000000
186	186	187
0.99990945 0.01345170 0.00037338 365.16835818
-0.01343185 0.99935710 -0.03324126 -218.48214902
-0.00082029 0.03323323 0.99944729 -3.08611751
0.00000000 0.00000000 0.00000000 1.00000000
187	187	188
0.99990144 0.01403854 0.00016936 358.54254363
-0.01402342 0.99925727 -0.03589209 -220.25350227
-0.00067310 0.03588618 0.99935566 -3.37767427
0.00000000 0.00000000 0.00000000 1.00000000
188	188	189
0.99985467 0.01697017 -0.00162860 349.61410724
-0.01701947 0.99914567 -0.03765991 -221.48122771
0.00098812 0.03768215 0.99928929 -3.68067399
0.00000000 0.00000000 0.00000000 1.00000000
189	189	190
0.99984957 0.01723812 -0.00192207 339.04160695
-0.01728957 0.99936682 -0.03109719 -221.91789035
0.00138479 0.03112574 0.99951452 -3.97237594
0.00000000 0.00000000 0.00000000 1.00000000
190	190	191
0.99985843 0.01680834 -0.00077766 328.57525630
-0.01682256 0.99954384 -0.02508231 -221.81975774
0.00035571 0.02509184 0.99968509 -4.24294332
0.00000000 0.00000000 0.00000000 1.00000000
191	191	192
0.99979903 0.02002917 -0.00085792 318.24230837
-0.02004483 0.99945143 -0.02636376 -220.83823693
0.00032940 0.02637566 0.99965205 -4.49284102
0.00000000 0.00000000 0.00000000 1.00000000
192	192	193
0.99983109 0.01809231 -0.00323421 308.38141301
-0.01817541 0.99944723 -0.02783699 -218.73623397
0.00272879 0.02789108 0.99960724 -4.67064962
0.00000000 0.00000000 0.00000000 1.00000000
193	193	194
0.99982482 0.01830070 -0.00392577 299.40649009
-0.01840209 0.99945058 -0.02756646 -215.41342145
0.00341912 0.02763388 0.99961226 -4.88236288
0.00000000 0.00000000 0.00000000 1.00000000
194	194	195
0.99980577 0.01877788 -0.00598389 290.61724320
-0.01894556 0.99939054 -0.02931929 -210.98650539
0.00542969 0.02942696 0.99955219 -5.06180279
0.00000000 0.00000000 0.00000000 1.00000000
195	195	196
0.99979296 0.01971771 -0.00502469 282.11768872
-0.01984711 0.99943420 -0.02715449 -205.82094426
0.00448642 0.02724859 0.99961862 -5.14901713
0.00000000 0.00000000 0.00000000 1.00000000
196	196	197
0.99983799 0.01781817 -0.00255048 273.92342873
-0.01787824 0.99950536 -0.02587277 -200.25601420
0.00208821 0.02591418 0.99966199 -5.19413396
0.00000000 0.00000000 0.00000000 1.00000000
197	197	198
0.99985355 0.01700149 -0.00195803 265.60055177
-0.01704625 0.99952382 -0.02572071 -194.42847387
0.00151980 0.02575032 0.99966725 -5.13310493
0.00000000 0.00000000 0.00000000 1.00000000
198	198	199
0.99984360 0.01679936 -0.00552776 257.40706328
-0.01694449 0.99948231 -0.02734942 -187.94341098
0.00506544 0.02743880 0.99961065 -5.11493255
0.00000000 0.00000000 0.00000000 1.00000000
199	199	200
0.99986569 0.01488378 -0.00686177 249.30320934
-0.01505757 0.99954821 -0.02601225 -179.56563803
0.00647150 0.02611208 0.99963807 -4.85547920
0.00000000 0.00000000 0.00000000 1.00000000
200	200	201
0.99987530 0.01416779 -0.00697597 243.39719615
-0.01434163 0.99957109 -0.02553349 -171.91844263
0.00661122 0.02563035 0.99964963 -4.51396839
0.00000000 0.00000000 0.00000000 1.00000000
201	201	202
