0	0	1
1.00000000 0.00000000 0.00000000 0.00000000
0.00000000 1.00000000 0.00000000 0.00000000
0.00000000 0.00000000 1.00000000 0.00000000
0.00000000 0.00000000 0.00000000 1.00000000
1	1	2
0.94001491 -0.30398947 -0.15479786 5.43073762
0.34036046 0.80523571 0.48554115 -6.78824226
-0.02295064 -0.50910299 0.86039957 -2.70823886
0.00000000 0.00000000 0.00000000 1.00000000
2	2	3
0.56282956 -0.59236803 0.57647464 26.41089017
0.32374409 0.79968900 0.50565529 -18.27104382
-0.76053445 -0.09796748 0.64186425 12.93099169
0.00000000 0.00000000 0.00000000 1.00000000
3	3	4
0.92840106 0.30539730 0.21166946 58.87657539
-0.27828930 0.19399717 0.94070195 -33.87856812
0.24622456 -0.93225403 0.26509599 -10.35880031
0.00000000 0.00000000 0.00000000 1.00000000
4	4	5
0.72727732 -0.20853044 0.65389812 82.01439973
-0.61941767 0.21093123 0.75619426 -46.64093209
-0.29561706 -0.95499899 0.02423806 4.93484307
0.00000000 0.00000000 0.00000000 1.00000000
5	5	6
-0.46127837 -0.65753835 0.59570595 86.42141246
0.88057391 -0.25703359 0.39814988 -49.84647711
-0.10868237 0.70822105 0.69757515 3.24884918
0.00000000 0.00000000 0.00000000 1.00000000
6	6	7
-0.19620992 -0.65353595 0.73102149 80.54528488
0.98024894 -0.14956496 0.12939222 -39.20450954
0.02477273 0.74197108 0.66997405 2.10948486
0.00000000 0.00000000 0.00000000 1.00000000
7	7	8
0.97087987 -0.23956684 0.00003204 77.83445775
0.04112239 0.16652275 -0.98517974 -28.62518792
0.23601106 0.95649250 0.17152515 2.93550200
0.00000000 0.00000000 0.00000000 1.00000000
8	8	9
0.76554578 -0.23501120 -0.59892353 87.23071438
-0.60838401 0.03841662 -0.79271247 -28.07024474
0.20930493 0.97123318 -0.11356738 6.04263624
0.00000000 0.00000000 0.00000000 1.00000000
9	9	10
0.01796028 -0.06918924 0.99744187 95.46847026
0.99137198 -0.12831960 -0.02675209 -34.72347791
0.12984230 0.98931639 0.06628762 9.18230795
0.00000000 0.00000000 0.00000000 1.00000000
10	10	11
0.03316232 0.42119717 0.90636262 95.32931765
0.15760389 0.89331146 -0.42089861 -24.50715878
-0.98694543 0.15680425 -0.03675803 10.84794690
0.00000000 0.00000000 0.00000000 1.00000000
11	11	12
-0.21423777 0.63812019 0.73953012 96.00958721
-0.95867075 -0.28248195 -0.03397569 -22.13167833
0.18722333 -0.71624477 0.67226546 0.60982472
0.00000000 0.00000000 0.00000000 1.00000000
12	12	13
-0.21265391 0.68009101 0.70160854 94.20092396
-0.96512315 -0.25839690 -0.04205167 -33.15186874
0.15269451 -0.68608109 0.71132069 2.12181606
0.00000000 0.00000000 0.00000000 1.00000000
13	13	14
-0.19749378 0.68216872 0.70401849 92.42588287
-0.95739941 -0.28855634 0.01102767 -44.91923407
0.21067173 -0.67184899 0.71009602 3.31543076
0.00000000 0.00000000 0.00000000 1.00000000
14	14	15
0.83846627 -0.46488214 -0.28435700 90.68220298
0.49816126 0.44230943 0.74578665 -56.26717869
-0.22092911 -0.76697260 0.60244781 5.31197560
0.00000000 0.00000000 0.00000000 1.00000000
15	15	16
0.67997598 -0.54515481 -0.49034570 98.97280607
0.73307168 0.51953320 0.43896603 -50.10557069
0.01544643 -0.65794490 0.75290764 2.07688430
0.00000000 0.00000000 0.00000000 1.00000000
16	16	17
0.94415263 0.16068675 0.28767268 104.88690765
-0.30575561 0.75269390 0.58306552 -42.44901030
-0.12283857 -0.63846038 0.75978880 1.51563059
0.00000000 0.00000000 0.00000000 1.00000000
17	17	18
-0.90572113 0.38698001 0.17296159 113.27874445
-0.42322155 -0.84824715 -0.31837132 -44.40221706
0.02351084 -0.36155670 0.93205364 -0.29731722
0.00000000 0.00000000 0.00000000 1.00000000
18	18	19
-0.92568612 0.35778867 0.12285147 103.02358619
-0.37699783 -0.89936151 -0.22140800 -50.39148158
0.03127060 -0.25126905 0.96741202 -0.38246934
0.00000000 0.00000000 0.00000000 1.00000000
19	19	20
0.62950968 -0.72958234 -0.26725862 90.34300726
0.67868680 0.34884851 0.64628860 -56.49370342
-0.37828798 -0.58822982 0.71476142 -0.18779366
0.00000000 0.00000000 0.00000000 1.00000000
20	20	21
0.95164541 -0.27741626 -0.13195163 99.67139311
0.29794013 0.72882586 0.61647753 -47.62951383
-0.07485113 -0.62598170 0.77623722 -5.09110197
0.00000000 0.00000000 0.00000000 1.00000000
21	21	22
0.85603005 0.46820808 0.21907475 110.52301390
-0.51061785 0.69988429 0.49943107 -43.97057822
0.08051068 -0.53939148 0.83819739 -6.19461301
0.00000000 0.00000000 0.00000000 1.00000000
22	22	23
-0.97793359 0.20830575 -0.01595634 118.41420679
-0.19706170 -0.94511107 -0.26063719 -48.72589689
-0.06937274 -0.25174148 0.96530495 -5.34438087
0.00000000 0.00000000 0.00000000 1.00000000
23	23	24
-0.98310688 0.13860579 -0.11953782 108.81947473
-0.10296851 -0.95877049 -0.26487097 -50.05508126
-0.15132199 -0.24808784 0.95684590 -5.82350416
0.00000000 0.00000000 0.00000000 1.00000000
24	24	25
0.98258845 -0.18576494 0.00336405 98.12269687
-0.16979397 -0.90516791 -0.38966788 -50.25148802
0.07543166 0.38231196 -0.92094931 -7.18457657
0.00000000 0.00000000 0.00000000 1.00000000
25	25	26
0.95201876 -0.30531481 0.02105115 114.47342649
-0.13457074 -0.47940593 -0.86721431 -51.47184024
0.27486542 0.82277143 -0.49748988 -6.26182870
0.00000000 0.00000000 0.00000000 1.00000000
26	26	27
0.95959688 -0.27726819 -0.04791853 130.58529811
-0.01226664 0.12891494 -0.99157978 -52.41904755
0.28111094 0.95210466 0.12030523 -4.01429538
0.00000000 0.00000000 0.00000000 1.00000000
27	27	28
0.95653200 -0.26351449 -0.12492660 144.97784574
0.09937091 0.69725579 -0.70990125 -53.22206173
0.27417506 0.66662919 0.69313315 -3.26480033
0.00000000 0.00000000 0.00000000 1.00000000
28	28	29
0.99803889 -0.01353428 -0.06111628 157.54299539
0.00514603 0.99078116 -0.13537432 -54.62695170
0.06238505 0.13479433 0.98890778 -2.19691580
0.00000000 0.00000000 0.00000000 1.00000000
29	29	30
0.95281750 -0.26589242 -0.14642416 167.98766550
0.30174711 0.77728440 0.55206670 -57.99623756
-0.03297714 -0.57020188 0.82084245 -2.04457488
0.00000000 0.00000000 0.00000000 1.00000000
30	30	31
0.95858014 -0.27529126 0.07306738 181.53669810
0.20100052 0.83559257 0.51125712 -57.97755597
-0.20179918 -0.47539434 0.85631613 -0.28883179
0.00000000 0.00000000 0.00000000 1.00000000
31	31	32
0.96206941 -0.07293181 0.26287526 194.62091753
-0.05797758 0.88692815 0.45825436 -59.98907245
-0.26657278 -0.45611338 0.84905803 -0.23677407
0.00000000 0.00000000 0.00000000 1.00000000
32	32	33
0.86868111 0.25566922 0.42429515 206.16399506
-0.41867535 0.83672710 0.35298543 -65.29931312
-0.26477174 -0.48427369 0.83389143 -0.85257263
0.00000000 0.00000000 0.00000000 1.00000000
33	33	34
0.68284925 0.39998209 0.61133561 214.77540263
-0.57541670 0.81005408 0.11272980 -74.50367991
-0.45012501 -0.42875017 0.78330120 -1.37282688
0.00000000 0.00000000 0.00000000 1.00000000
34	34	35
0.91511608 0.04287659 0.40090418 220.51882060
-0.26591636 0.81159865 0.52018854 -85.67193337
-0.30306938 -0.58263988 0.75410856 -4.21308079
0.00000000 0.00000000 0.00000000 1.00000000
35	35	36
0.73951109 -0.61092189 -0.28266197 231.50598741
0.66859652 0.61789042 0.41375128 -90.43033262
-0.07811559 -0.49496047 0.86539707 -3.77813163
0.00000000 0.00000000 0.00000000 1.00000000
36	36	37
0.75738818 -0.64497207 -0.10185366 243.51548666
0.64136285 0.70555014 0.30141780 -86.34234815
-0.12254320 -0.29361543 0.94803647 -1.63558163
0.00000000 0.00000000 0.00000000 1.00000000
37	37	38
0.76538962 -0.63014433 -0.13075495 255.64238059
0.64338086 0.75409768 0.13190055 -83.26671582
0.01548563 -0.18508055 0.98260134 -1.19785297
0.00000000 0.00000000 0.00000000 1.00000000
38	38	39
0.77969954 -0.62545087 -0.02966187 267.85041740
0.62540834 0.78020786 -0.01183650 -80.53948579
0.03054558 -0.00932187 0.99948991 0.24517440
0.00000000 0.00000000 0.00000000 1.00000000
39	39	40
0.95033165 -0.30398883 -0.06678737 279.99873336
0.28768051 0.93983266 -0.18426745 -78.43074650
0.11878420 0.15590177 0.98060438 0.89825530
0.00000000 0.00000000 0.00000000 1.00000000
40	40	41
0.76712230 -0.64014664 0.04166119 292.08067470
0.62013863 0.72339142 -0.30353408 -80.56006970
0.16416897 0.25868347 0.95190935 1.57461396
0.00000000 0.00000000 0.00000000 1.00000000
41	41	42
0.81552135 -0.57802110 0.02857496 304.03761816
0.53121890 0.72806989 -0.43326749 -78.75539131
0.22963318 0.36851844 0.90081228 2.04828484
0.00000000 0.00000000 0.00000000 1.00000000
42	42	43
0.94089737 -0.31963231 -0.11201487 315.17640416
0.20828072 0.80684947 -0.55282282 -78.12231558
0.26707918 0.49681900 0.82573579 2.37414592
0.00000000 0.00000000 0.00000000 1.00000000
43	43	44
0.71020024 0.34586292 -0.61318387 325.49575425
-0.63447660 0.69186482 -0.34461938 -80.75868854
0.30504929 0.63379958 0.71080449 2.44818507
0.00000000 0.00000000 0.00000000 1.00000000
44	44	45
0.88266225 -0.36609021 -0.29476315 329.81641192
-0.02056081 0.59646935 -0.80237246 -90.22291618
0.46955789 0.71428445 0.51895387 2.01696782
0.00000000 0.00000000 0.00000000 1.00000000
45	45	46
0.83191621 0.10621282 -0.54464140 341.32830226
-0.42650344 0.75027840 -0.50515061 -94.76249362
0.35497921 0.65253441 0.66946890 2.58129270
0.00000000 0.00000000 0.00000000 1.00000000
46	46	47
0.63678199 0.49671888 -0.58972795 349.87360173
-0.71471302 0.66722772 -0.20974379 -104.51222204
0.28929913 0.55504732 0.77989005 2.76967429
0.00000000 0.00000000 0.00000000 1.00000000
47	47	48
0.39455114 0.76195044 -0.51357660 353.47486616
-0.88096531 0.47255660 0.02429791 -116.78292986
0.26120782 0.44285640 0.85769965 2.75584118
0.00000000 0.00000000 0.00000000 1.00000000
48	48	49
0.46844720 0.78861211 -0.39830662 351.82114961
-0.80439107 0.56715794 0.17688099 -129.16161913
0.36539325 0.23753488 0.90003608 2.59643164
0.00000000 0.00000000 0.00000000 1.00000000
49	49	50
0.80073260 0.44085246 -0.40555692 343.64877312
-0.47469879 0.87993731 0.01927160 -145.34963291
0.36536059 0.17708598 0.91386662 2.34529535
0.00000000 0.00000000 0.00000000 1.00000000
50	50	51
0.12836071 -0.99106446 -0.03625976 343.40551957
0.95788617 0.13336743 -0.25429750 -150.98938185
0.25686108 -0.00209091 0.96644607 1.57547345
0.00000000 0.00000000 0.00000000 1.00000000
51	51	52
0.07502643 -0.99669000 -0.03130637 349.24009997
0.98034812 0.07946778 -0.18056146 -151.36362141
0.18245165 -0.01714426 0.98306534 1.70646878
0.00000000 0.00000000 0.00000000 1.00000000
52	52	53
0.98639936 0.05922080 0.15332712 353.99892065
-0.01870411 0.96722044 -0.25324843 -151.64141847
-0.16329870 0.24693624 0.95517330 1.79616059
0.00000000 0.00000000 0.00000000 1.00000000
53	53	54
0.35648211 0.93370512 -0.03339535 352.97728947
-0.82501390 0.29780685 -0.48027404 -155.67771135
-0.43848897 0.19876073 0.87648252 0.83461341
0.00000000 0.00000000 0.00000000 1.00000000
54	54	55
-0.89287195 -0.42956209 0.13511513 346.92875574
-0.40102440 0.89499773 0.19534201 -155.03855494
-0.20483925 0.12023093 -0.97138324 0.74510992
0.00000000 0.00000000 0.00000000 1.00000000
55	55	56
-0.65817263 -0.75263192 -0.01881436 358.24631546
-0.74095894 0.64313284 0.19328735 -161.00024212
-0.13337410 0.14115711 -0.98096178 1.22303911
0.00000000 0.00000000 0.00000000 1.00000000
56	56	57
-0.73913481 -0.31924997 0.59309290 371.69743593
-0.42115471 0.90623165 -0.03705268 -162.27090812
-0.52565049 -0.27717079 -0.80428099 1.00805241
0.00000000 0.00000000 0.00000000 1.00000000
57	57	58
0.66882362 0.66037388 0.34144004 379.12633993
0.35345552 -0.68651767 0.63542323 -167.77505382
0.65402153 -0.30430220 -0.69257203 7.12576284
0.00000000 0.00000000 0.00000000 1.00000000
58	58	59
0.68793495 0.66204467 0.29739262 368.17873960
0.35450405 -0.66407056 0.65828350 -163.71716367
0.63330276 -0.34742933 -0.69153486 6.19782554
0.00000000 0.00000000 0.00000000 1.00000000
59	59	60
0.75841618 0.59884951 0.25726283 356.32782598
0.30232414 -0.67290997 0.67512390 -159.83891676
0.57741234 -0.43424813 -0.69139248 5.59129920
0.00000000 0.00000000 0.00000000 1.00000000
60	60	61
-0.86728698 -0.02923116 -0.49694952 347.51159658
0.16941083 0.92135855 -0.34985482 -157.70412105
0.46809535 -0.38761316 -0.79413020 5.58963525
0.00000000 0.00000000 0.00000000 1.00000000
61	61	62
-0.76117084 0.28650069 -0.58183873 354.88959866
0.49052894 0.84120331 -0.22750463 -165.66110809
0.42426443 -0.45857862 -0.78083631 5.06833601
0.00000000 0.00000000 0.00000000 1.00000000
62	62	63
-0.42762096 0.64631566 -0.63199397 360.07270567
0.82109576 0.57012873 0.02747711 -174.67033434
0.37807680 -0.50717778 -0.77448604 4.34060299
0.00000000 0.00000000 0.00000000 1.00000000
63	63	64
0.14119324 0.83850934 -0.52627612 361.17834429
0.94551902 0.04330834 0.32267347 -184.19598190
0.29335686 -0.54316340 -0.78671169 3.51634519
0.00000000 0.00000000 0.00000000 1.00000000
64	64	65
0.12267499 0.85558127 -0.50292299 357.57779069
0.97418054 -0.00703331 0.22566083 -192.44755466
0.18953397 -0.51762073 -0.83435344 2.84188810
0.00000000 0.00000000 0.00000000 1.00000000
65	65	66
0.87862384 0.23587105 -0.41519272 354.67151048
0.45527360 -0.15151934 0.87736414 -201.57876620
0.14403507 -0.95989934 -0.24051437 2.41026334
0.00000000 0.00000000 0.00000000 1.00000000
66	66	67
0.82492289 0.25255007 0.50568833 345.19564729
-0.56523979 0.36462461 0.73996816 -206.60133064
0.00249260 -0.89625184 0.44353854 2.04543582
0.00000000 0.00000000 0.00000000 1.00000000
67	67	68
0.08149707 0.86700680 0.49158666 337.07308064
-0.99344464 0.11033478 -0.02989947 -201.46702630
-0.08016215 -0.48592741 0.87031522 2.05042442
0.00000000 0.00000000 0.00000000 1.00000000
68	68	69
-0.01772373 0.99765145 0.06616227 336.58820180
-0.99758768 -0.01320298 -0.06815055 -191.03377828
-0.06711696 -0.06721055 0.99547881 2.26453971
0.00000000 0.00000000 0.00000000 1.00000000
69	69	70
0.93984736 0.14588149 -0.30887786 338.94661233
-0.27309351 0.86405952 -0.42287241 -179.67645860
0.20519960 0.48178806 0.85192335 2.43253609
0.00000000 0.00000000 0.00000000 1.00000000
70	70	71
0.90524850 -0.41908400 0.06995531 328.74036091
0.37770018 0.71833218 -0.58424434 -174.71351742
0.19459630 0.55530844 0.80855724 1.65577625
0.00000000 0.00000000 0.00000000 1.00000000
71	71	72
0.96244845 -0.14072758 -0.23213944 317.88181320
-0.03042712 0.79382572 -0.60738366 -175.10045475
0.26975389 0.59163880 0.75973441 1.94806006
0.00000000 0.00000000 0.00000000 1.00000000
72	72	73
0.70197369 0.30140328 -0.64528211 307.92059308
-0.62154842 0.70161878 -0.34843744 -170.44277422
0.34772186 0.64566799 0.67985466 2.32080686
0.00000000 0.00000000 0.00000000 1.00000000
73	73	74
0.34660360 0.43999091 -0.82841653 303.09629377
-0.84004658 0.53855409 -0.06543117 -160.25770138
0.41735799 0.71858715 0.55627764 2.85556876
0.00000000 0.00000000 0.00000000 1.00000000
74	74	75
0.88753632 -0.30457448 -0.34570750 302.64628950
-0.28269041 0.23251620 -0.93060322 -148.70588414
0.36382058 0.92367235 0.12026629 3.31894370
0.00000000 0.00000000 0.00000000 1.00000000
75	75	76
0.82859131 -0.55527144 -0.07148471 289.64559835
0.27615624 0.51643967 -0.81057251 -144.95109522
0.48700530 0.65189239 0.58125910 5.67855291
0.00000000 0.00000000 0.00000000 1.00000000
76	76	77
0.90096598 -0.43387623 0.00342471 275.53353726
0.39199880 0.81057102 -0.43509949 -143.31507225
0.18600336 0.39335232 0.90037587 6.22965299
0.00000000 0.00000000 0.00000000 1.00000000
77	77	78
0.77301921 -0.62912779 -0.08148324 262.81378939
0.63405986 0.77032272 0.06760919 -139.42821667
0.02023357 -0.10392845 0.99437894 8.16000235
0.00000000 0.00000000 0.00000000 1.00000000
78	78	79
0.77182010 -0.58909736 0.23928652 249.16198136
0.46088075 0.77757825 0.42773939 -136.62242561
-0.43804414 -0.21985531 0.87165416 7.03449143
0.00000000 0.00000000 0.00000000 1.00000000
79	79	80
0.34412363 -0.10972243 0.93249124 234.98920185
-0.20494946 0.96042158 0.18864278 -130.94539412
-0.91628306 -0.25603001 0.30801621 8.19583875
0.00000000 0.00000000 0.00000000 1.00000000
80	80	81
0.36196562 0.08446413 0.92835699 231.83884510
-0.48406160 -0.83406265 0.26462022 -119.69968450
0.79665881 -0.54516540 -0.26101616 10.91424985
0.00000000 0.00000000 0.00000000 1.00000000
81	81	82
0.22425748 0.28269417 0.93262671 230.98674895
-0.95198047 -0.14113011 0.27169005 -127.68345044
0.20842690 -0.94877094 0.23746985 -0.52570046
0.00000000 0.00000000 0.00000000 1.00000000
82	82	83
0.00002109 0.69402805 0.71994796 232.49552617
-0.99990169 -0.01008056 0.00974693 -121.86132986
0.01402212 -0.71987738 0.69395961 -12.68967439
0.00000000 0.00000000 0.00000000 1.00000000
83	83	84
0.05362928 0.91318431 0.40400287 234.90701586
-0.98780973 0.10772576 -0.11237036 -115.74725701
-0.14613637 -0.39305162 0.90782960 -15.21112813
0.00000000 0.00000000 0.00000000 1.00000000
84	84	85
0.78429765 -0.61968759 0.02940222 236.82679142
0.42129265 0.49721486 -0.75847866 -109.39408915
0.45540059 0.60725997 0.65103428 -15.34915814
0.00000000 0.00000000 0.00000000 1.00000000
85	85	86
0.96011296 -0.16648054 0.22464938 229.86147991
0.21997644 0.94569415 -0.23931764 -111.44289944
-0.17260787 0.27918954 0.94459500 -16.43335750
0.00000000 0.00000000 0.00000000 1.00000000
86	86	87
0.91528564 0.11482946 0.38609116 223.21502352
-0.23377889 0.93199153 0.27701845 -111.85998168
-0.32802381 -0.34381098 0.87988317 -14.90079688
0.00000000 0.00000000 0.00000000 1.00000000
87	87	88
0.86785684 0.13683241 0.47759961 214.40126898
-0.46518443 0.56133686 0.68447379 -110.44697113
-0.17443607 -0.81619717 0.55081234 -11.46907993
0.00000000 0.00000000 0.00000000 1.00000000
88	88	89
0.80116777 -0.24013163 0.54814870 198.00173964
-0.51994064 0.17419831 0.83625157 -104.66850997
-0.29629702 -0.95498259 0.01470788 -4.58311418
0.00000000 0.00000000 0.00000000 1.00000000
89	89	90
0.96056652 -0.09128853 0.26263733 189.05134841
-0.25937235 -0.63454012 0.72806924 -98.67456229
0.10018956 -0.76747980 -0.63319572 1.10266931
0.00000000 0.00000000 0.00000000 1.00000000
90	90	91
0.94548416 -0.04704688 0.32225190 172.18184180
-0.32565212 -0.14637696 0.93409019 -93.87125458
0.00322422 -0.98810950 -0.15371802 1.85855448
0.00000000 0.00000000 0.00000000 1.00000000
91	91	92
0.88179540 0.38999507 0.26521826 157.04912207
-0.33310527 0.11689470 0.93561558 -88.35506722
0.33388285 -0.91336711 0.23298662 2.64683580
0.00000000 0.00000000 0.00000000 1.00000000
92	92	93
0.78876240 -0.18860132 0.58504992 140.55560251
-0.29539255 0.71837331 0.62982778 -81.53263370
-0.53907060 -0.66960386 0.51091443 -3.58642019
0.00000000 0.00000000 0.00000000 1.00000000
93	93	94
0.93084987 0.35915271 0.06728935 122.46633480
-0.31658150 0.70073034 0.63933806 -72.96589933
0.18246831 -0.61643031 0.76597584 6.26275322
0.00000000 0.00000000 0.00000000 1.00000000
94	94	95
0.96751115 0.05989240 0.24563200 105.15649561
-0.09677061 0.98527933 0.14092586 -63.78449592
-0.23357574 -0.16011730 0.95906456 0.49858030
0.00000000 0.00000000 0.00000000 1.00000000
95	95	96
-0.23348462 -0.82627041 -0.51260330 95.68733673
0.96987118 -0.23559522 -0.06200632 -61.67669450
-0.06953290 -0.51163669 0.85638372 2.74727876
0.00000000 0.00000000 0.00000000 1.00000000
96	96	97
0.16217771 -0.80705575 -0.56776704 95.96604885
0.98557814 0.10431201 0.13324690 -73.21094398
-0.04831276 -0.58118846 0.81233358 2.18151729
0.00000000 0.00000000 0.00000000 1.00000000
97	97	98
0.53478905 0.68482327 0.49499269 92.07320250
-0.84441463 0.45466143 0.28327887 -83.17755781
-0.03105812 -0.56947351 0.82142274 1.11945096
0.00000000 0.00000000 0.00000000 1.00000000
98	98	99
0.12661868 0.81170415 0.57017899 88.32273363
-0.99099928 0.12869086 0.03686582 -73.99455202
-0.04345269 -0.56971487 0.82069290 0.23418057
0.00000000 0.00000000 0.00000000 1.00000000
99	99	100
0.00581829 -0.38785656 0.92170138 88.40743345
0.87907084 -0.43736520 -0.18959465 -64.19722974
0.47665564 0.81134393 0.33840868 -0.32410095
0.00000000 0.00000000 0.00000000 1.00000000
100	100	101
0.84463890 -0.03733765 0.53403279 87.62586116
0.53213661 0.16746564 -0.82993126 -74.13150505
-0.05844446 0.98517062 0.16131672 -3.98463961
0.00000000 0.00000000 0.00000000 1.00000000
101	101	102
0.99577476 0.07351311 0.05503141 77.40667856
0.03475273 0.25302233 -0.96683605 -80.59004030
-0.08499930 0.96466343 0.24939847 -3.16405055
0.00000000 0.00000000 0.00000000 1.00000000
102	102	103
0.23811985 0.40378830 -0.88331984 63.27040246
-0.96648524 0.00867007 -0.25657574 -81.38244586
-0.09594384 0.91481137 0.39231995 -2.97742689
0.00000000 0.00000000 0.00000000 1.00000000
103	103	104
-0.73216428 0.41721959 -0.53838952 59.12707458
-0.63861940 -0.14562463 0.75561811 -67.14354232
0.23685591 0.89706258 0.37306568 -3.19217956
0.00000000 0.00000000 0.00000000 1.00000000
104	104	105
-0.59219465 0.62306856 -0.51097071 67.39637116
-0.51092184 0.20001588 0.83603381 -61.43690756
0.62310863 0.75616084 0.19989100 -2.88449723
0.00000000 0.00000000 0.00000000 1.00000000
105	105	106
0.88655674 -0.35256161 0.29952871 68.11638294
0.14070159 -0.41129906 -0.90057545 -59.96772689
0.44070421 0.84055541 -0.31503397 -2.59757302
0.00000000 0.00000000 0.00000000 1.00000000
106	106	107
0.87530689 -0.12460724 0.46723751 62.82463067
0.38324238 -0.41048091 -0.82742414 -62.15350450
0.29489511 0.90331526 -0.31154199 -1.34835016
0.00000000 0.00000000 0.00000000 1.00000000
107	107	108
0.54749412 0.49060871 0.67790359 59.43989494
0.82937897 -0.21041941 -0.51754633 -64.79912376
-0.11126866 0.84559255 -0.52210393 0.58862993
0.00000000 0.00000000 0.00000000 1.00000000
108	108	109
0.29578190 0.69935422 0.65070480 59.79442799
0.94962435 -0.14141450 -0.27967040 -68.55497582
-0.10356958 0.70064657 -0.70595165 4.82175638
0.00000000 0.00000000 0.00000000 1.00000000
109	109	110
0.25841208 -0.01054537 -0.96597722 68.40259878
0.57951101 0.80172980 0.14627478 -74.90377000
0.77291020 -0.59759361 0.21328782 15.10990770
0.00000000 0.00000000 0.00000000 1.00000000
110	110	111
0.04968223 -0.97684852 -0.20808329 66.54417701
0.98416212 0.08337795 -0.15643860 -64.68606200
0.17016637 -0.19701547 0.96551971 4.41339528
0.00000000 0.00000000 0.00000000 1.00000000
111	111	112
0.70721670 0.58515261 -0.39678830 53.02671665
-0.52312666 0.81063750 0.26306908 -65.93168683
0.47558704 0.02152370 0.87940531 1.49757025
0.00000000 0.00000000 0.00000000 1.00000000
112	112	113
-0.11368836 0.99318325 0.02572897 61.65030304
-0.77170536 -0.10458720 0.62732158 -48.67950063
0.62573621 0.05146397 0.77833519 -0.40366294
0.00000000 0.00000000 0.00000000 1.00000000
113	113	114
-0.26443064 0.96432786 -0.01217464 68.32969945
-0.69804313 -0.18267097 0.69236342 -48.08990183
0.66544138 0.19158053 0.72144624 -1.31533152
0.00000000 0.00000000 0.00000000 1.00000000
114	114	115
0.53694436 -0.46927608 0.70104972 77.36096708
-0.14065420 -0.86917137 -0.47408599 -48.25952199
0.83180956 0.15595221 -0.53270232 -1.07587099
0.00000000 0.00000000 0.00000000 1.00000000
115	115	116
0.15830948 -0.98738221 -0.00380647 68.59659622
-0.48791965 -0.07487671 -0.86967114 -53.80079540
0.85841279 0.13953444 -0.49361687 -1.12912034
0.00000000 0.00000000 0.00000000 1.00000000
116	116	117
0.13547196 -0.99075915 0.00660684 56.36896811
-0.49525572 -0.07349149 -0.86563316 -53.57189262
0.85811952 0.11399695 -0.50063517 -1.20112716
0.00000000 0.00000000 0.00000000 1.00000000
117	117	118
0.59758643 0.79593823 -0.09681319 49.63419903
0.35425626 -0.37041594 -0.85865857 -53.47474210
-0.71930033 0.47882603 -0.50332164 -1.26406901
0.00000000 0.00000000 0.00000000 1.00000000
118	118	119
0.33543243 0.83843712 -0.42954427 61.19679825
0.51882586 -0.54499492 -0.65863515 -59.81367467
-0.78632361 -0.00193109 -0.61781183 7.30621389
0.00000000 0.00000000 0.00000000 1.00000000
119	119	120
0.39198119 0.91164367 0.12351743 69.37271525
0.78575121 -0.26193042 -0.56034587 -62.75456025
-0.47848279 0.31669901 -0.81899692 4.60128674
0.00000000 0.00000000 0.00000000 1.00000000
120	120	121
0.39145232 0.69701166 0.60078269 76.29647941
0.60043610 0.30126991 -0.74075160 -40.23517781
-0.69731025 0.65070054 -0.30057815 -8.92853272
0.00000000 0.00000000 0.00000000 1.00000000
121	121	122
0.19117543 -0.17845003 0.96519819 70.91084307
0.39255305 0.91517172 0.09144849 -44.68463735
-0.89964107 0.36140879 0.24500945 -8.75641037
0.00000000 0.00000000 0.00000000 1.00000000
122	122	123
-0.21178429 -0.96442787 0.15819704 70.97916057
0.78447747 -0.07121524 0.61605477 -50.68880462
-0.58287435 0.25457274 0.77165420 -7.01686717
0.00000000 0.00000000 0.00000000 1.00000000
123	123	124
-0.03932709 -0.99199575 -0.11999088 74.97808682
0.99919166 -0.03803989 -0.01300004 -53.15778624
0.00833154 -0.12040514 0.99268987 -5.92494037
0.00000000 0.00000000 0.00000000 1.00000000
124	124	125
-0.21315844 -0.92603493 -0.31148480 81.08002921
0.73519185 0.05794344 -0.67537804 -55.10557471
0.64347216 -0.37296362 0.66846220 -5.28053834
0.00000000 0.00000000 0.00000000 1.00000000
125	125	126
-0.92648721 0.32258599 -0.19380332 81.55258487
-0.08291396 -0.67731055 -0.73101005 -52.31503773
-0.36707863 -0.66120247 0.65426644 -1.58095778
0.00000000 0.00000000 0.00000000 1.00000000
126	126	127
0.78656003 -0.51320316 -0.34343245 73.99329136
0.59535445 0.77788633 0.20111173 -50.65916512
0.16394023 -0.36265048 0.91739208 -1.79383059
0.00000000 0.00000000 0.00000000 1.00000000
127	127	128
0.89594597 0.42421632 0.13161055 79.57582783
-0.44403482 0.86258312 0.24245296 -48.18026749
-0.01067254 -0.27566442 0.96119469 -0.11477824
0.00000000 0.00000000 0.00000000 1.00000000
128	128	129
0.79979346 0.58644564 0.12810909 87.71564156
-0.59681617 0.75398605 0.27443671 -52.35022480
0.06434975 -0.29595026 0.95303334 -0.12547755
0.00000000 0.00000000 0.00000000 1.00000000
129	129	130
-0.64731663 -0.61402946 -0.45160713 97.50932409
0.67759662 -0.73490167 0.02797058 -58.66456293
-0.34906159 -0.28790164 0.89177836 0.51368363
0.00000000 0.00000000 0.00000000 1.00000000
130	130	131
0.34188106 -0.88405261 -0.31869787 90.33485170
0.93879150 0.30603591 0.15815351 -50.82305927
-0.04228303 -0.35326054 0.93456896 -3.49814428
0.00000000 0.00000000 0.00000000 1.00000000
131	131	132
0.57032684 -0.80603352 -0.15823170 93.33306458
0.81504004 0.53134168 0.23105359 -39.93483234
-0.10216184 -0.26074123 0.95998800 -4.25786488
0.00000000 0.00000000 0.00000000 1.00000000
132	132	133
0.36235524 0.05089941 0.93064920 98.76058144
-0.76411367 0.58797682 0.26535554 -30.83562904
-0.53369371 -0.80727474 0.25194942 -5.41436947
0.00000000 0.00000000 0.00000000 1.00000000
133	133	134
-0.95663591 -0.22492430 0.18508592 102.43893549
-0.28040832 0.53908044 -0.79420618 -37.98269880
0.07886007 -0.81166578 -0.57877435 -11.03234338
0.00000000 0.00000000 0.00000000 1.00000000
134	134	135
-0.79397724 -0.58342662 0.17091966 92.43889205
-0.51004256 0.48625044 -0.70951892 -40.56060274
0.33084247 -0.65051817 -0.68364418 -10.76335438
0.00000000 0.00000000 0.00000000 1.00000000
135	135	136
0.88852914 -0.39441192 -0.23442525 85.11198030
0.45682663 0.80805756 0.37195754 -44.53977908
0.04272461 -0.43758682 0.89816056 -8.13595008
0.00000000 0.00000000 0.00000000 1.00000000
136	136	137
0.90817344 -0.25461819 -0.33225078 94.44477997
0.37325621 0.85186172 0.36743899 -38.95257849
0.18947507 -0.45771300 0.86867601 -7.88513043
0.00000000 0.00000000 0.00000000 1.00000000
137	137	138
0.26152175 0.83349944 -0.48670840 103.84409891
-0.70157560 0.51046572 0.49720863 -34.41781929
0.66287106 0.21143187 0.71826076 -6.03529275
0.00000000 0.00000000 0.00000000 1.00000000
138	138	139
-0.44508948 0.85361902 -0.27061027 107.05749225
-0.89547816 -0.42554889 0.13048758 -40.49078110
-0.00377121 0.30040423 0.95380453 0.49594266
0.00000000 0.00000000 0.00000000 1.00000000
139	139	140
0.14636490 0.71121637 0.68756715 103.41568474
0.14510160 0.67209926 -0.72610475 -49.61760577
-0.97853096 0.20604334 -0.00482689 0.79191974
0.00000000 0.00000000 0.00000000 1.00000000
140	140	141
0.57126117 -0.48233905 0.66408563 106.76281045
0.76174083 0.01027926 -0.64780031 -46.60608042
0.30563307 0.87592430 0.37328949 -8.71282594
0.00000000 0.00000000 0.00000000 1.00000000
141	141	142
0.86254819 -0.42167230 0.27964816 113.61086661
0.40551002 0.24555646 -0.88049057 -37.08810970
0.30260908 0.87286568 0.38279662 -4.06724369
0.00000000 0.00000000 0.00000000 1.00000000
142	142	143
-0.81631155 0.34307163 -0.46469055 124.48776234
-0.56468457 -0.30474352 0.76698287 -31.82418038
0.12151863 0.88850056 0.44249291 0.44806167
0.00000000 0.00000000 0.00000000 1.00000000
143	143	144
-0.70063285 0.47206953 -0.53503642 114.24814276
-0.67885077 -0.21011404 0.70357212 -39.12632231
0.21971630 0.85615562 0.46767756 2.46030599
0.00000000 0.00000000 0.00000000 1.00000000
144	144	145
0.58871751 0.77777480 -0.22017732 104.28093790
-0.80268846 0.53034830 -0.27280379 -49.03527250
-0.09540924 0.33733816 0.93653619 5.73303892
0.00000000 0.00000000 0.00000000 1.00000000
145	145	146
0.77023343 -0.44314075 -0.45865754 120.48715003
-0.27112467 0.42342722 -0.86440778 -51.97910559
0.57726239 0.79014914 0.20599141 -3.62154449
0.00000000 0.00000000 0.00000000 1.00000000
146	146	147
0.75569895 0.59466312 -0.27439908 145.07823973
-0.24683289 -0.12947368 -0.96036977 -57.25671193
-0.60662395 0.79348115 0.04893929 11.19748224
0.00000000 0.00000000 0.00000000 1.00000000
147	147	148
0.80834150 -0.57306060 -0.13485390 169.92354945
-0.21706417 -0.07719181 -0.97310049 -64.66917416
0.54723594 0.81586946 -0.18678826 -7.78313087
0.00000000 0.00000000 0.00000000 1.00000000
148	148	149
0.77524186 0.18432109 -0.60417365 196.08893170
-0.46610835 -0.47860512 -0.74409687 -71.63498091
-0.42631335 0.85846542 -0.28512112 6.49396888
0.00000000 0.00000000 0.00000000 1.00000000
149	149	150
0.53801425 -0.77464898 -0.33235465 215.31298795
-0.72334762 -0.22184621 -0.65387497 -79.05678423
0.43279196 0.59220200 -0.67969692 -5.56500953
0.00000000 0.00000000 0.00000000 1.00000000
150	150	151
0.94597313 -0.28439110 0.15574509 231.44337083
0.06341229 -0.30879245 -0.94901323 -88.49136569
0.31798382 0.90761717 -0.27407547 -0.14752746
0.00000000 0.00000000 0.00000000 1.00000000
151	151	152
0.93484759 -0.22107854 0.27782056 247.66953062
0.26574196 -0.08324092 -0.96044373 -86.45311747
0.23545954 0.97169709 -0.01906772 0.65347115
0.00000000 0.00000000 0.00000000 1.00000000
152	152	153
0.88910390 -0.45709304 0.02366890 261.73072238
0.14178052 0.22587504 -0.96378356 -82.52147488
0.43519254 0.86025951 0.26563327 -0.68707476
0.00000000 0.00000000 0.00000000 1.00000000
153	153	154
0.89709878 -0.42775902 0.11061640 276.10663150
0.31621988 0.44675837 -0.83690618 -82.17474332
0.30857537 0.78576662 0.53605230 0.33119216
0.00000000 0.00000000 0.00000000 1.00000000
154	154	155
-0.04348061 -0.93696016 0.34672049 290.74477945
0.94727271 -0.14894462 -0.28370742 -81.02023346
0.31746471 0.31610309 0.89403299 -0.33889914
0.00000000 0.00000000 0.00000000 1.00000000
155	155	156
-0.09963082 -0.84415436 0.52676096 294.82060930
0.98351826 -0.16382280 -0.07651099 -70.59916810
0.15088254 0.51045617 0.84656303 1.32767920
0.00000000 0.00000000 0.00000000 1.00000000
156	156	157
-0.18549049 -0.74802375 0.63722347 297.86222552
0.96683326 -0.25479685 -0.01766370 -59.72190522
0.17557539 0.61281240 0.77047664 0.48477563
0.00000000 0.00000000 0.00000000 1.00000000
157	157	158
0.39133651 -0.56579180 0.72576537 299.54901061
0.85081970 0.52297009 -0.05106971 -49.66849791
-0.35065876 0.63748092 0.68604410 -0.60773007
0.00000000 0.00000000 0.00000000 1.00000000
158	158	159
-0.08942322 0.79325123 0.60229227 305.38642836
-0.93807015 0.13613717 -0.31857663 -44.78927088
-0.33470567 -0.59348055 0.73195147 -6.30264220
0.00000000 0.00000000 0.00000000 1.00000000
159	159	160
0.73197887 -0.65115785 -0.20050033 300.75277474
0.64818141 0.57486318 0.49939282 -54.10306342
-0.20992330 -0.49550558 0.84285611 -6.47464808
0.00000000 0.00000000 0.00000000 1.00000000
160	160	161
0.97443720 -0.20985547 -0.08020491 310.48723968
0.22364551 0.94000370 0.25763488 -50.88308536
0.02132682 -0.26898648 0.96290780 -5.95290970
0.00000000 0.00000000 0.00000000 1.00000000
161	161	162
0.42376459 0.82552786 -0.37272955 320.13080192
-0.83294927 0.51683146 0.19768853 -53.36477606
0.35583575 0.22669141 0.90663770 -4.38577328
0.00000000 0.00000000 0.00000000 1.00000000
162	162	163
-0.13293996 0.87584413 -0.46392244 319.47604452
-0.90665403 0.08162256 0.41390364 -64.16631392
0.40038161 0.47564148 0.78323671 -2.00049916
0.00000000 0.00000000 0.00000000 1.00000000
163	163	164
-0.28627956 0.80264404 -0.52326529 312.98041716
-0.85436106 0.03336869 0.51860747 -73.11046911
0.43371787 0.59552420 0.67619504 -0.65953502
0.00000000 0.00000000 0.00000000 1.00000000
164	164	165
0.87356744 -0.48160759 -0.07024290 305.07035456
-0.04175730 0.06962763 -0.99669871 -81.49213222
0.48490851 0.87361669 0.04071379 0.28761521
0.00000000 0.00000000 0.00000000 1.00000000
165	165	166
0.81565573 -0.51344112 -0.26661571 316.92437042
-0.36161051 -0.09272428 -0.92770687 -82.68135496
0.45160111 0.85310048 -0.26129680 -0.16604768
0.00000000 0.00000000 0.00000000 1.00000000
166	166	167
0.58764227 -0.64956557 -0.48243251 327.39163084
-0.71128964 -0.13051751 -0.69067520 -85.91360078
0.38567294 0.74901919 -0.53872687 -0.71768835
0.00000000 0.00000000 0.00000000 1.00000000
167	167	168
0.05741097 -0.80646130 -0.58849311 336.17021991
-0.95854548 0.12026203 -0.25831686 -92.01217094
0.27909592 0.57892764 -0.76612548 -1.34746320
0.00000000 0.00000000 0.00000000 1.00000000
168	168	169
-0.71619572 -0.61097885 -0.33729591 341.04020714
-0.67359945 0.73158821 0.10508315 -102.38636186
0.18255812 0.30246244 -0.93551537 -2.05550794
0.00000000 0.00000000 0.00000000 1.00000000
169	169	170
0.19460563 -0.97657652 0.09179838 336.23004086
-0.98022258 -0.19705133 -0.01828871 -115.01250982
0.03594931 -0.08642376 -0.99560965 -2.24657399
0.00000000 0.00000000 0.00000000 1.00000000
170	170	171
-0.35149463 -0.92121231 -0.16679152 348.84961566
-0.86306030 0.38788394 -0.32353202 -128.55461019
0.36273743 0.03023137 -0.93140089 -1.40395882
0.00000000 0.00000000 0.00000000 1.00000000
171	171	172
-0.65698714 0.57125323 -0.49197322 351.88129210
0.52520228 0.81496622 0.24493394 -135.04383152
0.54086085 -0.09746701 -0.83544582 0.05725387
0.00000000 0.00000000 0.00000000 1.00000000
172	172	173
-0.17352192 0.96649057 -0.18917217 346.81198570
0.79643762 0.25070263 0.55030474 -139.96552200
0.57929031 -0.05517390 -0.81325185 1.48623638
0.00000000 0.00000000 0.00000000 1.00000000
173	173	174
-0.00385346 0.99791610 -0.06440976 342.05034611
0.76422530 0.04447973 0.64341374 -140.78790136
0.64493786 -0.04674420 -0.76280413 1.96182324
0.00000000 0.00000000 0.00000000 1.00000000
174	174	175
-0.39127500 -0.30638547 -0.86777406 337.56648079
-0.05945352 0.94939795 -0.30839717 -140.67412834
0.91835132 -0.06907588 -0.38969138 2.29265078
0.00000000 0.00000000 0.00000000 1.00000000
175	175	176
-0.28825898 -0.89809726 -0.33215669 340.79531849
0.05183597 0.33173663 -0.94194684 -144.80347977
0.95614842 -0.28874230 -0.04907232 2.40061939
0.00000000 0.00000000 0.00000000 1.00000000
176	176	177
-0.43352978 -0.83574448 -0.33702090 356.27571438
0.42127287 0.14264756 -0.89564549 -150.17411541
0.79660598 -0.53026676 0.29023451 2.90728064
0.00000000 0.00000000 0.00000000 1.00000000
177	177	178
-0.31349687 -0.86089879 -0.40071560 366.54096651
0.70797896 0.06932616 -0.70282265 -153.66433622
0.63283924 -0.50403091 0.58776469 3.33059357
0.00000000 0.00000000 0.00000000 1.00000000
178	178	179
0.79163900 -0.45794393 -0.40446886 376.66936774
0.49612278 0.86817048 -0.01192494 -158.58213498
0.35660887 -0.19122597 0.91447402 3.72235867
0.00000000 0.00000000 0.00000000 1.00000000
179	179	180
0.80765670 -0.58250525 -0.09153298 375.94396846
0.56093093 0.80685984 -0.18529354 -169.05362988
0.18178874 0.09830989 0.97841097 2.91596457
0.00000000 0.00000000 0.00000000 1.00000000
180	180	181
0.03232882 0.83229419 0.55339066 376.64894570
-0.87466743 -0.24436484 0.41862000 -178.68339404
0.48364422 -0.49756628 0.72008060 0.67033048
0.00000000 0.00000000 0.00000000 1.00000000
181	181	182
0.28511961 0.87136546 0.39928567 368.51999974
-0.77912151 -0.03194229 0.62605859 -171.19875586
0.55827993 -0.48959363 0.66979220 1.80163710
0.00000000 0.00000000 0.00000000 1.00000000
182	182	183
0.42751985 0.81972996 0.38114247 355.89663522
-0.71825292 0.05198857 0.69383711 -164.99453991
0.54894401 -0.57038582 0.61099958 2.32805367
0.00000000 0.00000000 0.00000000 1.00000000
183	183	184
0.60586452 0.70050420 0.37712338 343.84117530
-0.65579179 0.17137252 0.73523369 -159.82843646
0.45040571 -0.69276643 0.56321344 2.68269832
0.00000000 0.00000000 0.00000000 1.00000000
184	184	185
-0.79831498 0.39984024 0.45035650 332.85638986
-0.17532241 -0.86971042 0.46137385 -155.24612894
0.57615558 0.28936407 0.76440381 2.81655545
0.00000000 0.00000000 0.00000000 1.00000000
185	185	186
-0.64918566 -0.20193375 0.73333535 337.72589634
0.76056986 -0.16021103 0.62917877 -151.88484253
-0.00956402 0.96620660 0.25759142 -3.03654213
0.00000000 0.00000000 0.00000000 1.00000000
186	186	187
0.24709818 -0.49062925 0.83559884 342.69402040
-0.53254378 0.65166988 0.54011433 -157.11801654
-0.80953049 -0.57845423 -0.10025511 -5.77832132
0.00000000 0.00000000 0.00000000 1.00000000
187	187	188
0.19310323 -0.17265172 0.96586879 341.80820218
-0.82750921 -0.55758644 0.06577129 -155.04374489
0.52719982 -0.81196597 -0.25054263 0.48772109
0.00000000 0.00000000 0.00000000 1.00000000
188	188	189
0.64819347 -0.14797246 0.74696009 340.04609983
-0.71430919 -0.45802774 0.52912473 -146.74878985
0.26383255 -0.87653565 -0.40258867 -3.16509726
0.00000000 0.00000000 0.00000000 1.00000000
189	189	190
-0.42734207 -0.88337907 0.19240627 332.75435438
0.90403389 -0.41515529 0.10182738 -138.68878076
-0.01007370 0.21745691 0.97601794 -5.40180624
0.00000000 0.00000000 0.00000000 1.00000000
190	190	191
-0.03806254 -0.96827633 0.24696598 337.59266094
0.99830167 -0.04775342 -0.03336736 -148.31034033
0.04410230 0.24527651 0.96844949 -5.69062808
0.00000000 0.00000000 0.00000000 1.00000000
191	191	192
0.69435475 -0.60064075 0.39636117 337.15689150
0.61579818 0.78092521 0.10463466 -158.75886478
-0.37237627 0.17142491 0.91211261 -6.22907511
0.00000000 0.00000000 0.00000000 1.00000000
192	192	193
0.00790239 0.58948613 0.80773984 329.09159776
-0.84749653 0.43267650 -0.30747468 -163.38890434
-0.53074211 -0.68212693 0.50300663 -2.44577318
0.00000000 0.00000000 0.00000000 1.00000000
193	193	194
0.63104247 0.42209376 0.65086270 330.69546729
-0.71692462 0.63780521 0.28146687 -154.16682100
-0.29631821 -0.64423705 0.70509159 0.10359632
0.00000000 0.00000000 0.00000000 1.00000000
194	194	195
0.98891912 -0.00039731 0.14845474 326.62961487
-0.06514436 0.89741297 0.43635556 -144.91239223
-0.13339858 -0.44119135 0.88744296 -0.19958118
0.00000000 0.00000000 0.00000000 1.00000000
195	195	196
0.98818495 -0.13521627 -0.07216003 313.89626424
0.15269056 0.90929925 0.38711817 -137.68911150
0.01327039 -0.39356250 0.91920207 -0.96281756
0.00000000 0.00000000 0.00000000 1.00000000
196	196	197
0.94965421 -0.10777872 0.29417789 298.11199782
0.10385273 0.99417030 0.02898323 -132.17100730
-0.29558670 0.00302713 0.95531112 -5.28407690
0.00000000 0.00000000 0.00000000 1.00000000
197	197	198
0.97234508 -0.18893789 -0.13728624 280.09304609
0.19166253 0.98143744 0.00678436 -121.35068390
0.13345603 -0.03290937 0.99050818 1.92909050
0.00000000 0.00000000 0.00000000 1.00000000
198	198	199
0.97117410 -0.23629750 0.03137457 259.02289598
0.22509949 0.86581756 -0.44686706 -112.62701655
0.07842891 0.44104811 0.89405004 -5.38937892
0.00000000 0.00000000 0.00000000 1.00000000
199	199	200
-0.06580976 0.02713036 0.99746329 241.29602798
0.52548638 -0.84883926 0.05775796 -101.01462094
0.84825299 0.52795441 0.04160527 1.04610381
0.00000000 0.00000000 0.00000000 1.00000000
200	200	201
