0	0	42
0.72284720 -0.69069235 0.02088066 111.00292035
0.68918678 0.72280533 0.05073489 45.60150421
-0.05013485 -0.02228290 0.99849385 -2.42648035
0.00000000 0.00000000 0.00000000 1.00000000
1	1	42
0.61660083 -0.78711838 0.01575028 107.48706730
0.78500882 0.61621933 0.06352078 41.88216680
-0.05970400 -0.02680286 0.99785622 -2.30014353
0.00000000 0.00000000 0.00000000 1.00000000
2	2	42
0.55991924 -0.82844401 0.01307530 104.55266870
0.82641517 0.55954029 0.06286999 37.69876557
-0.05940043 -0.02439649 0.99793607 -2.18504274
0.00000000 0.00000000 0.00000000 1.00000000
3	3	42
0.73180253 -0.68122923 0.01979379 101.14452891
0.67940348 0.73151102 0.05746771 33.91126076
-0.05362806 -0.02860705 0.99815112 -2.06461033
0.00000000 0.00000000 0.00000000 1.00000000
4	4	42
0.72893908 -0.68423407 0.02171527 97.32653278
0.68204206 0.72860085 0.06292407 30.46379322
-0.05887656 -0.03105708 0.99778204 -1.95780669
0.00000000 0.00000000 0.00000000 1.00000000
5	5	42
0.72057726 -0.69318895 0.01604636 93.60828760
0.69126443 0.71999600 0.06131265 26.96308263
-0.05405457 -0.03308823 0.99798962 -1.84398330
0.00000000 0.00000000 0.00000000 1.00000000
6	6	42
0.72137127 -0.69170327 0.03420645 89.83811609
0.68794660 0.72138773 0.07955638 23.42067718
-0.07970552 -0.03385748 0.99624329 -1.65657435
0.00000000 0.00000000 0.00000000 1.00000000
7	7	42
0.72922642 -0.68408356 0.01607841 86.05027465
0.68243216 0.72878655 0.05618286 19.87159172
-0.05015150 -0.02999760 0.99829103 -1.63191348
0.00000000 0.00000000 0.00000000 1.00000000
8	8	42
0.73518885 -0.67752104 0.02150825 82.30496059
0.67530177 0.73479823 0.06355372 16.48308691
-0.05886321 -0.03219942 0.99774662 -1.52435908
0.00000000 0.00000000 0.00000000 1.00000000
9	9	42
0.73260163 -0.68001273 0.02962317 78.53276287
0.67722454 0.73258153 0.06849250 13.07435944
-0.06827716 -0.03011618 0.99721174 -1.36383132
0.00000000 0.00000000 0.00000000 1.00000000
10	10	42
0.76481243 -0.64354477 0.03020065 74.57850181
0.64113358 0.76487997 0.06250093 9.58828722
-0.06332202 -0.02843883 0.99758787 -1.22333509
0.00000000 0.00000000 0.00000000 1.00000000
11	11	42
0.81015327 -0.58580492 0.02200651 70.43663046
0.58408016 0.80983281 0.05496528 6.41069856
-0.05002052 -0.03167673 0.99824573 -1.13242509
0.00000000 0.00000000 0.00000000 1.00000000
12	12	42
0.85932417 -0.51082496 0.02489632 66.09273171
0.50896952 0.85894450 0.05625273 3.64047304
-0.05011986 -0.03566786 0.99810611 -1.04661742
0.00000000 0.00000000 0.00000000 1.00000000
13	13	42
0.92062178 -0.38904984 0.03310209 61.44517903
0.38709200 0.92050922 0.05312782 1.36826460
-0.05114015 -0.03609707 0.99803892 -0.94900625
0.00000000 0.00000000 0.00000000 1.00000000
14	14	42
0.96312191 -0.26566834 0.04262061 56.53441460
0.26351980 0.96335657 0.05001431 -0.27505783
-0.05434606 -0.03693850 0.99783869 -0.85341603
0.00000000 0.00000000 0.00000000 1.00000000
15	15	42
0.98676765 -0.15508478 0.04731075 51.58639594
0.15307981 0.98725908 0.04342894 -1.29073590
-0.05344313 -0.03561196 0.99793568 -0.74837759
0.00000000 0.00000000 0.00000000 1.00000000
16	16	42
0.99715513 -0.05213885 0.05443517 46.28846054
0.05006691 0.99799358 0.03875717 -1.76881648
-0.05634670 -0.03592151 0.99776485 -0.64114090
0.00000000 0.00000000 0.00000000 1.00000000
17	17	42
0.99866895 0.00869840 0.05083951 41.05231868
-0.01101114 0.99890869 0.04538932 -1.73932844
-0.05038922 -0.04588870 0.99767487 -0.54637721
0.00000000 0.00000000 0.00000000 1.00000000
18	18	42
0.99898352 0.01508408 0.04247819 35.94251650
-0.01717655 0.99863465 0.04933361 -1.62961718
-0.04167604 -0.05001309 0.99787865 -0.48430112
0.00000000 0.00000000 0.00000000 1.00000000
19	19	42
0.99872537 0.01770907 0.04726556 30.72941622
-0.01966663 0.99895414 0.04127780 -1.51486721
-0.04648514 -0.04215474 0.99802911 -0.41954480
0.00000000 0.00000000 0.00000000 1.00000000
20	20	42
0.99657712 0.02495012 0.07881329 25.42755487
-0.02771774 0.99902991 0.03421946 -1.38026485
-0.07788305 -0.03628686 0.99630191 -0.23637331
0.00000000 0.00000000 0.00000000 1.00000000
21	21	42
0.99783532 0.03898109 0.05296361 20.28517348
-0.04058273 0.99874034 0.02950884 -1.13391939
-0.05174661 -0.03159437 0.99816035 -0.23493442
0.00000000 0.00000000 0.00000000 1.00000000
22	22	42
0.99757372 0.05116174 0.04721389 15.23348417
-0.05247053 0.99825984 0.02690965 -0.88885098
-0.04575498 -0.02932169 0.99852227 -0.14446826
0.00000000 0.00000000 0.00000000 1.00000000
23	23	42
0.99675648 0.06524319 0.04711516 10.14370651
-0.06647861 0.99747091 0.02514697 -0.54964552
-0.04535533 -0.02819755 0.99857288 -0.08008761
0.00000000 0.00000000 0.00000000 1.00000000
24	24	42
1.00000000 0.00000000 0.00000000 0.00000000
0.00000000 1.00000000 0.00000000 0.00000000
0.00000000 0.00000000 1.00000000 0.00000000
0.00000000 0.00000000 0.00000000 1.00000000
25	25	42
-0.97095810 0.23924939 0.00000000 50.00000000
-0.23924939 -0.97095810 -0.00000000 -25.00000000
-0.00000000 0.00000000 1.00000000 0.00000000
0.00000000 0.00000000 0.00000000 1.00000000
26	26	42
0.98524750 -0.17082479 -0.01030752 56.00779475
0.17110380 0.98443562 0.04012489 -20.46579479
0.00329277 -0.04129660 0.99914151 6.03888938
0.00000000 0.00000000 0.00000000 1.00000000
27	27	42
0.99871659 0.04503307 -0.02317742 61.05942575
-0.04439964 0.99864472 0.02715510 -19.69644634
0.02436888 -0.02609118 0.99936250 6.03535747
0.00000000 0.00000000 0.00000000 1.00000000
28	28	42
0.99190742 0.12660111 -0.00958303 65.58294456
-0.12634257 0.99169683 0.02397829 -17.37673840
0.01253914 -0.02257350 0.99966655 6.20034054
0.00000000 0.00000000 0.00000000 1.00000000
29	29	42
0.99046362 0.13776060 0.00195629 69.93954784
-0.13772843 0.98966555 0.03991216 -14.14595517
0.00356225 -0.03980098 0.99920128 6.17800320
0.00000000 0.00000000 0.00000000 1.00000000
30	30	42
0.96502233 0.26127665 0.02159609 74.37742415
-0.26186711 0.96458330 0.03169622 -10.76922177
-0.01254974 -0.03624286 0.99926421 6.14539432
0.00000000 0.00000000 0.00000000 1.00000000
31	31	42
0.94221655 0.33382852 0.02804387 78.46969401
-0.33418118 0.94246713 0.00886580 -7.84524431
-0.02347077 -0.01772524 0.99956738 6.12209463
0.00000000 0.00000000 0.00000000 1.00000000
32	32	42
0.93792004 0.34653780 -0.01474819 82.21457729
-0.34628902 0.93797273 0.01705945 -4.44774583
0.01974515 -0.01089326 0.99974570 6.20033022
0.00000000 0.00000000 0.00000000 1.00000000
33	33	42
0.93712684 0.34801057 -0.02611283 85.93517717
-0.34743700 0.93739281 0.02412877 -0.97890329
0.03287505 -0.01353915 0.99936776 6.06134011
0.00000000 0.00000000 0.00000000 1.00000000
34	34	42
0.93451200 0.35547095 -0.01810150 89.95301077
-0.35488125 0.93445273 0.02928022 2.98967603
0.02732327 -0.02093883 0.99940733 6.07071625
0.00000000 0.00000000 0.00000000 1.00000000
35	35	42
0.89339470 0.44468918 -0.06401033 93.21932078
-0.44238625 0.89557642 0.04729872 6.90103034
0.07835938 -0.01393912 0.99682772 6.14190995
0.00000000 0.00000000 0.00000000 1.00000000
36	36	42
0.85495472 0.51807424 -0.02552126 96.31604005
-0.51763261 0.85531646 0.02213756 11.18185680
0.03329766 -0.00571596 0.99942913 6.16852271
0.00000000 0.00000000 0.00000000 1.00000000
37	37	42
0.85210397 0.52336617 -0.00254710 98.66359147
-0.52334776 0.85210100 0.00555111 15.66261873
0.00507565 -0.00339710 0.99998135 6.16007876
0.00000000 0.00000000 0.00000000 1.00000000
38	38	42
0.85126218 0.52418917 -0.02404598 100.96580081
-0.52302398 0.85128976 0.04185047 20.21929144
0.04240767 -0.02304909 0.99883448 6.05924227
0.00000000 0.00000000 0.00000000 1.00000000
39	39	42
0.85114922 0.52438140 -0.02385211 103.62425695
-0.52255719 0.85074673 0.05624740 24.68455752
0.04978722 -0.03541083 0.99813191 6.02314662
0.00000000 0.00000000 0.00000000 1.00000000
40	40	42
0.85371163 0.52040494 -0.01883947 106.73113730
-0.51959346 0.85367027 0.03562974 28.99259586
0.03462460 -0.02062865 0.99918747 5.95338836
0.00000000 0.00000000 0.00000000 1.00000000
41	41	42
0.85570719 0.51710289 -0.01922432 109.73211747
-0.51628600 0.85567746 0.03556146 33.09979604
0.03483876 -0.02050494 0.99918257 5.93026025
0.00000000 0.00000000 0.00000000 1.00000000
