0	1	42
0.98971914 -0.14293234 0.00513536 -5.11107660
0.14285746 0.98966051 0.01279944 -0.26279926
-0.00691172 -0.01193422 0.99990490 -0.13596695
0.00000000 0.00000000 0.00000000 1.00000000
1	2	42
0.99753631 -0.07011864 -0.00216504 -5.10023145
0.07012238 0.99753694 0.00170235 -0.27125866
0.00204034 -0.00184998 0.99999621 -0.19709649
0.00000000 0.00000000 0.00000000 1.00000000
2	3	42
0.97440519 0.22479772 -0.00071549 -5.04548822
-0.22479546 0.97436807 -0.00859393 0.70125333
-0.00123474 0.00853481 0.99996282 -0.16249902
0.00000000 0.00000000 0.00000000 1.00000000
3	4	42
0.99997865 -0.00404474 0.00513301 -5.14196835
0.00403096 0.99998825 0.00269297 0.07601474
-0.00514384 -0.00267222 0.99998320 -0.16708449
0.00000000 0.00000000 0.00000000 1.00000000
4	5	42
0.99991089 -0.01227684 -0.00524357 -5.10470760
0.01229111 0.99992082 0.00269834 -0.01000567
0.00521003 -0.00276255 0.99998261 -0.18745073
0.00000000 0.00000000 0.00000000 1.00000000
5	6	42
0.99966520 0.00207419 0.02579138 -5.17556906
-0.00209048 0.99999763 0.00060482 0.05672244
-0.02579007 -0.00065853 0.99966716 -0.09065961
0.00000000 0.00000000 0.00000000 1.00000000
6	7	42
0.99951722 0.01027897 -0.02932000 -5.17598687
-0.01041210 0.99993615 -0.00439148 0.05896064
0.02927298 0.00469464 0.99956043 -0.38735276
0.00000000 0.00000000 0.00000000 1.00000000
7	8	42
0.99991886 0.00899855 0.00901700 -5.04900064
-0.00901400 0.99995797 0.00167365 0.08938466
-0.00900156 -0.00175479 0.99995795 -0.14322398
0.00000000 0.00000000 0.00000000 1.00000000
8	9	42
0.99995049 -0.00345143 0.00933265 -5.08464656
0.00346886 0.99999227 -0.00185180 0.04584750
-0.00932619 0.00188408 0.99995474 -0.13760465
0.00000000 0.00000000 0.00000000 1.00000000
9	10	42
0.99881768 0.04847525 -0.00366026 -5.26734445
-0.04849255 0.99881204 -0.00479334 0.13088452
0.00342355 0.00496517 0.99998181 -0.21580305
0.00000000 0.00000000 0.00000000 1.00000000
10	11	42
0.99725609 0.07318597 -0.01113999 -5.21077009
-0.07319616 0.99731743 -0.00050928 0.23242037
0.01107284 0.00132329 0.99993782 -0.23299874
0.00000000 0.00000000 0.00000000 1.00000000
11	12	42
0.99597030 0.08963006 0.00310015 -5.14154966
-0.08962847 0.99597506 -0.00064582 0.29853960
-0.00314555 0.00036536 0.99999499 -0.16220312
0.00000000 0.00000000 0.00000000 1.00000000
12	13	42
0.99069372 0.13600038 0.00546430 -5.15513144
-0.13596199 0.99069021 -0.00687344 0.41890339
-0.00634822 0.00606654 0.99996145 -0.14609859
0.00000000 0.00000000 0.00000000 1.00000000
13	14	42
0.99145669 0.13021660 0.00756798 -5.16196217
-0.13016829 0.99147020 -0.00656196 0.39438816
-0.00835791 0.00552079 0.99994983 -0.15445994
0.00000000 0.00000000 0.00000000 1.00000000
14	15	42
0.99362154 0.11273214 0.00277653 -5.03890491
-0.11270837 0.99359909 -0.00759366 0.33219178
-0.00361481 0.00723229 0.99996731 -0.15687459
0.00000000 0.00000000 0.00000000 1.00000000
15	16	42
0.99463601 0.10324350 0.00632412 -5.30674684
-0.10320795 0.99464340 -0.00571105 0.34582084
-0.00687988 0.00502772 0.99996369 -0.16439650
0.00000000 0.00000000 0.00000000 1.00000000
16	17	42
0.99811584 0.06127161 -0.00324831 -5.22510896
-0.06124844 0.99809932 0.00680954 0.29903122
0.00365936 -0.00659776 0.99997154 -0.18933551
0.00000000 0.00000000 0.00000000 1.00000000
17	18	42
0.99994298 0.00658802 -0.00840389 -5.10733681
-0.00655578 0.99997107 0.00385791 0.06229581
0.00842906 -0.00380259 0.99995724 -0.19286839
0.00000000 0.00000000 0.00000000 1.00000000
18	19	42
0.99998530 0.00228933 0.00491461 -5.21247107
-0.00225006 0.99996563 -0.00798012 0.03271982
-0.00493271 0.00796895 0.99995608 -0.15116309
0.00000000 0.00000000 0.00000000 1.00000000
19	20	42
0.99947237 0.00695756 0.03172661 -5.30626534
-0.00675715 0.99995656 -0.00641946 0.03284901
-0.03176990 0.00620170 0.99947597 -0.06222890
0.00000000 0.00000000 0.00000000 1.00000000
20	21	42
0.99957490 0.01362550 -0.02577537 -5.13171984
-0.01376953 0.99989051 -0.00541844 0.11775125
0.02569872 0.00577105 0.99965308 -0.39542461
0.00000000 0.00000000 0.00000000 1.00000000
21	22	42
0.99991136 0.01205619 -0.00565053 -5.05538089
-0.01207233 0.99992312 -0.00283149 0.04498115
0.00561595 0.00289945 0.99998003 -0.17002429
0.00000000 0.00000000 0.00000000 1.00000000
22	23	42
0.99990147 0.01403724 -0.00000832 -5.09817245
-0.01403723 0.99989991 -0.00176615 0.07632554
-0.00001648 0.00176609 0.99999844 -0.16689478
0.00000000 0.00000000 0.00000000 1.00000000
23	24	42
0.99675648 -0.06647861 -0.04535533 -10.15097731
0.06524319 0.99747091 -0.02819755 -0.11581061
0.04711516 0.02514697 0.99857288 -0.38412711
0.00000000 0.00000000 0.00000000 1.00000000
25	26	42
-0.99757058 -0.06966189 0.00040832 -6.91812347
0.06958523 -0.99671551 -0.04142565 -2.96516237
0.00329277 -0.04129660 0.99914151 6.03888938
0.00000000 0.00000000 0.00000000 1.00000000
26	27	42
0.97646632 0.21515472 -0.01489849 5.10873366
-0.21532049 0.97648614 -0.01057855 -0.10542392
0.01227214 0.01353755 0.99983305 -0.02472866
0.00000000 0.00000000 0.00000000 1.00000000
27	28	42
0.99654952 0.08185757 0.01372540 4.41873956
-0.08182988 0.99664300 -0.00256823 2.51596742
-0.01388955 0.00143622 0.99990250 0.12302630
0.00000000 0.00000000 0.00000000 1.00000000
28	29	42
0.99989385 0.01110981 0.00942697 3.91288157
-0.01127147 0.99978728 0.01727296 3.75601252
-0.00923307 -0.01737738 0.99980637 0.01338932
0.00000000 0.00000000 0.00000000 1.00000000
29	30	42
0.99184136 0.12580540 0.02058430 3.93036671
-0.12571934 0.99205100 -0.00542795 3.95449909
-0.02110354 0.00279582 0.99977339 0.11087164
0.00000000 0.00000000 0.00000000 1.00000000
30	31	42
0.99706565 0.07557332 0.01219699 3.18373077
-0.07531579 0.99695210 -0.02034817 3.89047890
-0.01369760 0.01936984 0.99971855 0.15777349
0.00000000 0.00000000 0.00000000 1.00000000
31	32	42
0.99898366 0.01331652 -0.04306175 2.39127479
-0.01361158 0.99988580 -0.00656613 4.45079291
0.04296939 0.00714560 0.99905084 0.21334431
0.00000000 0.00000000 0.00000000 1.00000000
32	33	42
0.99991283 0.00152993 -0.01311463 2.28565881
-0.00149468 0.99999525 0.00269667 4.54452249
0.01311869 -0.00267684 0.99991036 -0.13465037
0.00000000 0.00000000 0.00000000 1.00000000
33	34	42
0.99995346 0.00776957 0.00571913 2.38669679
-0.00781304 0.99994047 0.00761643 5.11823961
-0.00565961 -0.00766076 0.99995464 0.00021010
0.00000000 0.00000000 0.00000000 1.00000000
34	35	42
0.99402377 0.09736330 -0.04936729 1.66628495
-0.09745400 0.99523987 0.00057219 4.81456362
0.04918801 0.00424227 0.99878053 0.12655169
0.00000000 0.00000000 0.00000000 1.00000000
35	36	42
0.99541489 0.08401671 0.04572075 0.87489927
-0.08385466 0.99646307 -0.00545432 5.21051441
-0.04601729 0.00159542 0.99893937 0.03078383
0.00000000 0.00000000 0.00000000 1.00000000
36	37	42
0.99958136 0.00626603 0.02824597 -0.31261955
-0.00620388 0.99997814 -0.00228749 5.04872445
-0.02825969 0.00211130 0.99959839 0.03084149
0.00000000 0.00000000 0.00000000 1.00000000
37	38	42
0.99930275 0.00102612 -0.03732233 -0.42351462
-0.00029152 0.99980623 0.01968284 5.08798739
0.03733529 -0.01965823 0.99910942 -0.08140399
0.00000000 0.00000000 0.00000000 1.00000000
38	39	42
0.99997266 -0.00007655 -0.00739472 -0.07392882
0.00016805 0.99992343 0.01237378 5.19560223
0.00739321 -0.01237469 0.99989610 0.08689466
0.00000000 0.00000000 0.00000000 1.00000000
39	40	42
0.99987737 -0.00417629 0.01509298 0.38974941
0.00440196 0.99987856 -0.01494926 5.29671116
-0.01502872 0.01501386 0.99977434 0.09858229
0.00000000 0.00000000 0.00000000 1.00000000
40	41	42
0.99999252 -0.00385762 -0.00029324 0.42709661
0.00385754 0.99999253 -0.00025846 5.06839785
0.00029424 0.00025733 0.99999992 0.06669221
0.00000000 0.00000000 0.00000000 1.00000000
0	41	42
0.09980437 0.99433631 -0.03652934 -9.02961826
-0.99383742 0.10139943 0.04478105 -31.56594658
0.04823148 0.03183488 0.99832874 6.97936916
0.00000000 0.00000000 0.00000000 1.00000000
1	39	42
-0.07573542 0.99691628 0.02054468 -18.85071373
-0.99652514 -0.07638990 0.03319988 -27.69861412
0.03466690 -0.01795889 0.99923755 8.65742111
0.00000000 0.00000000 0.00000000 1.00000000
1	40	42
-0.08075903 0.99667229 -0.01105972 -13.82108402
-0.99652419 -0.08050962 0.02139483 -27.83133125
0.02043322 0.01274910 0.99970993 7.42633772
0.00000000 0.00000000 0.00000000 1.00000000
1	41	42
-0.05051472 0.99864691 -0.01235380 -8.29964161
-0.99856995 -0.05028633 0.01814766 -30.09180260
0.01750188 0.01325286 0.99975899 7.82530260
0.00000000 0.00000000 0.00000000 1.00000000
2	39	42
-0.16436567 0.98639466 0.00308106 -15.63728523
-0.98574811 -0.16436982 0.03582209 -25.53874588
0.03584115 0.00285078 0.99935343 7.06256247
0.00000000 0.00000000 0.00000000 1.00000000
3	37	42
0.05969780 0.99809693 0.01544938 -14.59640694
-0.99753733 0.05907921 0.03780120 -28.64710999
0.03681652 -0.01766798 0.99916585 11.23349762
0.00000000 0.00000000 0.00000000 1.00000000
3	38	42
0.10572534 0.99420187 -0.01961640 -8.91713810
-0.99395118 0.10624711 0.02779569 -30.63968658
0.02971871 0.01655904 0.99942113 7.12418556
0.00000000 0.00000000 0.00000000 1.00000000
3	39	42
0.07505144 0.99708735 -0.01356829 -4.18468189
-0.99585480 0.07564596 0.05050641 -28.62063026
0.05138569 0.00972147 0.99863157 7.51885748
0.00000000 0.00000000 0.00000000 1.00000000
4	36	42
0.07761274 0.99630286 -0.03683575 -14.51386833
-0.99622765 0.07893945 0.03604206 -30.36325836
0.03881660 0.03389947 0.99867117 7.86204529
0.00000000 0.00000000 0.00000000 1.00000000
4	37	42
0.07563227 0.99712463 -0.00471471 -9.52480125
-0.99694999 0.07570861 0.01894539 -30.15739822
0.01924786 0.00326745 0.99980940 10.40055752
0.00000000 0.00000000 0.00000000 1.00000000
5	35	42
0.15214354 0.98767961 -0.03662414 -14.76313972
-0.98555878 0.15439549 0.06954076 -30.71241188
0.07433860 0.02551507 0.99690659 7.32157230
0.00000000 0.00000000 0.00000000 1.00000000
5	36	42
0.07350763 0.99609964 -0.04880709 -9.59255028
-0.99728961 0.07357480 -0.00042133 -30.68978500
0.00317128 0.04870577 0.99880814 6.10919476
0.00000000 0.00000000 0.00000000 1.00000000
6	35	42
0.12119935 0.99099408 -0.05693372 -11.76431370
-0.98945667 0.12519455 0.07281365 -30.64922905
0.07928569 0.04750848 0.99571920 6.74009705
0.00000000 0.00000000 0.00000000 1.00000000
7	33	42
0.20851258 0.97722106 -0.03951590 -19.10241890
-0.97527876 0.21078123 0.06635216 -30.68786430
0.07316993 0.02470376 0.99701348 10.73480701
0.00000000 0.00000000 0.00000000 1.00000000
7	34	42
0.23889685 0.97022653 -0.03985956 -10.44258976
-0.96730058 0.24137638 0.07789120 -29.63287544
0.08519326 0.01994821 0.99616473 12.80283070
0.00000000 0.00000000 0.00000000 1.00000000
7	35	42
0.14914587 0.98641397 -0.06886936 -4.09678555
-0.98686547 0.15286193 0.05224715 -29.84898186
0.06206483 0.06017234 0.99625662 5.01727200
0.00000000 0.00000000 0.00000000 1.00000000
8	32	42
0.26437442 0.96350312 -0.04204649 -14.54731941
-0.96436404 0.26363753 -0.02229916 -27.70135498
-0.01040028 0.04644345 0.99886678 4.59468746
0.00000000 0.00000000 0.00000000 1.00000000
8	33	42
0.27178999 0.96146013 -0.04152864 -9.50905991
-0.96130999 0.27325351 0.03486571 -27.75622368
0.04486984 0.03044574 0.99852879 7.41819096
0.00000000 0.00000000 0.00000000 1.00000000
9	31	42
0.27423534 0.96109419 -0.03305951 -14.39665604
-0.96149335 0.27338004 -0.02817605 -25.96800995
-0.01804203 0.03951337 0.99905614 6.25914240
0.00000000 0.00000000 0.00000000 1.00000000
9	32	42
0.24803361 0.96845700 -0.02388227 -11.34098625
-0.96848409 0.24846893 0.01737134 -28.28721619
0.02275740 0.01882092 0.99956384 5.88551903
0.00000000 0.00000000 0.00000000 1.00000000
10	30	42
0.38843437 0.92138414 -0.01303889 -13.56880379
-0.92147055 0.38834265 -0.00905618 -25.87937546
-0.00328066 0.01553269 0.99987398 6.13477802
0.00000000 0.00000000 0.00000000 1.00000000
10	31	42
0.32198382 0.94639181 -0.02586442 -8.50232697
-0.94661641 0.32136931 -0.02528140 -27.04437828
-0.01561407 0.03262389 0.99934573 6.74426270
0.00000000 0.00000000 0.00000000 1.00000000
11	29	42
0.56568461 0.82442490 -0.01801423 -11.84224701
-0.82402289 0.56597130 0.02574440 -25.45764923
0.03141986 0.00028093 0.99950623 8.04862022
0.00000000 0.00000000 0.00000000 1.00000000
11	30	42
0.45493348 0.89052406 -0.00156049 -6.78416252
-0.89051452 0.45491853 -0.00574717 -26.36878586
-0.00440809 0.00400422 0.99998227 6.90784550
0.00000000 0.00000000 0.00000000 1.00000000
12	29	42
0.62282629 0.78220318 -0.01567157 -5.84534931
-0.78192710 0.62302303 0.02079189 -26.99594688
0.02602723 -0.00069571 0.99966099 7.51946402
0.00000000 0.00000000 0.00000000 1.00000000
13	28	42
0.70667867 0.70658496 -0.03664636 -4.97730255
-0.70685088 0.70732464 0.00732716 -29.12403107
0.03109814 0.02072556 0.99930143 6.48372507
0.00000000 0.00000000 0.00000000 1.00000000
13	29	42
0.75678763 0.65324537 -0.02330180 6.25984097
-0.65242958 0.75706899 0.03438295 -24.13026810
0.04010157 -0.01081780 0.99913705 8.34339523
0.00000000 0.00000000 0.00000000 1.00000000
14	28	42
0.82001474 0.56954948 -0.05647315 7.54482651
-0.56899401 0.82189677 0.02704662 -25.96425819
0.06181949 0.00995426 0.99803771 8.42214108
0.00000000 0.00000000 0.00000000 1.00000000
15	27	42
0.91333747 0.39622405 -0.09392104 10.22628593
-0.39374242 0.91814683 0.04442191 -25.27198792
0.10383434 -0.00359149 0.99458812 10.20005226
0.00000000 0.00000000 0.00000000 1.00000000
15	28	42
0.87913196 0.47434616 -0.04607298 14.86910439
-0.47389554 0.88033179 0.02095140 -25.45693207
0.05049773 0.00341473 0.99871834 7.46978045
0.00000000 0.00000000 0.00000000 1.00000000
16	27	42
0.94825909 0.30821065 -0.07622922 17.77178574
-0.30695777 0.95131312 0.02793343 -24.77218628
0.08112724 -0.00308897 0.99669897 8.04222488
0.00000000 0.00000000 0.00000000 1.00000000
17	26	42
0.99683338 0.04236275 -0.06729497 19.07042503
-0.04002148 0.99855847 0.03576688 -23.79135132
0.06871315 -0.03296037 0.99709183 9.05011177
0.00000000 0.00000000 0.00000000 1.00000000
17	27	42
0.95137781 0.30652345 -0.03039131 21.15997696
-0.30617779 0.95184725 0.01555529 -28.10574341
0.03369595 -0.00549382 0.99941703 4.64711714
0.00000000 0.00000000 0.00000000 1.00000000
18	26	42
0.99754014 0.02106453 -0.06685779 25.16476631
-0.01866334 0.99916525 0.03633848 -22.53191757
0.06756743 -0.03500130 0.99710057 9.48264885
0.00000000 0.00000000 0.00000000 1.00000000
19	26	42
0.99794034 0.02630035 -0.05850960 30.22636795
-0.02488299 0.99938215 0.02482266 -22.40728951
0.05912629 -0.02331564 0.99797819 8.22140503
0.00000000 0.00000000 0.00000000 1.00000000
25	27	42
-0.95908943 -0.28265038 0.01600746 -12.00711167
0.28205253 -0.95886809 -0.03191165 -2.50356791
0.02436889 -0.02609118 0.99936250 6.03535747
0.00000000 0.00000000 0.00000000 1.00000000
25	28	42
-0.93287320 -0.36018726 0.00356793 -16.95424760
0.35998662 -0.93260687 -0.02557466 -3.67365800
0.01253914 -0.02257351 0.99966655 6.20034054
0.00000000 0.00000000 0.00000000 1.00000000
25	29	42
-0.92874727 -0.37053669 -0.01144844 -21.95728980
0.37069639 -0.92796468 -0.03828500 -5.76829840
0.00356225 -0.03980099 0.99920128 6.17800320
0.00000000 0.00000000 0.00000000 1.00000000
25	30	42
-0.87434473 -0.48446473 -0.02855220 -27.07416321
0.48514307 -0.87405971 -0.02560885 -7.98520573
-0.01254974 -0.03624287 0.99926421 6.14539429
0.00000000 0.00000000 0.00000000 1.00000000
25	31	42
-0.83490015 -0.54961831 -0.02935057 -31.74714576
0.54990078 -0.83522783 -0.00189884 -9.84519198
-0.02347077 -0.01772524 0.99956738 6.12209456
0.00000000 0.00000000 0.00000000 1.00000000
25	32	42
-0.82783161 -0.56088323 0.01023842 -36.19612027
0.56062907 -0.82782325 -0.02009251 -12.24805923
0.01974515 -0.01089326 0.99974570 6.20033011
0.00000000 0.00000000 0.00000000 1.00000000
25	33	42
-0.82678679 -0.56217450 0.01958168 -40.63858573
0.56155395 -0.82690781 -0.02967552 -14.72600827
0.03287507 -0.01353915 0.99936776 6.06133999
0.00000000 0.00000000 0.00000000 1.00000000
25	34	42
-0.82246685 -0.56871482 0.01057053 -45.48921451
0.56815643 -0.82226821 -0.03276066 -17.61806768
0.02732328 -0.02093884 0.99940733 6.07071613
0.00000000 0.00000000 0.00000000 1.00000000
25	35	42
-0.76160812 -0.64604091 0.05083519 -49.59645442
0.64328289 -0.76317550 -0.06123955 -20.63436559
0.07835943 -0.01393913 0.99682772 6.14190981
0.00000000 0.00000000 0.00000000 1.00000000
25	36	42
-0.70628181 -0.70766263 0.01948369 -53.62742518
0.70714728 -0.70652738 -0.02760061 -24.04997982
0.03329768 -0.00571597 0.99942913 6.16852256
0.00000000 0.00000000 0.00000000 1.00000000
25	37	42
-0.70214649 -0.71203160 0.00114503 -56.97882018
0.71201443 -0.70213921 -0.00599929 -27.83896104
0.00507565 -0.00339710 0.99998135 6.16007859
0.00000000 0.00000000 0.00000000 1.00000000
25	38	42
-0.70140660 -0.71263663 0.01333495 -60.30435169
0.71149868 -0.70115460 -0.04638807 -31.71249646
0.04240770 -0.02304910 0.99883448 6.05924209
0.00000000 0.00000000 0.00000000 1.00000000
25	39	42
-0.70140859 -0.71269338 0.00970225 -63.95391504
0.71101844 -0.70058134 -0.06032052 -35.41204786
0.04978725 -0.03541085 0.99813191 6.02314634
0.00000000 0.00000000 0.00000000 1.00000000
25	40	42
-0.70460563 -0.70953188 0.00976795 -68.00126295
0.70875386 -0.70437133 -0.03910235 -38.85165225
0.03462463 -0.02062866 0.99918747 5.95338797
0.00000000 0.00000000 0.00000000 1.00000000
