0	24	42
0.72284720 -0.69069235 0.02088066 111.00292035
0.68918678 0.72280533 0.05073489 45.60150421
-0.05013485 -0.02228290 0.99849385 -2.42648035
0.00000000 0.00000000 0.00000000 1.00000000
0	41	42
0.09980453 0.99433646 -0.03652934 -9.02961826
-0.99383756 0.10139959 0.04478105 -31.56594658
0.04823149 0.03183487 0.99832874 6.97936916
0.00000000 0.00000000 0.00000000 1.00000000
1	24	42
0.61660083 -0.78711838 0.01575028 107.48706730
0.78500882 0.61621933 0.06352078 41.88216680
-0.05970400 -0.02680286 0.99785622 -2.30014353
0.00000000 0.00000000 0.00000000 1.00000000
1	39	42
-0.07573529 0.99691642 0.02054468 -18.85071373
-0.99652528 -0.07638977 0.03319988 -27.69861412
0.03466690 -0.01795889 0.99923755 8.65742111
0.00000000 0.00000000 0.00000000 1.00000000
1	40	42
-0.08075908 0.99667224 -0.01105972 -13.82108402
-0.99652413 -0.08050967 0.02139483 -27.83133125
0.02043322 0.01274910 0.99970993 7.42633772
0.00000000 0.00000000 0.00000000 1.00000000
1	41	42
-0.05051434 0.99864731 -0.01235380 -8.29964161
-0.99857035 -0.05028595 0.01814766 -30.09180260
0.01750189 0.01325285 0.99975899 7.82530260
0.00000000 0.00000000 0.00000000 1.00000000
2	24	42
0.55991924 -0.82844401 0.01307530 104.55266870
0.82641517 0.55954029 0.06286999 37.69876557
-0.05940043 -0.02439649 0.99793607 -2.18504274
0.00000000 0.00000000 0.00000000 1.00000000
2	39	42
-0.16436550 0.98639486 0.00308105 -15.63728523
-0.98574831 -0.16436965 0.03582209 -25.53874588
0.03584115 0.00285077 0.99935343 7.06256247
0.00000000 0.00000000 0.00000000 1.00000000
3	24	42
0.73180253 -0.68122923 0.01979379 101.14452891
0.67940348 0.73151102 0.05746771 33.91126076
-0.05362806 -0.02860705 0.99815112 -2.06461033
0.00000000 0.00000000 0.00000000 1.00000000
3	37	42
0.05969789 0.99809702 0.01544937 -14.59640694
-0.99753741 0.05907930 0.03780120 -28.64710999
0.03681652 -0.01766798 0.99916585 11.23349762
0.00000000 0.00000000 0.00000000 1.00000000
3	38	42
0.10572544 0.99420195 -0.01961641 -8.91713810
-0.99395127 0.10624721 0.02779569 -30.63968658
0.02971871 0.01655904 0.99942113 7.12418556
0.00000000 0.00000000 0.00000000 1.00000000
3	39	42
0.07505138 0.99708729 -0.01356829 -4.18468189
-0.99585475 0.07564589 0.05050641 -28.62063026
0.05138569 0.00972147 0.99863157 7.51885748
0.00000000 0.00000000 0.00000000 1.00000000
4	24	42
0.72893908 -0.68423407 0.02171527 97.32653278
0.68204206 0.72860085 0.06292407 30.46379322
-0.05887656 -0.03105708 0.99778204 -1.95780669
0.00000000 0.00000000 0.00000000 1.00000000
4	36	42
0.07761272 0.99630284 -0.03683575 -14.51386833
-0.99622763 0.07893942 0.03604206 -30.36325836
0.03881660 0.03389947 0.99867117 7.86204529
0.00000000 0.00000000 0.00000000 1.00000000
4	37	42
0.07563219 0.99712455 -0.00471471 -9.52480125
-0.99694991 0.07570852 0.01894539 -30.15739822
0.01924786 0.00326745 0.99980940 10.40055752
0.00000000 0.00000000 0.00000000 1.00000000
5	24	42
0.72057726 -0.69318895 0.01604636 93.60828760
0.69126443 0.71999600 0.06131265 26.96308263
-0.05405457 -0.03308823 0.99798962 -1.84398330
0.00000000 0.00000000 0.00000000 1.00000000
5	35	42
0.15214366 0.98767971 -0.03662415 -14.76313972
-0.98555888 0.15439560 0.06954076 -30.71241188
0.07433860 0.02551506 0.99690659 7.32157230
0.00000000 0.00000000 0.00000000 1.00000000
5	36	42
0.07350763 0.99609964 -0.04880708 -9.59255028
-0.99728961 0.07357480 -0.00042133 -30.68978500
0.00317129 0.04870577 0.99880814 6.10919476
0.00000000 0.00000000 0.00000000 1.00000000
6	24	42
0.72137127 -0.69170327 0.03420645 89.83811609
0.68794660 0.72138773 0.07955638 23.42067718
-0.07970552 -0.03385748 0.99624329 -1.65657435
0.00000000 0.00000000 0.00000000 1.00000000
6	35	42
0.12119962 0.99099432 -0.05693374 -11.76431370
-0.98945691 0.12519482 0.07281364 -30.64922905
0.07928570 0.04750846 0.99571920 6.74009705
0.00000000 0.00000000 0.00000000 1.00000000
7	24	42
0.72922642 -0.68408356 0.01607841 86.05027465
0.68243216 0.72878655 0.05618286 19.87159172
-0.05015150 -0.02999760 0.99829103 -1.63191348
0.00000000 0.00000000 0.00000000 1.00000000
7	33	42
0.20851265 0.97722111 -0.03951590 -19.10241890
-0.97527882 0.21078130 0.06635215 -30.68786430
0.07316994 0.02470375 0.99701348 10.73480701
0.00000000 0.00000000 0.00000000 1.00000000
7	34	42
0.23889697 0.97022662 -0.03985957 -10.44258976
-0.96730067 0.24137650 0.07789119 -29.63287544
0.08519326 0.01994820 0.99616473 12.80283070
0.00000000 0.00000000 0.00000000 1.00000000
7	35	42
0.14914593 0.98641402 -0.06886936 -4.09678555
-0.98686552 0.15286198 0.05224715 -29.84898186
0.06206483 0.06017234 0.99625662 5.01727200
0.00000000 0.00000000 0.00000000 1.00000000
8	24	42
0.73518885 -0.67752104 0.02150825 82.30496059
0.67530177 0.73479823 0.06355372 16.48308691
-0.05886321 -0.03219942 0.99774662 -1.52435908
0.00000000 0.00000000 0.00000000 1.00000000
8	32	42
0.26437444 0.96350313 -0.04204649 -14.54731941
-0.96436405 0.26363755 -0.02229916 -27.70135498
-0.01040028 0.04644345 0.99886678 4.59468746
0.00000000 0.00000000 0.00000000 1.00000000
8	33	42
0.27178997 0.96146011 -0.04152864 -9.50905991
-0.96130997 0.27325349 0.03486571 -27.75622368
0.04486984 0.03044574 0.99852879 7.41819096
0.00000000 0.00000000 0.00000000 1.00000000
9	24	42
0.73260163 -0.68001273 0.02962317 78.53276287
0.67722454 0.73258153 0.06849250 13.07435944
-0.06827716 -0.03011618 0.99721174 -1.36383132
0.00000000 0.00000000 0.00000000 1.00000000
9	31	42
0.27423537 0.96109421 -0.03305951 -14.39665604
-0.96149337 0.27338007 -0.02817605 -25.96800995
-0.01804203 0.03951337 0.99905614 6.25914240
0.00000000 0.00000000 0.00000000 1.00000000
9	32	42
0.24803373 0.96845709 -0.02388227 -11.34098625
-0.96848418 0.24846905 0.01737134 -28.28721619
0.02275740 0.01882092 0.99956384 5.88551903
0.00000000 0.00000000 0.00000000 1.00000000
10	24	42
0.76481243 -0.64354477 0.03020065 74.57850181
0.64113358 0.76487997 0.06250093 9.58828722
-0.06332202 -0.02843883 0.99758787 -1.22333509
0.00000000 0.00000000 0.00000000 1.00000000
10	30	42
0.38843437 0.92138413 -0.01303889 -13.56880379
-0.92147055 0.38834264 -0.00905618 -25.87937546
-0.00328066 0.01553269 0.99987398 6.13477802
0.00000000 0.00000000 0.00000000 1.00000000
10	31	42
0.32198392 0.94639188 -0.02586442 -8.50232697
-0.94661648 0.32136941 -0.02528140 -27.04437828
-0.01561407 0.03262389 0.99934573 6.74426270
0.00000000 0.00000000 0.00000000 1.00000000
11	24	42
0.81015327 -0.58580492 0.02200651 70.43663046
0.58408016 0.80983281 0.05496528 6.41069856
-0.05002052 -0.03167673 0.99824573 -1.13242509
0.00000000 0.00000000 0.00000000 1.00000000
11	29	42
0.56568463 0.82442491 -0.01801424 -11.84224701
-0.82402290 0.56597132 0.02574440 -25.45764923
0.03141986 0.00028093 0.99950623 8.04862022
0.00000000 0.00000000 0.00000000 1.00000000
11	30	42
0.45493353 0.89052409 -0.00156049 -6.78416252
-0.89051455 0.45491858 -0.00574717 -26.36878586
-0.00440809 0.00400422 0.99998227 6.90784550
0.00000000 0.00000000 0.00000000 1.00000000
12	24	42
0.85932417 -0.51082496 0.02489632 66.09273171
0.50896952 0.85894450 0.05625273 3.64047304
-0.05011986 -0.03566786 0.99810611 -1.04661742
0.00000000 0.00000000 0.00000000 1.00000000
12	29	42
0.62282632 0.78220319 -0.01567157 -5.84534931
-0.78192712 0.62302306 0.02079189 -26.99594688
0.02602723 -0.00069571 0.99966099 7.51946402
0.00000000 0.00000000 0.00000000 1.00000000
13	24	42
0.92062178 -0.38904984 0.03310209 61.44517903
0.38709200 0.92050922 0.05312782 1.36826460
-0.05114015 -0.03609707 0.99803892 -0.94900625
0.00000000 0.00000000 0.00000000 1.00000000
13	28	42
0.70667872 0.70658498 -0.03664636 -4.97730255
-0.70685090 0.70732470 0.00732716 -29.12403107
0.03109814 0.02072556 0.99930143 6.48372507
0.00000000 0.00000000 0.00000000 1.00000000
13	29	42
0.75678765 0.65324538 -0.02330180 6.25984097
-0.65242959 0.75706902 0.03438295 -24.13026810
0.04010157 -0.01081780 0.99913705 8.34339523
0.00000000 0.00000000 0.00000000 1.00000000
14	24	42
0.96312191 -0.26566834 0.04262061 56.53441460
0.26351980 0.96335657 0.05001431 -0.27505783
-0.05434606 -0.03693850 0.99783869 -0.85341603
0.00000000 0.00000000 0.00000000 1.00000000
14	28	42
0.82001474 0.56954948 -0.05647315 7.54482651
-0.56899401 0.82189678 0.02704662 -25.96425819
0.06181949 0.00995426 0.99803771 8.42214108
0.00000000 0.00000000 0.00000000 1.00000000
15	24	42
0.98676765 -0.15508478 0.04731075 51.58639594
0.15307981 0.98725908 0.04342894 -1.29073590
-0.05344313 -0.03561196 0.99793568 -0.74837759
0.00000000 0.00000000 0.00000000 1.00000000
15	27	42
0.91333746 0.39622405 -0.09392104 10.22628593
-0.39374242 0.91814682 0.04442191 -25.27198792
0.10383434 -0.00359149 0.99458812 10.20005226
0.00000000 0.00000000 0.00000000 1.00000000
15	28	42
0.87913197 0.47434617 -0.04607298 14.86910439
-0.47389554 0.88033180 0.02095140 -25.45693207
0.05049773 0.00341473 0.99871834 7.46978045
0.00000000 0.00000000 0.00000000 1.00000000
16	24	42
0.99715513 -0.05213885 0.05443517 46.28846054
0.05006691 0.99799358 0.03875717 -1.76881648
-0.05634670 -0.03592151 0.99776485 -0.64114090
0.00000000 0.00000000 0.00000000 1.00000000
16	27	42
0.94825909 0.30821065 -0.07622922 17.77178574
-0.30695777 0.95131312 0.02793343 -24.77218628
0.08112724 -0.00308897 0.99669897 8.04222488
0.00000000 0.00000000 0.00000000 1.00000000
17	24	42
0.99866895 0.00869840 0.05083951 41.05231868
-0.01101114 0.99890869 0.04538932 -1.73932844
-0.05038922 -0.04588870 0.99767487 -0.54637721
0.00000000 0.00000000 0.00000000 1.00000000
17	26	42
0.99683338 0.04236275 -0.06729497 19.07042503
-0.04002148 0.99855847 0.03576688 -23.79135132
0.06871315 -0.03296037 0.99709183 9.05011177
0.00000000 0.00000000 0.00000000 1.00000000
17	27	42
0.95137781 0.30652345 -0.03039131 21.15997696
-0.30617779 0.95184725 0.01555529 -28.10574341
0.03369595 -0.00549382 0.99941703 4.64711714
0.00000000 0.00000000 0.00000000 1.00000000
18	24	42
0.99898352 0.01508408 0.04247819 35.94251650
-0.01717655 0.99863465 0.04933361 -1.62961718
-0.04167604 -0.05001309 0.99787865 -0.48430112
0.00000000 0.00000000 0.00000000 1.00000000
18	26	42
0.99754014 0.02106453 -0.06685779 25.16476631
-0.01866334 0.99916525 0.03633848 -22.53191757
0.06756743 -0.03500130 0.99710057 9.48264885
0.00000000 0.00000000 0.00000000 1.00000000
19	24	42
0.99872537 0.01770907 0.04726556 30.72941622
-0.01966663 0.99895414 0.04127780 -1.51486721
-0.04648514 -0.04215474 0.99802911 -0.41954480
0.00000000 0.00000000 0.00000000 1.00000000
19	26	42
0.99794034 0.02630035 -0.05850960 30.22636795
-0.02488299 0.99938215 0.02482266 -22.40728951
0.05912629 -0.02331564 0.99797819 8.22140503
0.00000000 0.00000000 0.00000000 1.00000000
20	24	42
0.99657712 0.02495012 0.07881329 25.42755487
-0.02771774 0.99902991 0.03421946 -1.38026485
-0.07788305 -0.03628686 0.99630191 -0.23637331
0.00000000 0.00000000 0.00000000 1.00000000
21	24	42
0.99783532 0.03898109 0.05296361 20.28517348
-0.04058273 0.99874034 0.02950884 -1.13391939
-0.05174661 -0.03159437 0.99816035 -0.23493442
0.00000000 0.00000000 0.00000000 1.00000000
22	24	42
0.99757372 0.05116174 0.04721389 15.23348417
-0.05247053 0.99825984 0.02690965 -0.88885098
-0.04575498 -0.02932169 0.99852227 -0.14446826
0.00000000 0.00000000 0.00000000 1.00000000
23	24	42
0.99675648 0.06524319 0.04711516 10.14370651
-0.06647861 0.99747091 0.02514697 -0.54964552
-0.04535533 -0.02819755 0.99857288 -0.08008761
0.00000000 0.00000000 0.00000000 1.00000000
25	26	42
-0.99757047 -0.06966189 0.00040832 -6.91812347
0.06958522 -0.99671541 -0.04142565 -2.96516237
0.00329277 -0.04129660 0.99914151 6.03888938
0.00000000 0.00000000 0.00000000 1.00000000
25	27	42
-0.95908933 -0.28265036 0.01600746 -12.00711167
0.28205252 -0.95886799 -0.03191165 -2.50356791
0.02436889 -0.02609118 0.99936250 6.03535747
0.00000000 0.00000000 0.00000000 1.00000000
25	28	42
-0.93287310 -0.36018724 0.00356793 -16.95424760
0.35998660 -0.93260677 -0.02557466 -3.67365800
0.01253914 -0.02257351 0.99966655 6.20034054
0.00000000 0.00000000 0.00000000 1.00000000
25	29	42
-0.92874718 -0.37053667 -0.01144844 -21.95728980
0.37069637 -0.92796458 -0.03828500 -5.76829840
0.00356225 -0.03980099 0.99920128 6.17800320
0.00000000 0.00000000 0.00000000 1.00000000
25	30	42
-0.87434463 -0.48446470 -0.02855220 -27.07416321
0.48514305 -0.87405962 -0.02560885 -7.98520573
-0.01254974 -0.03624287 0.99926421 6.14539429
0.00000000 0.00000000 0.00000000 1.00000000
25	31	42
-0.83490006 -0.54961828 -0.02935057 -31.74714576
0.54990075 -0.83522774 -0.00189884 -9.84519198
-0.02347077 -0.01772524 0.99956738 6.12209456
0.00000000 0.00000000 0.00000000 1.00000000
25	32	42
-0.82783152 -0.56088320 0.01023842 -36.19612027
0.56062904 -0.82782316 -0.02009251 -12.24805923
0.01974515 -0.01089326 0.99974570 6.20033011
0.00000000 0.00000000 0.00000000 1.00000000
25	33	42
-0.82678670 -0.56217447 0.01958168 -40.63858573
0.56155392 -0.82690772 -0.02967552 -14.72600827
0.03287507 -0.01353915 0.99936776 6.06133999
0.00000000 0.00000000 0.00000000 1.00000000
25	34	42
-0.82246675 -0.56871479 0.01057053 -45.48921451
0.56815640 -0.82226812 -0.03276066 -17.61806768
0.02732328 -0.02093884 0.99940733 6.07071613
0.00000000 0.00000000 0.00000000 1.00000000
25	35	42
-0.76160803 -0.64604088 0.05083519 -49.59645442
0.64328286 -0.76317541 -0.06123954 -20.63436559
0.07835942 -0.01393913 0.99682772 6.14190981
0.00000000 0.00000000 0.00000000 1.00000000
25	36	42
-0.70628173 -0.70766259 0.01948369 -53.62742518
0.70714724 -0.70652729 -0.02760061 -24.04997982
0.03329768 -0.00571597 0.99942913 6.16852256
0.00000000 0.00000000 0.00000000 1.00000000
25	37	42
-0.70214640 -0.71203156 0.00114503 -56.97882018
0.71201439 -0.70213912 -0.00599929 -27.83896104
0.00507565 -0.00339710 0.99998135 6.16007859
0.00000000 0.00000000 0.00000000 1.00000000
25	38	42
-0.70140651 -0.71263659 0.01333495 -60.30435169
0.71149864 -0.70115452 -0.04638807 -31.71249646
0.04240770 -0.02304910 0.99883448 6.05924209
0.00000000 0.00000000 0.00000000 1.00000000
25	39	42
-0.70140850 -0.71269335 0.00970225 -63.95391504
0.71101840 -0.70058125 -0.06032052 -35.41204786
0.04978725 -0.03541085 0.99813191 6.02314634
0.00000000 0.00000000 0.00000000 1.00000000
25	40	42
-0.70460555 -0.70953184 0.00976795 -68.00126295
0.70875383 -0.70437124 -0.03910235 -38.85165225
0.03462463 -0.02062866 0.99918747 5.95338797
0.00000000 0.00000000 0.00000000 1.00000000
