0	24	42
25.00000000 0.00000000 0.00000000 0.00000000 0.00000000 0.00000000
0.00000000 25.00000000 0.00000000 0.00000000 0.00000000 0.00000000
0.00000000 0.00000000 25.00000000 0.00000000 0.00000000 0.00000000
0.00000000 0.00000000 0.00000000 20000.00000000 0.00000000 0.00000000
0.00000000 0.00000000 0.00000000 0.00000000 20000.00000000 0.00000000
0.00000000 0.00000000 0.00000000 0.00000000 0.00000000 40000.00000000
0	41	42
62.00000000 0.00000000 0.00000000 0.00000000 1144.35707211 1959.52536774
0.00000000 62.00000000 0.00000000 -1144.35707211 0.00000000 4268.97121429
0.00000000 0.00000000 62.00000000 -1959.52536774 -4268.97121429 0.00000000
0.00000000 -1144.35707211 -1959.52536774 214108.49860189 223957.90631695 -80708.93710879
1144.35707211 0.00000000 -4268.97121429 223957.90631695 515197.31460086 48084.81458357
1959.52536774 4268.97121429 0.00000000 -80708.93710879 48084.81458357 680713.56255282
1	24	42
25.00000000 0.00000000 0.00000000 0.00000000 0.00000000 0.00000000
0.00000000 25.00000000 0.00000000 0.00000000 0.00000000 0.00000000
0.00000000 0.00000000 25.00000000 0.00000000 0.00000000 0.00000000
0.00000000 0.00000000 0.00000000 20000.00000000 0.00000000 0.00000000
0.00000000 0.00000000 0.00000000 0.00000000 20000.00000000 0.00000000
0.00000000 0.00000000 0.00000000 0.00000000 0.00000000 40000.00000000
1	39	42
61.00000000 0.00000000 0.00000000 0.00000000 1192.21940041 2668.39227295
0.00000000 61.00000000 0.00000000 -1192.21940041 0.00000000 4238.71567154
0.00000000 0.00000000 61.00000000 -2668.39227295 -4238.71567154 0.00000000
0.00000000 -1192.21940041 -2668.39227295 273975.49743712 275203.17816730 -78990.86926276
1192.21940041 0.00000000 -4238.71567154 275203.17816730 470264.62408696 56867.82599122
2668.39227295 4238.71567154 0.00000000 -78990.86926276 56867.82599122 692588.37892875
1	40	42
89.00000000 0.00000000 0.00000000 0.00000000 1644.90189624 -74.35659409
0.00000000 89.00000000 0.00000000 -1644.90189624 0.00000000 1052.62130737
0.00000000 0.00000000 89.00000000 74.35659409 -1052.62130737 0.00000000
0.00000000 -1644.90189624 74.35659409 791638.56783511 907882.45429426 -34721.62832525
1644.90189624 0.00000000 -1052.62130737 907882.45429426 1346175.91264010 15802.06435344
-74.35659409 1052.62130737 0.00000000 -34721.62832525 15802.06435344 2068539.53849999
1	41	42
63.00000000 0.00000000 0.00000000 0.00000000 1225.64200401 3034.33166504
0.00000000 63.00000000 0.00000000 -1225.64200401 0.00000000 4995.37751007
0.00000000 0.00000000 63.00000000 -3034.33166504 -4995.37751007 0.00000000
0.00000000 -1225.64200401 -3034.33166504 284701.65187018 284908.43527071 -93913.24677272
1225.64200401 0.00000000 -4995.37751007 284908.43527071 530562.87820133 66553.09280161
3034.33166504 4995.37751007 0.00000000 -93913.24677272 66553.09280161 762365.56694144
2	24	42
25.00000000 0.00000000 0.00000000 0.00000000 0.00000000 0.00000000
0.00000000 25.00000000 0.00000000 0.00000000 0.00000000 0.00000000
0.00000000 0.00000000 25.00000000 0.00000000 0.00000000 0.00000000
0.00000000 0.00000000 0.00000000 20000.00000000 0.00000000 0.00000000
0.00000000 0.00000000 0.00000000 0.00000000 20000.00000000 0.00000000
0.00000000 0.00000000 0.00000000 0.00000000 0.00000000 40000.00000000
2	39	42
114.00000000 0.00000000 0.00000000 0.00000000 2039.94192886 -2296.56104660
0.00000000 114.00000000 0.00000000 -2039.94192886 0.00000000 -1803.12515640
0.00000000 0.00000000 114.00000000 2296.56104660 1803.12515640 0.00000000
0.00000000 -2039.94192886 2296.56104660 1477295.65337497 1662813.69498221 -31510.98841839
2039.94192886 0.00000000 1803.12515640 1662813.69498221 2139875.51608565 4198.44751953
-2296.56104660 -1803.12515640 0.00000000 -31510.98841839 4198.44751953 3532748.03588286
3	24	42
25.00000000 0.00000000 0.00000000 0.00000000 0.00000000 0.00000000
0.00000000 25.00000000 0.00000000 0.00000000 0.00000000 0.00000000
0.00000000 0.00000000 25.00000000 0.00000000 0.00000000 0.00000000
0.00000000 0.00000000 0.00000000 20000.00000000 0.00000000 0.00000000
0.00000000 0.00000000 0.00000000 0.00000000 20000.00000000 0.00000000
0.00000000 0.00000000 0.00000000 0.00000000 0.00000000 40000.00000000
3	37	42
75.00000000 0.00000000 0.00000000 0.00000000 1587.99850869 2438.68506241
0.00000000 75.00000000 0.00000000 -1587.99850869 0.00000000 6981.15338516
0.00000000 0.00000000 75.00000000 -2438.68506241 -6981.15338516 0.00000000
0.00000000 -1587.99850869 -2438.68506241 215069.59122562 353582.23713322 -152218.11352501
1587.99850869 0.00000000 -6981.15338516 353582.23713322 876160.94991918 58787.56667226
2438.68506241 6981.15338516 0.00000000 -152218.11352501 58787.56667226 1016722.72122499
3	38	42
77.00000000 0.00000000 0.00000000 0.00000000 1515.71958995 1728.45891953
0.00000000 77.00000000 0.00000000 -1515.71958995 0.00000000 6838.19264603
0.00000000 0.00000000 77.00000000 -1728.45891953 -6838.19264603 0.00000000
0.00000000 -1515.71958995 -1728.45891953 240380.37020621 286904.32183436 -154022.52329742
1515.71958995 0.00000000 -6838.19264603 286904.32183436 897428.66243764 57202.35840145
1728.45891953 6838.19264603 0.00000000 -154022.52329742 57202.35840145 1065383.83067411
3	39	42
120.00000000 0.00000000 0.00000000 0.00000000 2171.70533466 -1820.52321815
0.00000000 120.00000000 0.00000000 -2171.70533466 0.00000000 1648.20112610
0.00000000 0.00000000 120.00000000 1820.52321815 -1648.20112610 0.00000000
0.00000000 -2171.70533466 1820.52321815 773554.13132215 1109808.59687180 -92759.62552744
2171.70533466 0.00000000 -1648.20112610 1109808.59687180 2443619.63437064 7760.55134068
-1820.52321815 1648.20112610 0.00000000 -92759.62552744 7760.55134068 3123308.49416366
4	24	42
25.00000000 0.00000000 0.00000000 0.00000000 0.00000000 0.00000000
0.00000000 25.00000000 0.00000000 0.00000000 0.00000000 0.00000000
0.00000000 0.00000000 25.00000000 0.00000000 0.00000000 0.00000000
0.00000000 0.00000000 0.00000000 20000.00000000 0.00000000 0.00000000
0.00000000 0.00000000 0.00000000 0.00000000 20000.00000000 0.00000000
0.00000000 0.00000000 0.00000000 0.00000000 0.00000000 40000.00000000
4	36	42
97.00000000 0.00000000 0.00000000 0.00000000 1864.78180563 -3061.99216270
0.00000000 97.00000000 0.00000000 -1864.78180563 0.00000000 -1632.03964043
0.00000000 0.00000000 97.00000000 3061.99216270 1632.03964043 0.00000000
0.00000000 -1864.78180563 3061.99216270 813036.08310123 1194738.13295008 -14174.58742013
1864.78180563 0.00000000 1632.03964043 1194738.13295008 2146103.34798894 -34023.00365440
-3061.99216270 -1632.03964043 0.00000000 -14174.58742013 -34023.00365440 2876967.90939330
4	37	42
81.00000000 0.00000000 0.00000000 0.00000000 1790.65896082 2396.79628754
0.00000000 81.00000000 0.00000000 -1790.65896082 0.00000000 7616.33882141
0.00000000 0.00000000 81.00000000 -2396.79628754 -7616.33882141 0.00000000
0.00000000 -1790.65896082 -2396.79628754 286164.47104074 501222.55227045 -168567.65599262
1790.65896082 0.00000000 -7616.33882141 501222.55227045 1218832.24401755 55041.68315614
2396.79628754 7616.33882141 0.00000000 -168567.65599262 55041.68315614 1419236.93649722
5	24	42
25.00000000 0.00000000 0.00000000 0.00000000 0.00000000 0.00000000
0.00000000 25.00000000 0.00000000 0.00000000 0.00000000 0.00000000
0.00000000 0.00000000 25.00000000 0.00000000 0.00000000 0.00000000
0.00000000 0.00000000 0.00000000 20000.00000000 0.00000000 0.00000000
0.00000000 0.00000000 0.00000000 0.00000000 20000.00000000 0.00000000
0.00000000 0.00000000 0.00000000 0.00000000 0.00000000 40000.00000000
5	35	42
94.00000000 0.00000000 0.00000000 0.00000000 1938.78150439 -1126.17767334
0.00000000 94.00000000 0.00000000 -1938.78150439 0.00000000 2323.11598969
0.00000000 0.00000000 94.00000000 1126.17767334 -2323.11598969 0.00000000
0.00000000 -1938.78150439 1126.17767334 645818.94199330 949223.85055634 -81364.61628197
1938.78150439 0.00000000 -2323.11598969 949223.85055634 1899499.62242137 -8312.10227678
-1126.17767334 2323.11598969 0.00000000 -81364.61628197 -8312.10227678 2455212.16126269
5	36	42
99.00000000 0.00000000 0.00000000 0.00000000 2054.07014585 -770.27573967
0.00000000 99.00000000 0.00000000 -2054.07014585 0.00000000 2989.58719635
0.00000000 0.00000000 99.00000000 770.27573967 -2989.58719635 0.00000000
0.00000000 -2054.07014585 770.27573967 642972.14711850 972229.73309911 -99424.73653961
2054.07014585 0.00000000 -2989.58719635 972229.73309911 2056820.52043062 1046.32629234
-770.27573967 2989.58719635 0.00000000 -99424.73653961 1046.32629234 2603231.19078866
6	24	42
25.00000000 0.00000000 0.00000000 0.00000000 0.00000000 0.00000000
0.00000000 25.00000000 0.00000000 0.00000000 0.00000000 0.00000000
0.00000000 0.00000000 25.00000000 0.00000000 0.00000000 0.00000000
0.00000000 0.00000000 0.00000000 20000.00000000 0.00000000 0.00000000
0.00000000 0.00000000 0.00000000 0.00000000 20000.00000000 0.00000000
0.00000000 0.00000000 0.00000000 0.00000000 0.00000000 40000.00000000
6	35	42
91.00000000 0.00000000 0.00000000 0.00000000 1460.85204214 -6770.89595413
0.00000000 91.00000000 0.00000000 -1460.85204214 0.00000000 -7852.95999908
0.00000000 0.00000000 91.00000000 6770.89595413 7852.95999908 0.00000000
0.00000000 -1460.85204214 6770.89595413 1023759.50264298 1373773.74291929 19668.69610808
1460.85204214 0.00000000 7852.95999908 1373773.74291929 2475008.37623523 -70137.33526611
-6770.89595413 -7852.95999908 0.00000000 19668.69610808 -70137.33526611 3432166.93045986
7	24	42
25.00000000 0.00000000 0.00000000 0.00000000 0.00000000 0.00000000
0.00000000 25.00000000 0.00000000 0.00000000 0.00000000 0.00000000
0.00000000 0.00000000 25.00000000 0.00000000 0.00000000 0.00000000
0.00000000 0.00000000 0.00000000 20000.00000000 0.00000000 0.00000000
0.00000000 0.00000000 0.00000000 0.00000000 20000.00000000 0.00000000
0.00000000 0.00000000 0.00000000 0.00000000 0.00000000 40000.00000000
7	33	42
42.00000000 0.00000000 0.00000000 0.00000000 797.14108241 -5100.96221161
0.00000000 42.00000000 0.00000000 -797.14108241 0.00000000 -6335.68524170
0.00000000 0.00000000 42.00000000 5100.96221161 6335.68524170 0.00000000
0.00000000 -797.14108241 5100.96221161 645646.77464680 748168.64985210 110443.91763968
797.14108241 0.00000000 6335.68524170 748168.64985210 1047953.09530887 -98910.10851107
-5100.96221161 -6335.68524170 0.00000000 110443.91763968 -98910.10851107 1658780.67729889
7	34	42
59.00000000 0.00000000 0.00000000 0.00000000 1038.76386756 -7000.79127502
0.00000000 59.00000000 0.00000000 -1038.76386756 0.00000000 -9119.43601990
0.00000000 0.00000000 59.00000000 7000.79127502 9119.43601990 0.00000000
0.00000000 -1038.76386756 7000.79127502 874535.92602609 1035776.66430048 146197.87299073
1038.76386756 0.00000000 9119.43601990 1035776.66430048 1557908.70686782 -127286.83896764
-7000.79127502 -9119.43601990 0.00000000 146197.87299073 -127286.83896764 2389528.33335226
7	35	42
73.00000000 0.00000000 0.00000000 0.00000000 1617.95460987 181.59459114
0.00000000 73.00000000 0.00000000 -1617.95460987 0.00000000 5668.11862183
0.00000000 0.00000000 73.00000000 -181.59459114 -5668.11862183 0.00000000
0.00000000 -1617.95460987 -181.59459114 403104.52037778 611541.28971240 -145437.69395897
1617.95460987 0.00000000 -5668.11862183 611541.28971240 1468555.52266880 16502.85426291
181.59459114 5668.11862183 0.00000000 -145437.69395897 16502.85426291 1794672.72606421
8	24	42
25.00000000 0.00000000 0.00000000 0.00000000 0.00000000 0.00000000
0.00000000 25.00000000 0.00000000 0.00000000 0.00000000 0.00000000
0.00000000 0.00000000 25.00000000 0.00000000 0.00000000 0.00000000
0.00000000 0.00000000 0.00000000 20000.00000000 0.00000000 0.00000000
0.00000000 0.00000000 0.00000000 0.00000000 20000.00000000 0.00000000
0.00000000 0.00000000 0.00000000 0.00000000 0.00000000 40000.00000000
8	32	42
84.00000000 0.00000000 0.00000000 0.00000000 1413.04532826 -6515.90754318
0.00000000 84.00000000 0.00000000 -1413.04532826 0.00000000 -5881.54043579
0.00000000 0.00000000 84.00000000 6515.90754318 5881.54043579 0.00000000
0.00000000 -1413.04532826 6515.90754318 928539.56614660 1103886.46032630 40361.54748241
1413.04532826 0.00000000 5881.54043579 1103886.46032630 1977895.55757901 -89407.65063036
-6515.90754318 -5881.54043579 0.00000000 40361.54748241 -89407.65063036 2843484.89553335
8	33	42
89.00000000 0.00000000 0.00000000 0.00000000 1555.52748293 -6165.17261696
0.00000000 89.00000000 0.00000000 -1555.52748293 0.00000000 -4892.73441315
0.00000000 0.00000000 89.00000000 6165.17261696 4892.73441315 0.00000000
0.00000000 -1555.52748293 6165.17261696 962713.84424907 1201160.45050739 -55.09730882
1555.52748293 0.00000000 4892.73441315 1201160.45050739 2192977.66041719 -76502.89042638
-6165.17261696 -4892.73441315 0.00000000 -55.09730882 -76502.89042638 3085537.23093927
9	24	42
25.00000000 0.00000000 0.00000000 0.00000000 0.00000000 0.00000000
0.00000000 25.00000000 0.00000000 0.00000000 0.00000000 0.00000000
0.00000000 0.00000000 25.00000000 0.00000000 0.00000000 0.00000000
0.00000000 0.00000000 0.00000000 20000.00000000 0.00000000 0.00000000
0.00000000 0.00000000 0.00000000 0.00000000 20000.00000000 0.00000000
0.00000000 0.00000000 0.00000000 0.00000000 0.00000000 40000.00000000
9	31	42
69.00000000 0.00000000 0.00000000 0.00000000 1217.86131299 -5427.00892639
0.00000000 69.00000000 0.00000000 -1217.86131299 0.00000000 -4141.55210114
0.00000000 0.00000000 69.00000000 5427.00892639 4141.55210114 0.00000000
0.00000000 -1217.86131299 5427.00892639 827143.78548997 945165.63529690 6699.64728358
1217.86131299 0.00000000 4141.55210114 945165.63529690 1531168.36214938 -67674.23928084
-5427.00892639 -4141.55210114 0.00000000 6699.64728358 -67674.23928084 2302800.95183741
9	32	42
67.00000000 0.00000000 0.00000000 0.00000000 1023.16462147 -7748.94461060
0.00000000 67.00000000 0.00000000 -1023.16462147 0.00000000 -8324.07635498
0.00000000 0.00000000 67.00000000 7748.94461060 8324.07635498 0.00000000
0.00000000 -1023.16462147 7748.94461060 974055.60606484 1004637.65709940 109617.05636147
1023.16462147 0.00000000 8324.07635498 1004637.65709940 1294903.67479838 -115969.43118788
-7748.94461060 -8324.07635498 0.00000000 109617.05636147 -115969.43118788 2230862.66152064
10	24	42
25.00000000 0.00000000 0.00000000 0.00000000 0.00000000 0.00000000
0.00000000 25.00000000 0.00000000 0.00000000 0.00000000 0.00000000
0.00000000 0.00000000 25.00000000 0.00000000 0.00000000 0.00000000
0.00000000 0.00000000 0.00000000 20000.00000000 0.00000000 0.00000000
0.00000000 0.00000000 0.00000000 0.00000000 20000.00000000 0.00000000
0.00000000 0.00000000 0.00000000 0.00000000 0.00000000 40000.00000000
10	30	42
71.00000000 0.00000000 0.00000000 0.00000000 1179.05730915 -6604.30730438
0.00000000 71.00000000 0.00000000 -1179.05730915 0.00000000 -6368.15515900
0.00000000 0.00000000 71.00000000 6604.30730438 6368.15515900 0.00000000
0.00000000 -1179.05730915 6604.30730438 853196.89183232 925962.45519615 47123.45224476
1179.05730915 0.00000000 6368.15515900 925962.45519615 1475477.44257904 -91088.79397624
-6604.30730438 -6368.15515900 0.00000000 47123.45224476 -91088.79397624 2275694.99765004
10	31	42
86.00000000 0.00000000 0.00000000 0.00000000 1522.00262511 -7246.40524292
0.00000000 86.00000000 0.00000000 -1522.00262511 0.00000000 -5849.18904877
0.00000000 0.00000000 86.00000000 7246.40524292 5849.18904877 0.00000000
0.00000000 -1522.00262511 7246.40524292 984721.21179951 1084029.22172117 25838.65431203
1522.00262511 0.00000000 5849.18904877 1084029.22172117 1830450.70166872 -100916.48054317
-7246.40524292 -5849.18904877 0.00000000 25838.65431203 -100916.48054317 2744697.02883952
11	24	42
25.00000000 0.00000000 0.00000000 0.00000000 0.00000000 0.00000000
0.00000000 25.00000000 0.00000000 0.00000000 0.00000000 0.00000000
0.00000000 0.00000000 25.00000000 0.00000000 0.00000000 0.00000000
0.00000000 0.00000000 0.00000000 20000.00000000 0.00000000 0.00000000
0.00000000 0.00000000 0.00000000 0.00000000 20000.00000000 0.00000000
0.00000000 0.00000000 0.00000000 0.00000000 0.00000000 40000.00000000
11	29	42
73.00000000 0.00000000 0.00000000 0.00000000 1084.89393967 -7386.62596703
0.00000000 73.00000000 0.00000000 -1084.89393967 0.00000000 -8985.63404465
0.00000000 0.00000000 73.00000000 7386.62596703 8985.63404465 0.00000000
0.00000000 -1084.89393967 7386.62596703 814376.04206326 837124.60001844 122034.34278356
1084.89393967 0.00000000 8985.63404465 837124.60001844 1374350.09712030 -117055.37062380
-7386.62596703 -8985.63404465 0.00000000 122034.34278356 -117055.37062380 2148241.63610620
11	30	42
66.00000000 0.00000000 0.00000000 0.00000000 1113.69734800 -6522.40494919
0.00000000 66.00000000 0.00000000 -1113.69734800 0.00000000 -8069.96261597
0.00000000 0.00000000 66.00000000 6522.40494919 8069.96261597 0.00000000
0.00000000 -1113.69734800 6522.40494919 720345.15999871 765600.20262834 122778.33549994
1113.69734800 0.00000000 8069.96261597 765600.20262834 1269115.96251458 -117020.04194385
-6522.40494919 -8069.96261597 0.00000000 122778.33549994 -117020.04194385 1943783.90412834
12	24	42
25.00000000 0.00000000 0.00000000 0.00000000 0.00000000 0.00000000
0.00000000 25.00000000 0.00000000 0.00000000 0.00000000 0.00000000
0.00000000 0.00000000 25.00000000 0.00000000 0.00000000 0.00000000
0.00000000 0.00000000 0.00000000 20000.00000000 0.00000000 0.00000000
0.00000000 0.00000000 0.00000000 0.00000000 20000.00000000 0.00000000
0.00000000 0.00000000 0.00000000 0.00000000 0.00000000 40000.00000000
12	29	42
64.00000000 0.00000000 0.00000000 0.00000000 1033.01346493 -6269.36450195
0.00000000 64.00000000 0.00000000 -1033.01346493 0.00000000 -7345.59565735
0.00000000 0.00000000 64.00000000 6269.36450195 7345.59565735 0.00000000
0.00000000 -1033.01346493 6269.36450195 656217.19592790 696996.22728920 113866.79514869
1033.01346493 0.00000000 7345.59565735 696996.22728920 947602.05758094 -104399.42999596
-6269.36450195 -7345.59565735 0.00000000 113866.79514869 -104399.42999596 1563554.96181105
13	24	42
25.00000000 0.00000000 0.00000000 0.00000000 0.00000000 0.00000000
0.00000000 25.00000000 0.00000000 0.00000000 0.00000000 0.00000000
0.00000000 0.00000000 25.00000000 0.00000000 0.00000000 0.00000000
0.00000000 0.00000000 0.00000000 20000.00000000 0.00000000 0.00000000
0.00000000 0.00000000 0.00000000 0.00000000 20000.00000000 0.00000000
0.00000000 0.00000000 0.00000000 0.00000000 0.00000000 40000.00000000
13	28	42
69.00000000 0.00000000 0.00000000 0.00000000 1136.26043141 -5789.81055498
0.00000000 69.00000000 0.00000000 -1136.26043141 0.00000000 -7905.50153732
0.00000000 0.00000000 69.00000000 5789.81055498 7905.50153732 0.00000000
0.00000000 -1136.26043141 5789.81055498 524283.46143856 645669.99424436 128950.13882994
1136.26043141 0.00000000 7905.50153732 645669.99424436 965798.25216087 -97176.26740772
-5789.81055498 -7905.50153732 0.00000000 128950.13882994 -97176.26740772 1444922.44932133
13	29	42
69.00000000 0.00000000 0.00000000 0.00000000 1155.31205517 -5560.22435284
0.00000000 69.00000000 0.00000000 -1155.31205517 0.00000000 -8288.23561859
0.00000000 0.00000000 69.00000000 5560.22435284 8288.23561859 0.00000000
0.00000000 -1155.31205517 5560.22435284 508913.16468973 626428.73351898 130559.22138795
1155.31205517 0.00000000 8288.23561859 626428.73351898 1071766.46460385 -98479.18432069
-5560.22435284 -8288.23561859 0.00000000 130559.22138795 -98479.18432069 1534080.25984094
14	24	42
25.00000000 0.00000000 0.00000000 0.00000000 0.00000000 0.00000000
0.00000000 25.00000000 0.00000000 0.00000000 0.00000000 0.00000000
0.00000000 0.00000000 25.00000000 0.00000000 0.00000000 0.00000000
0.00000000 0.00000000 0.00000000 20000.00000000 0.00000000 0.00000000
0.00000000 0.00000000 0.00000000 0.00000000 20000.00000000 0.00000000
0.00000000 0.00000000 0.00000000 0.00000000 0.00000000 40000.00000000
14	28	42
66.00000000 0.00000000 0.00000000 0.00000000 810.61726367 -3268.28322887
0.00000000 66.00000000 0.00000000 -810.61726367 0.00000000 -8752.50091553
0.00000000 0.00000000 66.00000000 3268.28322887 8752.50091553 0.00000000
0.00000000 -810.61726367 3268.28322887 298274.26622166 323313.48067871 92908.66206590
810.61726367 0.00000000 8752.50091553 323313.48067871 1282646.10759726 -54947.41737626
-3268.28322887 -8752.50091553 0.00000000 92908.66206590 -54947.41737626 1551959.87813508
15	24	42
25.00000000 0.00000000 0.00000000 0.00000000 0.00000000 0.00000000
0.00000000 25.00000000 0.00000000 0.00000000 0.00000000 0.00000000
0.00000000 0.00000000 25.00000000 0.00000000 0.00000000 0.00000000
0.00000000 0.00000000 0.00000000 20000.00000000 0.00000000 0.00000000
0.00000000 0.00000000 0.00000000 0.00000000 20000.00000000 0.00000000
0.00000000 0.00000000 0.00000000 0.00000000 0.00000000 40000.00000000
15	27	42
63.00000000 0.00000000 0.00000000 0.00000000 794.31068921 -2624.75216293
0.00000000 63.00000000 0.00000000 -794.31068921 0.00000000 -7504.63641357
0.00000000 0.00000000 63.00000000 2624.75216293 7504.63641357 0.00000000
0.00000000 -794.31068921 2624.75216293 260404.22935125 199132.92586310 86103.23568227
794.31068921 0.00000000 7504.63641357 199132.92586310 1049481.58528913 -46473.55253106
-2624.75216293 -7504.63641357 0.00000000 86103.23568227 -46473.55253106 1280370.37150438
15	28	42
57.00000000 0.00000000 0.00000000 0.00000000 703.88050002 -2468.69586945
0.00000000 57.00000000 0.00000000 -703.88050002 0.00000000 -6840.73497009
0.00000000 0.00000000 57.00000000 2468.69586945 6840.73497009 0.00000000
0.00000000 -703.88050002 2468.69586945 223841.07441842 209148.16226066 76581.30878613
703.88050002 0.00000000 6840.73497009 209148.16226066 930854.81926205 -41327.36398962
-2468.69586945 -6840.73497009 0.00000000 76581.30878613 -41327.36398962 1130472.56811468
16	24	42
25.00000000 0.00000000 0.00000000 0.00000000 0.00000000 0.00000000
0.00000000 25.00000000 0.00000000 0.00000000 0.00000000 0.00000000
0.00000000 0.00000000 25.00000000 0.00000000 0.00000000 0.00000000
0.00000000 0.00000000 0.00000000 20000.00000000 0.00000000 0.00000000
0.00000000 0.00000000 0.00000000 0.00000000 20000.00000000 0.00000000
0.00000000 0.00000000 0.00000000 0.00000000 0.00000000 40000.00000000
16	27	42
64.00000000 0.00000000 0.00000000 0.00000000 886.10031676 -2165.30696201
0.00000000 64.00000000 0.00000000 -886.10031676 0.00000000 -7343.70551300
0.00000000 0.00000000 64.00000000 2165.30696201 7343.70551300 0.00000000
0.00000000 -886.10031676 2165.30696201 174246.97766737 203797.18581834 94718.23867380
886.10031676 0.00000000 7343.70551300 203797.18581834 892895.24539314 -37320.27383082
-2165.30696201 -7343.70551300 0.00000000 94718.23867380 -37320.27383082 1035821.00122043
17	24	42
25.00000000 0.00000000 0.00000000 0.00000000 0.00000000 0.00000000
0.00000000 25.00000000 0.00000000 0.00000000 0.00000000 0.00000000
0.00000000 0.00000000 25.00000000 0.00000000 0.00000000 0.00000000
0.00000000 0.00000000 0.00000000 20000.00000000 0.00000000 0.00000000
0.00000000 0.00000000 0.00000000 0.00000000 20000.00000000 0.00000000
0.00000000 0.00000000 0.00000000 0.00000000 0.00000000 40000.00000000
17	26	42
62.00000000 0.00000000 0.00000000 0.00000000 750.65018904 -1826.02914405
0.00000000 62.00000000 0.00000000 -750.65018904 0.00000000 -6517.19552231
0.00000000 0.00000000 62.00000000 1826.02914405 6517.19552231 0.00000000
0.00000000 -750.65018904 1826.02914405 152777.71652781 147806.86617619 74836.75684932
750.65018904 0.00000000 6517.19552231 147806.86617619 726445.96515511 -28262.45095011
-1826.02914405 -6517.19552231 0.00000000 74836.75684932 -28262.45095011 856138.46049983
17	27	42
60.00000000 0.00000000 0.00000000 0.00000000 855.88313568 -2203.14215279
0.00000000 60.00000000 0.00000000 -855.88313568 0.00000000 -6047.09789276
0.00000000 0.00000000 60.00000000 2203.14215279 6047.09789276 0.00000000
0.00000000 -855.88313568 2203.14215279 134802.65708384 199388.88572309 83845.11341786
855.88313568 0.00000000 6047.09789276 199388.88572309 641505.36097470 -33865.77556285
-2203.14215279 -6047.09789276 0.00000000 83845.11341786 -33865.77556285 747209.37127568
18	24	42
25.00000000 0.00000000 0.00000000 0.00000000 0.00000000 0.00000000
0.00000000 25.00000000 0.00000000 0.00000000 0.00000000 0.00000000
0.00000000 0.00000000 25.00000000 0.00000000 0.00000000 0.00000000
0.00000000 0.00000000 0.00000000 20000.00000000 0.00000000 0.00000000
0.00000000 0.00000000 0.00000000 0.00000000 20000.00000000 0.00000000
0.00000000 0.00000000 0.00000000 0.00000000 0.00000000 40000.00000000
18	26	42
59.00000000 0.00000000 0.00000000 0.00000000 673.34277153 -1218.07596052
0.00000000 59.00000000 0.00000000 -673.34277153 0.00000000 -5814.70220566
0.00000000 0.00000000 59.00000000 1218.07596052 5814.70220566 0.00000000
0.00000000 -673.34277153 1218.07596052 176701.63995640 48426.22895794 63063.76182568
673.34277153 0.00000000 5814.70220566 48426.22895794 632478.61797951 -20983.60920097
-1218.07596052 -5814.70220566 0.00000000 63063.76182568 -20983.60920097 789752.56109932
19	24	42
25.00000000 0.00000000 0.00000000 0.00000000 0.00000000 0.00000000
0.00000000 25.00000000 0.00000000 0.00000000 0.00000000 0.00000000
0.00000000 0.00000000 25.00000000 0.00000000 0.00000000 0.00000000
0.00000000 0.00000000 0.00000000 20000.00000000 0.00000000 0.00000000
0.00000000 0.00000000 0.00000000 0.00000000 20000.00000000 0.00000000
0.00000000 0.00000000 0.00000000 0.00000000 0.00000000 40000.00000000
19	26	42
45.00000000 0.00000000 0.00000000 0.00000000 496.71261835 -1301.00803328
0.00000000 45.00000000 0.00000000 -496.71261835 0.00000000 -3635.90438652
0.00000000 0.00000000 45.00000000 1301.00803328 3635.90438652 0.00000000
0.00000000 -496.71261835 1301.00803328 116458.55271235 67466.80720208 40025.39476443
496.71261835 0.00000000 3635.90438652 67466.80720208 341697.68607035 -16713.22369642
-1301.00803328 -3635.90438652 0.00000000 40025.39476443 -16713.22369642 445383.22592324
20	24	42
25.00000000 0.00000000 0.00000000 0.00000000 0.00000000 0.00000000
0.00000000 25.00000000 0.00000000 0.00000000 0.00000000 0.00000000
0.00000000 0.00000000 25.00000000 0.00000000 0.00000000 0.00000000
0.00000000 0.00000000 0.00000000 20000.00000000 0.00000000 0.00000000
0.00000000 0.00000000 0.00000000 0.00000000 20000.00000000 0.00000000
0.00000000 0.00000000 0.00000000 0.00000000 0.00000000 40000.00000000
21	24	42
25.00000000 0.00000000 0.00000000 0.00000000 0.00000000 0.00000000
0.00000000 25.00000000 0.00000000 0.00000000 0.00000000 0.00000000
0.00000000 0.00000000 25.00000000 0.00000000 0.00000000 0.00000000
0.00000000 0.00000000 0.00000000 20000.00000000 0.00000000 0.00000000
0.00000000 0.00000000 0.00000000 0.00000000 20000.00000000 0.00000000
0.00000000 0.00000000 0.00000000 0.00000000 0.00000000 40000.00000000
22	24	42
25.00000000 0.00000000 0.00000000 0.00000000 0.00000000 0.00000000
0.00000000 25.00000000 0.00000000 0.00000000 0.00000000 0.00000000
0.00000000 0.00000000 25.00000000 0.00000000 0.00000000 0.00000000
0.00000000 0.00000000 0.00000000 20000.00000000 0.00000000 0.00000000
0.00000000 0.00000000 0.00000000 0.00000000 20000.00000000 0.00000000
0.00000000 0.00000000 0.00000000 0.00000000 0.00000000 40000.00000000
23	24	42
25.00000000 0.00000000 0.00000000 0.00000000 0.00000000 0.00000000
0.00000000 25.00000000 0.00000000 0.00000000 0.00000000 0.00000000
0.00000000 0.00000000 25.00000000 0.00000000 0.00000000 0.00000000
0.00000000 0.00000000 0.00000000 20000.00000000 0.00000000 0.00000000
0.00000000 0.00000000 0.00000000 0.00000000 20000.00000000 0.00000000
0.00000000 0.00000000 0.00000000 0.00000000 0.00000000 40000.00000000
25	26	42
25.00000000 0.00000000 0.00000000 0.00000000 0.00000000 0.00000000
0.00000000 25.00000000 0.00000000 0.00000000 0.00000000 0.00000000
0.00000000 0.00000000 25.00000000 0.00000000 0.00000000 0.00000000
0.00000000 0.00000000 0.00000000 20000.00000000 0.00000000 0.00000000
0.00000000 0.00000000 0.00000000 0.00000000 20000.00000000 0.00000000
0.00000000 0.00000000 0.00000000 0.00000000 0.00000000 40000.00000000
25	27	42
25.00000000 0.00000000 0.00000000 0.00000000 0.00000000 0.00000000
0.00000000 25.00000000 0.00000000 0.00000000 0.00000000 0.00000000
0.00000000 0.00000000 25.00000000 0.00000000 0.00000000 0.00000000
0.00000000 0.00000000 0.00000000 20000.00000000 0.00000000 0.00000000
0.00000000 0.00000000 0.00000000 0.00000000 20000.00000000 0.00000000
0.00000000 0.00000000 0.00000000 0.00000000 0.00000000 40000.00000000
25	28	42
25.00000000 0.00000000 0.00000000 0.00000000 0.00000000 0.00000000
0.00000000 25.00000000 0.00000000 0.00000000 0.00000000 0.00000000
0.00000000 0.00000000 25.00000000 0.00000000 0.00000000 0.00000000
0.00000000 0.00000000 0.00000000 20000.00000000 0.00000000 0.00000000
0.00000000 0.00000000 0.00000000 0.00000000 20000.00000000 0.00000000
0.00000000 0.00000000 0.00000000 0.00000000 0.00000000 40000.00000000
25	29	42
25.00000000 0.00000000 0.00000000 0.00000000 0.00000000 0.00000000
0.00000000 25.00000000 0.00000000 0.00000000 0.00000000 0.00000000
0.00000000 0.00000000 25.00000000 0.00000000 0.00000000 0.00000000
0.00000000 0.00000000 0.00000000 20000.00000000 0.00000000 0.00000000
0.00000000 0.00000000 0.00000000 0.00000000 20000.00000000 0.00000000
0.00000000 0.00000000 0.00000000 0.00000000 0.00000000 40000.00000000
25	30	42
25.00000000 0.00000000 0.00000000 0.00000000 0.00000000 0.00000000
0.00000000 25.00000000 0.00000000 0.00000000 0.00000000 0.00000000
0.00000000 0.00000000 25.00000000 0.00000000 0.00000000 0.00000000
0.00000000 0.00000000 0.00000000 20000.00000000 0.00000000 0.00000000
0.00000000 0.00000000 0.00000000 0.00000000 20000.00000000 0.00000000
0.00000000 0.00000000 0.00000000 0.00000000 0.00000000 40000.00000000
25	31	42
25.00000000 0.00000000 0.00000000 0.00000000 0.00000000 0.00000000
0.00000000 25.00000000 0.00000000 0.00000000 0.00000000 0.00000000
0.00000000 0.00000000 25.00000000 0.00000000 0.00000000 0.00000000
0.00000000 0.00000000 0.00000000 20000.00000000 0.00000000 0.00000000
0.00000000 0.00000000 0.00000000 0.00000000 20000.00000000 0.00000000
0.00000000 0.00000000 0.00000000 0.00000000 0.00000000 40000.00000000
25	32	42
25.00000000 0.00000000 0.00000000 0.00000000 0.00000000 0.00000000
0.00000000 25.00000000 0.00000000 0.00000000 0.00000000 0.00000000
0.00000000 0.00000000 25.00000000 0.00000000 0.00000000 0.00000000
0.00000000 0.00000000 0.00000000 20000.00000000 0.00000000 0.00000000
0.00000000 0.00000000 0.00000000 0.00000000 20000.00000000 0.00000000
0.00000000 0.00000000 0.00000000 0.00000000 0.00000000 40000.00000000
25	33	42
25.00000000 0.00000000 0.00000000 0.00000000 0.00000000 0.00000000
0.00000000 25.00000000 0.00000000 0.00000000 0.00000000 0.00000000
0.00000000 0.00000000 25.00000000 0.00000000 0.00000000 0.00000000
0.00000000 0.00000000 0.00000000 20000.00000000 0.00000000 0.00000000
0.00000000 0.00000000 0.00000000 0.00000000 20000.00000000 0.00000000
0.00000000 0.00000000 0.00000000 0.00000000 0.00000000 40000.00000000
25	34	42
25.00000000 0.00000000 0.00000000 0.00000000 0.00000000 0.00000000
0.00000000 25.00000000 0.00000000 0.00000000 0.00000000 0.00000000
0.00000000 0.00000000 25.00000000 0.00000000 0.00000000 0.00000000
0.00000000 0.00000000 0.00000000 20000.00000000 0.00000000 0.00000000
0.00000000 0.00000000 0.00000000 0.00000000 20000.00000000 0.00000000
0.00000000 0.00000000 0.00000000 0.00000000 0.00000000 40000.00000000
25	35	42
25.00000000 0.00000000 0.00000000 0.00000000 0.00000000 0.00000000
0.00000000 25.00000000 0.00000000 0.00000000 0.00000000 0.00000000
0.00000000 0.00000000 25.00000000 0.00000000 0.00000000 0.00000000
0.00000000 0.00000000 0.00000000 20000.00000000 0.00000000 0.00000000
0.00000000 0.00000000 0.00000000 0.00000000 20000.00000000 0.00000000
0.00000000 0.00000000 0.00000000 0.00000000 0.00000000 40000.00000000
25	36	42
25.00000000 0.00000000 0.00000000 0.00000000 0.00000000 0.00000000
0.00000000 25.00000000 0.00000000 0.00000000 0.00000000 0.00000000
0.00000000 0.00000000 25.00000000 0.00000000 0.00000000 0.00000000
0.00000000 0.00000000 0.00000000 20000.00000000 0.00000000 0.00000000
0.00000000 0.00000000 0.00000000 0.00000000 20000.00000000 0.00000000
0.00000000 0.00000000 0.00000000 0.00000000 0.00000000 40000.00000000
25	37	42
25.00000000 0.00000000 0.00000000 0.00000000 0.00000000 0.00000000
0.00000000 25.00000000 0.00000000 0.00000000 0.00000000 0.00000000
0.00000000 0.00000000 25.00000000 0.00000000 0.00000000 0.00000000
0.00000000 0.00000000 0.00000000 20000.00000000 0.00000000 0.00000000
0.00000000 0.00000000 0.00000000 0.00000000 20000.00000000 0.00000000
0.00000000 0.00000000 0.00000000 0.00000000 0.00000000 40000.00000000
25	38	42
25.00000000 0.00000000 0.00000000 0.00000000 0.00000000 0.00000000
0.00000000 25.00000000 0.00000000 0.00000000 0.00000000 0.00000000
0.00000000 0.00000000 25.00000000 0.00000000 0.00000000 0.00000000
0.00000000 0.00000000 0.00000000 20000.00000000 0.00000000 0.00000000
0.00000000 0.00000000 0.00000000 0.00000000 20000.00000000 0.00000000
0.00000000 0.00000000 0.00000000 0.00000000 0.00000000 40000.00000000
25	39	42
25.00000000 0.00000000 0.00000000 0.00000000 0.00000000 0.00000000
0.00000000 25.00000000 0.00000000 0.00000000 0.00000000 0.00000000
0.00000000 0.00000000 25.00000000 0.00000000 0.00000000 0.00000000
0.00000000 0.00000000 0.00000000 20000.00000000 0.00000000 0.00000000
0.00000000 0.00000000 0.00000000 0.00000000 20000.00000000 0.00000000
0.00000000 0.00000000 0.00000000 0.00000000 0.00000000 40000.00000000
25	40	42
25.00000000 0.00000000 0.00000000 0.00000000 0.00000000 0.00000000
0.00000000 25.00000000 0.00000000 0.00000000 0.00000000 0.00000000
0.00000000 0.00000000 25.00000000 0.00000000 0.00000000 0.00000000
0.00000000 0.00000000 0.00000000 20000.00000000 0.00000000 0.00000000
0.00000000 0.00000000 0.00000000 0.00000000 20000.00000000 0.00000000
0.00000000 0.00000000 0.00000000 0.00000000 0.00000000 40000.00000000
