0	1	42
0.98971914 -0.14293234 0.00513536 -5.11107660
0.14285746 0.98966051 0.01279944 -0.26279926
-0.00691172 -0.01193422 0.99990490 -0.13596695
0.00000000 0.00000000 0.00000000 1.00000000
1	2	42
0.99753631 -0.07011864 -0.00216504 -5.10023145
0.07012238 0.99753694 0.00170235 -0.27125866
0.00204034 -0.00184998 0.99999621 -0.19709649
0.00000000 0.00000000 0.00000000 1.00000000
2	3	42
0.97440519 0.22479772 -0.00071549 -5.04548822
-0.22479546 0.97436807 -0.00859393 0.70125333
-0.00123474 0.00853481 0.99996282 -0.16249902
0.00000000 0.00000000 0.00000000 1.00000000
3	4	42
0.99997865 -0.00404474 0.00513301 -5.14196835
0.00403096 0.99998825 0.00269297 0.07601474
-0.00514384 -0.00267222 0.99998320 -0.16708449
0.00000000 0.00000000 0.00000000 1.00000000
4	5	42
0.99991089 -0.01227684 -0.00524357 -5.10470760
0.01229111 0.99992082 0.00269834 -0.01000567
0.00521003 -0.00276255 0.99998261 -0.18745073
0.00000000 0.00000000 0.00000000 1.00000000
5	6	42
0.99966520 0.00207419 0.02579138 -5.17556906
-0.00209048 0.99999763 0.00060482 0.05672244
-0.02579007 -0.00065853 0.99966716 -0.09065961
0.00000000 0.00000000 0.00000000 1.00000000
6	7	42
0.99951722 0.01027897 -0.02932000 -5.17598687
-0.01041210 0.99993615 -0.00439148 0.05896064
0.02927298 0.00469464 0.99956043 -0.38735276
0.00000000 0.00000000 0.00000000 1.00000000
7	8	42
0.99991886 0.00899855 0.00901700 -5.04900064
-0.00901400 0.99995797 0.00167365 0.08938466
-0.00900156 -0.00175479 0.99995795 -0.14322398
0.00000000 0.00000000 0.00000000 1.00000000
8	9	42
0.99995049 -0.00345143 0.00933265 -5.08464656
0.00346886 0.99999227 -0.00185180 0.04584750
-0.00932619 0.00188408 0.99995474 -0.13760465
0.00000000 0.00000000 0.00000000 1.00000000
9	10	42
0.99881768 0.04847525 -0.00366026 -5.26734445
-0.04849255 0.99881204 -0.00479334 0.13088452
0.00342355 0.00496517 0.99998181 -0.21580305
0.00000000 0.00000000 0.00000000 1.00000000
10	11	42
0.99725609 0.07318597 -0.01113999 -5.21077009
-0.07319616 0.99731743 -0.00050928 0.23242037
0.01107284 0.00132329 0.99993782 -0.23299874
0.00000000 0.00000000 0.00000000 1.00000000
11	12	42
0.99597030 0.08963006 0.00310015 -5.14154966
-0.08962847 0.99597506 -0.00064582 0.29853960
-0.00314555 0.00036536 0.99999499 -0.16220312
0.00000000 0.00000000 0.00000000 1.00000000
12	13	42
0.99069372 0.13600038 0.00546430 -5.15513144
-0.13596199 0.99069021 -0.00687344 0.41890339
-0.00634822 0.00606654 0.99996145 -0.14609859
0.00000000 0.00000000 0.00000000 1.00000000
13	14	42
0.99145669 0.13021660 0.00756798 -5.16196217
-0.13016829 0.99147020 -0.00656196 0.39438816
-0.00835791 0.00552079 0.99994983 -0.15445994
0.00000000 0.00000000 0.00000000 1.00000000
14	15	42
0.99362154 0.11273214 0.00277653 -5.03890491
-0.11270837 0.99359909 -0.00759366 0.33219178
-0.00361481 0.00723229 0.99996731 -0.15687459
0.00000000 0.00000000 0.00000000 1.00000000
15	16	42
0.99463601 0.10324350 0.00632412 -5.30674684
-0.10320795 0.99464340 -0.00571105 0.34582084
-0.00687988 0.00502772 0.99996369 -0.16439650
0.00000000 0.00000000 0.00000000 1.00000000
16	17	42
0.99811584 0.06127161 -0.00324831 -5.22510896
-0.06124844 0.99809932 0.00680954 0.29903122
0.00365936 -0.00659776 0.99997154 -0.18933551
0.00000000 0.00000000 0.00000000 1.00000000
17	18	42
0.99994298 0.00658802 -0.00840389 -5.10733681
-0.00655578 0.99997107 0.00385791 0.06229581
0.00842906 -0.00380259 0.99995724 -0.19286839
0.00000000 0.00000000 0.00000000 1.00000000
18	19	42
0.99998530 0.00228933 0.00491461 -5.21247107
-0.00225006 0.99996563 -0.00798012 0.03271982
-0.00493271 0.00796895 0.99995608 -0.15116309
0.00000000 0.00000000 0.00000000 1.00000000
19	20	42
0.99947237 0.00695756 0.03172661 -5.30626534
-0.00675715 0.99995656 -0.00641946 0.03284901
-0.03176990 0.00620170 0.99947597 -0.06222890
0.00000000 0.00000000 0.00000000 1.00000000
20	21	42
0.99957490 0.01362550 -0.02577537 -5.13171984
-0.01376953 0.99989051 -0.00541844 0.11775125
0.02569872 0.00577105 0.99965308 -0.39542461
0.00000000 0.00000000 0.00000000 1.00000000
21	22	42
0.99991136 0.01205619 -0.00565053 -5.05538089
-0.01207233 0.99992312 -0.00283149 0.04498115
0.00561595 0.00289945 0.99998003 -0.17002429
0.00000000 0.00000000 0.00000000 1.00000000
22	23	42
0.99990147 0.01403724 -0.00000832 -5.09817245
-0.01403723 0.99989991 -0.00176615 0.07632554
-0.00001648 0.00176609 0.99999844 -0.16689478
0.00000000 0.00000000 0.00000000 1.00000000
23	24	42
0.99675648 -0.06647861 -0.04535533 -10.15097731
0.06524319 0.99747091 -0.02819755 -0.11581061
0.04711516 0.02514697 0.99857288 -0.38412711
0.00000000 0.00000000 0.00000000 1.00000000
25	26	42
-0.99757047 -0.06966189 0.00040832 -6.91812347
0.06958522 -0.99671541 -0.04142565 -2.96516237
0.00329277 -0.04129660 0.99914151 6.03888938
0.00000000 0.00000000 0.00000000 1.00000000
26	27	42
0.97646632 0.21515472 -0.01489849 5.10873366
-0.21532049 0.97648614 -0.01057855 -0.10542392
0.01227214 0.01353755 0.99983305 -0.02472866
0.00000000 0.00000000 0.00000000 1.00000000
27	28	42
0.99654952 0.08185757 0.01372540 4.41873956
-0.08182988 0.99664300 -0.00256823 2.51596742
-0.01388955 0.00143622 0.99990250 0.12302630
0.00000000 0.00000000 0.00000000 1.00000000
28	29	42
0.99989385 0.01110981 0.00942697 3.91288157
-0.01127147 0.99978728 0.01727296 3.75601252
-0.00923307 -0.01737738 0.99980637 0.01338932
0.00000000 0.00000000 0.00000000 1.00000000
29	30	42
0.99184136 0.12580540 0.02058430 3.93036671
-0.12571934 0.99205100 -0.00542795 3.95449909
-0.02110354 0.00279582 0.99977339 0.11087164
0.00000000 0.00000000 0.00000000 1.00000000
30	31	42
0.99706565 0.07557332 0.01219699 3.18373077
-0.07531579 0.99695210 -0.02034817 3.89047890
-0.01369760 0.01936984 0.99971855 0.15777349
0.00000000 0.00000000 0.00000000 1.00000000
31	32	42
0.99898366 0.01331652 -0.04306175 2.39127479
-0.01361158 0.99988580 -0.00656613 4.45079291
0.04296939 0.00714560 0.99905084 0.21334431
0.00000000 0.00000000 0.00000000 1.00000000
32	33	42
0.99991283 0.00152993 -0.01311463 2.28565881
-0.00149468 0.99999525 0.00269667 4.54452249
0.01311869 -0.00267684 0.99991036 -0.13465037
0.00000000 0.00000000 0.00000000 1.00000000
33	34	42
0.99995346 0.00776957 0.00571913 2.38669679
-0.00781304 0.99994047 0.00761643 5.11823961
-0.00565961 -0.00766076 0.99995464 0.00021010
0.00000000 0.00000000 0.00000000 1.00000000
34	35	42
0.99402377 0.09736330 -0.04936729 1.66628495
-0.09745400 0.99523987 0.00057219 4.81456362
0.04918801 0.00424227 0.99878053 0.12655169
0.00000000 0.00000000 0.00000000 1.00000000
35	36	42
0.99541489 0.08401671 0.04572075 0.87489927
-0.08385466 0.99646307 -0.00545432 5.21051441
-0.04601729 0.00159542 0.99893937 0.03078383
0.00000000 0.00000000 0.00000000 1.00000000
36	37	42
0.99958136 0.00626603 0.02824597 -0.31261955
-0.00620388 0.99997814 -0.00228749 5.04872445
-0.02825969 0.00211130 0.99959839 0.03084149
0.00000000 0.00000000 0.00000000 1.00000000
37	38	42
0.99930275 0.00102612 -0.03732233 -0.42351462
-0.00029152 0.99980623 0.01968284 5.08798739
0.03733529 -0.01965823 0.99910942 -0.08140399
0.00000000 0.00000000 0.00000000 1.00000000
38	39	42
0.99997266 -0.00007655 -0.00739472 -0.07392882
0.00016805 0.99992343 0.01237378 5.19560223
0.00739321 -0.01237469 0.99989610 0.08689466
0.00000000 0.00000000 0.00000000 1.00000000
39	40	42
0.99987737 -0.00417629 0.01509298 0.38974941
0.00440196 0.99987856 -0.01494926 5.29671116
-0.01502872 0.01501386 0.99977434 0.09858229
0.00000000 0.00000000 0.00000000 1.00000000
40	41	42
0.99999252 -0.00385762 -0.00029324 0.42709661
0.00385754 0.99999253 -0.00025846 5.06839785
0.00029424 0.00025733 0.99999992 0.06669221
0.00000000 0.00000000 0.00000000 1.00000000
