0	0	42
0.65283403 -0.75497270 -0.06183816 101.79068128
0.75693731 0.64702225 0.09169577 52.90527980
-0.02921714 -0.10666973 0.99386515 -2.57602227
0.00000000 0.00000000 0.00000000 1.00000000
1	1	42
0.53509613 -0.84161820 -0.07315013 98.76317934
0.84346222 0.52739272 0.10211956 48.72478699
-0.04736684 -0.11634315 0.99207896 -2.62429848
0.00000000 0.00000000 0.00000000 1.00000000
2	2	42
0.46986810 -0.87966379 -0.07359072 96.28161431
0.88087992 0.46184335 0.10368842 44.17899042
-0.05722357 -0.11354447 0.99188362 -2.33520279
0.00000000 0.00000000 0.00000000 1.00000000
3	3	42
0.66343126 -0.74565506 -0.06210878 93.12611022
0.74732117 0.65622612 0.10429931 40.21679865
-0.03701391 -0.11561063 0.99260473 -2.17608309
0.00000000 0.00000000 0.00000000 1.00000000
4	4	42
0.66075727 -0.74807740 -0.06148194 89.72641345
0.74922029 0.65236324 0.11441665 36.38620496
-0.04548396 -0.12166515 0.99152852 -2.21594448
0.00000000 0.00000000 0.00000000 1.00000000
5	5	42
0.65337416 -0.75420833 -0.06536058 86.37977273
0.75599955 0.64552952 0.10842658 32.63963556
-0.03958405 -0.12025569 0.99195346 -2.09124367
0.00000000 0.00000000 0.00000000 1.00000000
6	6	42
0.64452838 -0.76309614 -0.04761770 83.24238237
0.76197283 0.63594413 0.12236209 28.69418028
-0.06309184 -0.11514923 0.99134256 -1.81689457
0.00000000 0.00000000 0.00000000 1.00000000
7	7	42
0.65332722 -0.75546214 -0.04940145 79.97971500
0.75604270 0.64763781 0.09468211 24.43923161
-0.03953450 -0.09920800 0.99428104 -1.63465943
0.00000000 0.00000000 0.00000000 1.00000000
8	8	42
0.66547229 -0.74528134 -0.04125953 76.69868119
0.74493592 0.65964450 0.09969753 20.55389060
-0.04708609 -0.09708165 0.99416199 -1.49744838
0.00000000 0.00000000 0.00000000 1.00000000
9	9	42
0.66315047 -0.74790422 -0.02950811 73.40274951
0.74640745 0.65785858 0.10048884 16.81599769
-0.05574387 -0.08866430 0.99450051 -1.22998713
0.00000000 0.00000000 0.00000000 1.00000000
10	10	42
0.70067731 -0.71291175 -0.02842794 69.92962415
0.71190508 0.69593261 0.09417518 13.15345902
-0.04735466 -0.08622441 0.99514968 -1.04790665
0.00000000 0.00000000 0.00000000 1.00000000
11	11	42
0.75134171 -0.65879556 -0.03839329 66.33069315
0.65939430 0.74717202 0.08326536 9.64417661
-0.02616846 -0.08787706 0.99578754 -0.82634117
0.00000000 0.00000000 0.00000000 1.00000000
12	12	42
0.80730414 -0.58896340 -0.03717719 62.38765223
0.58983596 0.80328419 0.08263206 6.45592072
-0.01880341 -0.08863765 0.99588644 -0.66884870
0.00000000 0.00000000 0.00000000 1.00000000
13	13	42
0.88102396 -0.47212511 -0.02991081 58.06315715
0.47295768 0.87766167 0.07759529 3.75048056
-0.01038311 -0.08250986 0.99653616 -0.65577815
0.00000000 0.00000000 0.00000000 1.00000000
14	14	42
0.93512032 -0.35381534 -0.01909670 53.28014819
0.35423863 0.93229349 0.07310160 1.60605422
-0.00806074 -0.07512358 0.99714165 -0.72679622
0.00000000 0.00000000 0.00000000 1.00000000
15	15	42
0.96999443 -0.24266757 -0.01494198 48.53019248
0.24312080 0.96769128 0.06682712 0.24801637
-0.00175755 -0.06845464 0.99765268 -0.92788720
0.00000000 0.00000000 0.00000000 1.00000000
16	16	42
0.99010640 -0.14003238 -0.00895774 43.36952952
0.14031834 0.98820795 0.06128472 -0.67159643
0.00027026 -0.06193533 0.99808013 -1.11670738
0.00000000 0.00000000 0.00000000 1.00000000
17	17	42
0.99689366 -0.07739510 -0.01459566 38.32533382
0.07819862 0.99472558 0.06637772 -1.09660472
0.00938136 -0.06731289 0.99768781 -1.34965086
0.00000000 0.00000000 0.00000000 1.00000000
18	18	42
0.99739055 -0.06859628 -0.02250880 33.19313613
0.07000275 0.99514637 0.06916152 -1.55773745
0.01765532 -0.07055673 0.99735151 -1.60965464
0.00000000 0.00000000 0.00000000 1.00000000
19	19	42
0.99779186 -0.06444361 -0.01607532 28.04132145
0.06532362 0.99593108 0.06208144 -2.01031654
0.01200916 -0.06299446 0.99794162 -1.79119145
0.00000000 0.00000000 0.00000000 1.00000000
20	20	42
0.99860101 -0.05039626 0.01600753 22.90221209
0.04938955 0.99709128 0.05804862 -2.20095982
-0.01888640 -0.05717681 0.99818541 -1.90107257
0.00000000 0.00000000 0.00000000 1.00000000
21	21	42
0.99943251 -0.03243957 -0.00907388 17.88104693
0.03286565 0.99812702 0.05159750 -2.24597526
0.00738308 -0.05186644 0.99862674 -2.19346294
0.00000000 0.00000000 0.00000000 1.00000000
22	22	42
0.99972072 -0.01876212 -0.01436881 12.88570948
0.01945119 0.99858861 0.04942103 -2.26908916
0.01342128 -0.04968672 0.99867467 -2.38733792
0.00000000 0.00000000 0.00000000 1.00000000
23	23	42
0.99990097 -0.00373219 -0.01356939 7.80803479
0.00436983 0.99887264 0.04726892 -2.22321836
0.01337768 -0.04732353 0.99879003 -2.59902841
0.00000000 0.00000000 0.00000000 1.00000000
24	24	42
0.99602018 -0.07000072 -0.05516972 -2.32893389
0.07124230 0.99724075 0.02086655 -2.31103404
0.05355682 -0.02471393 0.99825893 -3.05320734
0.00000000 0.00000000 0.00000000 1.00000000
25	25	42
-0.99022890 0.13002045 -0.05041243 53.44210101
-0.13206630 -0.99044882 0.03961846 -25.48954779
-0.04477972 0.04588913 0.99794237 -0.05479094
0.00000000 0.00000000 0.00000000 1.00000000
26	26	42
0.99727972 -0.05303592 -0.05118936 59.68015165
0.05697103 0.99526500 0.07875203 -21.40238723
0.04677030 -0.08145411 0.99557911 6.16652070
0.00000000 0.00000000 0.00000000 1.00000000
27	27	42
0.98490515 0.15959945 -0.06700634 64.59465002
-0.15515494 0.98561432 0.06701765 -21.22306790
0.07673839 -0.05560966 0.99549926 6.37897993
0.00000000 0.00000000 0.00000000 1.00000000
28	28	42
0.97005770 0.23734936 -0.05151061 69.29922008
-0.23407065 0.97021153 0.06245414 -19.36352617
0.06479964 -0.04852699 0.99671768 6.69803264
0.00000000 0.00000000 0.00000000 1.00000000
29	29	42
0.96858635 0.24548882 -0.03969544 73.95506272
-0.24203837 0.96727775 0.07609989 -16.54839262
0.05707819 -0.06410149 0.99630973 6.80849085
0.00000000 0.00000000 0.00000000 1.00000000
30	30	42
0.93091300 0.36454404 -0.02255272 78.69969154
-0.36251127 0.92972762 0.06474667 -13.58531740
0.04457090 -0.05209790 0.99764685 6.92275087
0.00000000 0.00000000 0.00000000 1.00000000
31	31	42
0.90153064 0.43223689 -0.02034176 83.09114136
-0.43121135 0.90132001 0.04097574 -10.95360980
0.03604566 -0.02816929 0.99895305 7.06843461
0.00000000 0.00000000 0.00000000 1.00000000
32	32	42
0.89514625 0.44177012 -0.05960160 87.15614866
-0.43843632 0.89666666 0.06133913 -7.95321589
0.08054056 -0.02877599 0.99633587 7.20054686
0.00000000 0.00000000 0.00000000 1.00000000
33	33	42
0.89511407 0.43843502 -0.08090447 90.97296386
-0.43391658 0.89839891 0.06779235 -4.68488288
0.10240702 -0.02557610 0.99441373 7.31948903
0.00000000 0.00000000 0.00000000 1.00000000
34	34	42
0.89207879 0.44544777 -0.07597189 95.38776885
-0.44034515 0.89467762 0.07515384 -1.19968543
0.10144746 -0.03358929 0.99427369 7.54513157
0.00000000 0.00000000 0.00000000 1.00000000
35	35	42
0.83788181 0.52993936 -0.13083709 99.13067379
-0.52102369 0.84792404 0.09777085 2.31936305
0.16275254 -0.01375120 0.98657109 7.84643930
0.00000000 0.00000000 0.00000000 1.00000000
36	36	42
0.79780526 0.59517465 -0.09630108 102.58805072
-0.59111680 0.80359486 0.06939899 6.38699591
0.11869157 0.00155831 0.99292995 8.02313859
0.00000000 0.00000000 0.00000000 1.00000000
37	37	42
0.79624113 0.60108116 -0.06856750 105.35068720
-0.59911399 0.79918455 0.04864659 10.69217800
0.08403864 0.00234533 0.99645974 8.21061750
0.00000000 0.00000000 0.00000000 1.00000000
38	38	42
0.79368730 0.60125604 -0.09247504 108.06174515
-0.59411822 0.79880394 0.09452941 14.97633566
0.13070581 -0.02008569 0.99121771 8.07334011
0.00000000 0.00000000 0.00000000 1.00000000
39	39	42
0.79017067 0.60470637 -0.09980240 111.08928182
-0.59501397 0.79592715 0.11161691 19.20789907
0.14693090 -0.02881258 0.98872703 8.16643692
0.00000000 0.00000000 0.00000000 1.00000000
40	40	42
0.79580519 0.59803503 -0.09512202 114.57139332
-0.59112240 0.80128513 0.09228466 23.17644923
0.13140932 -0.01721185 0.99117876 8.19237536
0.00000000 0.00000000 0.00000000 1.00000000
41	41	42
0.80127711 0.58958080 -0.10173239 118.12204144
-0.58243015 0.80756840 0.09278143 26.92900553
0.13685801 -0.01509163 0.99047571 8.26243654
0.00000000 0.00000000 0.00000000 1.00000000
