0	0	1
1.00000000 0.00000000 0.00000000 0.00000000
0.00000000 1.00000000 0.00000000 0.00000000
0.00000000 0.00000000 1.00000000 0.00000000
0.00000000 0.00000000 0.00000000 1.00000000
1	1	2
0.99999988 -0.00044202 -0.00018796 -1.89109600
0.00044198 0.99999989 -0.00018604 -3.23257900
0.00018804 0.00018596 0.99999997 -0.24422800
0.00000000 0.00000000 0.00000000 1.00000000
2	2	3
0.99999824 0.00174259 0.00068907 -1.84747763
-0.00174355 0.99999750 0.00139839 -6.77032910
-0.00068663 -0.00139959 0.99999878 -0.41327913
0.00000000 0.00000000 0.00000000 1.00000000
3	3	4
0.99999649 0.00264725 0.00012650 2.33355739
-0.00264722 0.99999647 -0.00022788 -10.17276094
-0.00012711 0.00022754 0.99999997 -0.53340739
0.00000000 0.00000000 0.00000000 1.00000000
4	4	5
0.99999226 0.00364953 -0.00146816 7.70909879
-0.00364924 0.99999332 0.00020014 -12.27454177
0.00146888 -0.00019479 0.99999890 -0.59078209
0.00000000 0.00000000 0.00000000 1.00000000
5	5	6
0.99999450 0.00326365 0.00059175 14.17403955
-0.00326392 0.99999457 0.00045953 -13.36344473
-0.00059025 -0.00046145 0.99999972 -0.59365768
0.00000000 0.00000000 0.00000000 1.00000000
6	6	7
0.99998947 0.00456299 0.00048941 25.07447345
-0.00456380 0.99998822 0.00165093 -13.02859004
-0.00048187 -0.00165315 0.99999852 -0.61694688
0.00000000 0.00000000 0.00000000 1.00000000
7	7	8
0.99998889 0.00469682 0.00040322 35.50215073
-0.00469763 0.99998688 0.00204134 -12.31822718
-0.00039363 -0.00204321 0.99999784 -0.66866054
0.00000000 0.00000000 0.00000000 1.00000000
8	8	9
0.99998764 0.00450697 -0.00209972 45.18228425
-0.00450972 0.99998898 -0.00130569 -11.55981517
0.00209381 0.00131514 0.99999694 -0.69379661
0.00000000 0.00000000 0.00000000 1.00000000
9	9	10
0.99998771 0.00431330 -0.00244469 55.44647172
-0.00431400 0.99999066 -0.00027915 -10.80213435
0.00244347 0.00028970 0.99999697 -0.69078831
0.00000000 0.00000000 0.00000000 1.00000000
10	10	11
0.99998261 0.00482621 -0.00339029 65.48079231
-0.00483133 0.99998720 -0.00150334 -10.16421075
0.00338299 0.00151970 0.99999312 -0.61077811
0.00000000 0.00000000 0.00000000 1.00000000
11	11	12
0.99996993 0.00571881 -0.00523788 75.95627074
-0.00573080 0.99998099 -0.00227709 -9.41982500
0.00522476 0.00230704 0.99998369 -0.58822142
0.00000000 0.00000000 0.00000000 1.00000000
12	12	13
0.99996832 0.00650594 -0.00458688 86.58489559
-0.00650932 0.99997855 -0.00072255 -8.63875142
0.00458208 0.00075239 0.99998922 -0.49620013
0.00000000 0.00000000 0.00000000 1.00000000
13	13	14
0.99995235 0.00709036 -0.00670975 97.35204263
-0.00708880 0.99997484 0.00025541 -7.79331527
0.00671139 -0.00020783 0.99997746 -0.35395779
0.00000000 0.00000000 0.00000000 1.00000000
14	14	15
0.99995826 0.00723320 -0.00558114 107.26513998
-0.00723298 0.99997384 0.00006032 -7.17338027
0.00558143 -0.00001995 0.99998442 -0.18982846
0.00000000 0.00000000 0.00000000 1.00000000
15	15	16
0.99995960 0.00618469 -0.00652342 117.16968297
-0.00619199 0.99998023 -0.00109888 -6.30863735
0.00651649 0.00113923 0.99997812 -0.09229777
0.00000000 0.00000000 0.00000000 1.00000000
16	16	17
0.99996500 0.00629328 -0.00551259 126.34978281
-0.00630487 0.99997794 -0.00208772 -5.34401003
0.00549932 0.00212240 0.99998263 -0.04210536
0.00000000 0.00000000 0.00000000 1.00000000
17	17	18
0.99996203 0.00614934 -0.00617444 135.29956875
-0.00616119 0.99997921 -0.00190259 -4.33021460
0.00616261 0.00194056 0.99997913 0.00520914
0.00000000 0.00000000 0.00000000 1.00000000
18	18	19
0.99995468 0.00631364 -0.00712570 145.30257659
-0.00633393 0.99997594 -0.00282766 -3.35714805
0.00710767 0.00287266 0.99997061 0.06600962
0.00000000 0.00000000 0.00000000 1.00000000
19	19	20
0.99996394 0.00573508 -0.00626351 156.47033671
-0.00574178 0.99998296 -0.00105333 -2.71744164
0.00625736 0.00108926 0.99997983 0.13041490
0.00000000 0.00000000 0.00000000 1.00000000
20	20	21
0.99996119 0.00478839 -0.00739549 168.00913497
-0.00479488 0.99998813 -0.00086087 -2.12569937
0.00739128 0.00089629 0.99997228 0.25152979
0.00000000 0.00000000 0.00000000 1.00000000
21	21	22
0.99996507 0.00313311 -0.00774824 178.11901620
-0.00314430 0.99999403 -0.00143247 -1.87352059
0.00774371 0.00145678 0.99996896 0.28978976
0.00000000 0.00000000 0.00000000 1.00000000
22	22	23
0.99997161 0.00269006 -0.00703890 187.21798038
-0.00269933 0.99999550 -0.00130754 -1.99167249
0.00703535 0.00132651 0.99997437 0.41000813
0.00000000 0.00000000 0.00000000 1.00000000
23	23	24
0.99997500 0.00359014 -0.00609118 196.01934652
-0.00360643 0.99998994 -0.00266604 -2.56141754
0.00608155 0.00268794 0.99997789 0.51150299
0.00000000 0.00000000 0.00000000 1.00000000
24	24	25
0.99996832 0.00347584 -0.00716058 204.99767597
-0.00349585 0.99999001 -0.00278374 -3.39281712
0.00715083 0.00280868 0.99997049 0.62072440
0.00000000 0.00000000 0.00000000 1.00000000
25	25	26
0.99997057 0.00336347 -0.00689480 215.47301303
-0.00338114 0.99999102 -0.00255365 -4.44424379
0.00688614 0.00257689 0.99997297 0.77616604
0.00000000 0.00000000 0.00000000 1.00000000
26	26	27
0.99994407 0.00340507 -0.01001343 226.57853842
-0.00343885 0.99998845 -0.00335852 -6.30060415
0.01000188 0.00339277 0.99994422 0.88144653
0.00000000 0.00000000 0.00000000 1.00000000
27	27	28
0.99994277 0.00109355 -0.01064231 236.75659389
-0.00110528 0.99999879 -0.00109609 -8.78060049
0.01064110 0.00110779 0.99994277 1.11588678
0.00000000 0.00000000 0.00000000 1.00000000
28	28	29
0.99994952 -0.00023448 -0.01004470 246.23307722
0.00023843 0.99999989 0.00039215 -11.59086907
0.01004461 -0.00039453 0.99994947 1.33482750
0.00000000 0.00000000 0.00000000 1.00000000
29	29	30
0.99994633 -0.00005233 -0.01036070 255.18201100
0.00005757 0.99999987 0.00050611 -14.52451335
0.01036067 -0.00050667 0.99994620 1.43249731
0.00000000 0.00000000 0.00000000 1.00000000
30	30	31
0.99992485 -0.00024097 -0.01225740 263.92133578
0.00023239 0.99999973 -0.00070167 -17.78948610
0.01225757 0.00069877 0.99992463 1.58266479
0.00000000 0.00000000 0.00000000 1.00000000
31	31	32
0.99991347 0.00005899 -0.01315493 273.18783743
-0.00005427 0.99999993 0.00035925 -21.85326807
0.01315495 -0.00035850 0.99991341 1.68332790
0.00000000 0.00000000 0.00000000 1.00000000
32	32	33
0.99990306 0.00064121 -0.01390896 282.70518345
-0.00064010 0.99999979 0.00008401 -26.17233751
0.01390901 -0.00007510 0.99990326 1.86049441
0.00000000 0.00000000 0.00000000 1.00000000
33	33	34
0.99990656 -0.00004432 -0.01367002 292.38395729
0.00004390 1.00000000 -0.00003156 -30.59109067
0.01367002 0.00003096 0.99990656 1.99114798
0.00000000 0.00000000 0.00000000 1.00000000
34	34	35
0.99990847 0.00018133 -0.01352809 301.92492124
-0.00019403 0.99999954 -0.00093757 -34.98293240
0.01352792 0.00094011 0.99990805 2.13293665
0.00000000 0.00000000 0.00000000 1.00000000
35	35	36
0.99989939 -0.00004943 -0.01418502 310.78920735
0.00003840 0.99999970 -0.00077752 -39.38385414
0.01418506 0.00077690 0.99989909 2.32283706
0.00000000 0.00000000 0.00000000 1.00000000
36	36	37
0.99988092 -0.00102789 -0.01539775 319.34928300
0.00102637 0.99999947 -0.00010667 -43.76711870
0.01539785 0.00009085 0.99988144 2.53764077
0.00000000 0.00000000 0.00000000 1.00000000
37	37	38
0.99989332 -0.00049816 -0.01459791 327.84221118
0.00046921 0.99999792 -0.00198707 -48.18721774
0.01459887 0.00198001 0.99989147 2.75886194
0.00000000 0.00000000 0.00000000 1.00000000
38	38	39
0.99989609 0.00030427 -0.01441271 336.71152441
-0.00036521 0.99999100 -0.00422605 -52.88856231
0.01441130 0.00423087 0.99988720 3.01425454
0.00000000 0.00000000 0.00000000 1.00000000
39	39	40
0.99987786 0.00081026 -0.01560797 345.59651322
-0.00090121 0.99998265 -0.00582127 -57.80239237
0.01560298 0.00583463 0.99986124 3.34493981
0.00000000 0.00000000 0.00000000 1.00000000
40	40	41
0.99983692 0.00103089 -0.01802956 354.53834548
-0.00113472 0.99998283 -0.00574931 -63.15050181
0.01802333 0.00576883 0.99982092 3.79021976
0.00000000 0.00000000 0.00000000 1.00000000
41	41	42
0.99979783 0.00175444 -0.02003035 363.54787450
-0.00183603 0.99999009 -0.00405585 -68.59057935
0.02002304 0.00409181 0.99979115 4.27343821
0.00000000 0.00000000 0.00000000 1.00000000
42	42	43
0.99980699 0.00051445 -0.01963948 372.08519493
-0.00063851 0.99997988 -0.00631131 -73.89011839
0.01963584 0.00632263 0.99978721 4.72906827
0.00000000 0.00000000 0.00000000 1.00000000
43	43	44
0.99978042 0.00049268 -0.02094937 380.68276925
-0.00063148 0.99997789 -0.00661947 -78.96008560
0.02094564 0.00663125 0.99975862 5.21321495
0.00000000 0.00000000 0.00000000 1.00000000
44	44	45
0.99980958 0.00007535 -0.01951389 389.22602232
-0.00018568 0.99998401 -0.00565207 -84.03222763
0.01951315 0.00565462 0.99979361 5.62895793
0.00000000 0.00000000 0.00000000 1.00000000
45	45	46
0.99981280 0.00122781 -0.01930964 398.41340644
-0.00129922 0.99999236 -0.00368624 -89.51338114
0.01930497 0.00371064 0.99980676 6.08602658
0.00000000 0.00000000 0.00000000 1.00000000
46	46	47
0.99983102 0.00234836 -0.01823250 408.45905857
-0.00242788 0.99998763 -0.00434074 -95.10486839
0.01822208 0.00438427 0.99982435 6.60853015
0.00000000 0.00000000 0.00000000 1.00000000
47	47	48
0.99980613 0.00272201 -0.01950104 418.31843683
-0.00280533 0.99998705 -0.00424642 -100.85362877
0.01948923 0.00430030 0.99980082 7.15482885
0.00000000 0.00000000 0.00000000 1.00000000
48	48	49
0.99980624 0.00274215 -0.01949280 427.31849113
-0.00285227 0.99998012 -0.00562343 -107.22076484
0.01947700 0.00567794 0.99979418 7.66746888
0.00000000 0.00000000 0.00000000 1.00000000
49	49	50
0.99984129 0.00353177 -0.01746186 435.56112075
-0.00365393 0.99996904 -0.00696902 -121.52046177
0.01743671 0.00703172 0.99982324 7.89126299
0.00000000 0.00000000 0.00000000 1.00000000
50	50	51
0.99981817 0.00418428 -0.01860411 436.10866776
-0.00429016 0.99997481 -0.00565500 -127.57719258
0.01857998 0.00573379 0.99981094 7.89003413
0.00000000 0.00000000 0.00000000 1.00000000
51	51	52
0.99981791 0.00406211 -0.01864548 436.38176191
-0.00416540 0.99997618 -0.00550382 -131.98228094
0.01862268 0.00558049 0.99981101 7.88668462
0.00000000 0.00000000 0.00000000 1.00000000
52	52	53
0.99979371 0.00523770 -0.01962427 436.40039485
-0.00533805 0.99997293 -0.00506467 -135.99473110
0.01959722 0.00516839 0.99979460 7.85002957
0.00000000 0.00000000 0.00000000 1.00000000
53	53	54
0.99980359 0.00548482 -0.01904450 435.59427185
-0.00559686 0.99996731 -0.00583484 -140.22963798
0.01901188 0.00594029 0.99980161 7.75379266
0.00000000 0.00000000 0.00000000 1.00000000
54	54	55
0.99981690 0.00425671 -0.01865596 433.22828980
-0.00438688 0.99996628 -0.00694228 -145.16174447
0.01862578 0.00702285 0.99980186 7.53412885
0.00000000 0.00000000 0.00000000 1.00000000
55	55	56
0.99979648 0.00456456 -0.01965117 426.34483193
-0.00468795 0.99996956 -0.00623727 -154.61696554
0.01962210 0.00632813 0.99978744 7.11152120
0.00000000 0.00000000 0.00000000 1.00000000
56	56	57
0.99977855 0.00543478 -0.02033018 418.74313545
-0.00555505 0.99996738 -0.00586380 -165.12428454
0.02029764 0.00597543 0.99977612 6.60596222
0.00000000 0.00000000 0.00000000 1.00000000
57	57	58
0.99977450 0.00419627 -0.02081704 412.22859109
-0.00427800 0.99998331 -0.00388290 -174.24915556
0.02080040 0.00397108 0.99977576 6.11798862
0.00000000 0.00000000 0.00000000 1.00000000
58	58	59
0.99978745 0.00265544 -0.02044537 406.12788262
-0.00277568 0.99997901 -0.00585470 -183.32413035
0.02042940 0.00591021 0.99977383 5.47162045
0.00000000 0.00000000 0.00000000 1.00000000
59	59	60
0.99978296 0.00314956 -0.02059419 399.74859086
-0.00325550 0.99998163 -0.00511226 -192.38321165
0.02057771 0.00517820 0.99977485 4.79722553
0.00000000 0.00000000 0.00000000 1.00000000
60	60	61
0.99979152 0.00463657 -0.01988491 392.90661218
-0.00469615 0.99998462 -0.00295059 -200.90805550
0.01987092 0.00304335 0.99979792 4.21004963
0.00000000 0.00000000 0.00000000 1.00000000
61	61	62
0.99980845 0.00439842 -0.01907119 386.00530175
-0.00448558 0.99997968 -0.00453032 -207.22293840
0.01905087 0.00461500 0.99980786 3.66241959
0.00000000 0.00000000 0.00000000 1.00000000
62	62	63
0.99981185 0.00489144 -0.01877070 378.16308172
-0.00498118 0.99997638 -0.00473675 -212.38682728
0.01874709 0.00482935 0.99981259 3.13269554
0.00000000 0.00000000 0.00000000 1.00000000
63	63	64
0.99981479 0.00483625 -0.01862787 370.12931654
-0.00497175 0.99996147 -0.00723445 -216.35450211
0.01859217 0.00732572 0.99980031 2.66430277
0.00000000 0.00000000 0.00000000 1.00000000
64	64	65
0.99982846 0.00382383 -0.01812284 362.02274441
-0.00394036 0.99997176 -0.00639871 -219.16485464
0.01809786 0.00646902 0.99981529 2.25747608
0.00000000 0.00000000 0.00000000 1.00000000
65	65	66
0.99989749 0.00533174 -0.01328853 352.97184520
-0.00536119 0.99998325 -0.00218165 -221.22687876
0.01327667 0.00225267 0.99990932 1.83140127
0.00000000 0.00000000 0.00000000 1.00000000
66	66	67
0.99989814 0.00565332 -0.01310536 342.49338359
-0.00571649 0.99997220 -0.00478769 -222.26309307
0.01307793 0.00486212 0.99990266 1.31777263
0.00000000 0.00000000 0.00000000 1.00000000
67	67	68
0.99992945 0.00450189 -0.01099207 333.14555233
-0.00461217 0.99993908 -0.01002806 -222.38508537
0.01094626 0.01007805 0.99988930 0.88501439
0.00000000 0.00000000 0.00000000 1.00000000
68	68	69
0.99993470 0.00459691 -0.01046261 323.31415635
-0.00473048 0.99990716 -0.01277838 -221.75562278
0.01040290 0.01282704 0.99986361 0.42512564
0.00000000 0.00000000 0.00000000 1.00000000
69	69	70
0.99994604 0.00478732 -0.00921915 312.95805396
-0.00491762 0.99988760 -0.01416327 -219.72415647
0.00915031 0.01420784 0.99985719 -0.06688874
0.00000000 0.00000000 0.00000000 1.00000000
70	70	71
0.99994900 0.00643746 -0.00778167 303.30881476
-0.00653487 0.99989980 -0.01255762 -216.57775683
0.00770005 0.01260783 0.99989087 -0.47721961
0.00000000 0.00000000 0.00000000 1.00000000
71	71	72
0.99994403 0.00536716 -0.00911779 294.64535942
-0.00548552 0.99990037 -0.01300605 -212.61505220
0.00904708 0.01305534 0.99987385 -0.76995080
0.00000000 0.00000000 0.00000000 1.00000000
72	72	73
0.99993993 0.00540182 -0.00953709 285.91173205
-0.00549804 0.99993396 -0.01009190 -207.72084606
0.00948194 0.01014373 0.99990359 -1.00186944
0.00000000 0.00000000 0.00000000 1.00000000
73	73	74
0.99993763 0.00453680 -0.01020518 277.26006717
-0.00466761 0.99990679 -0.01283086 -202.17827322
0.01014601 0.01287770 0.99986560 -1.09388490
0.00000000 0.00000000 0.00000000 1.00000000
74	74	75
0.99994694 0.00427253 -0.00937396 268.75735567
-0.00435293 0.99995377 -0.00857431 -196.54154625
0.00933689 0.00861466 0.99991930 -1.19889887
0.00000000 0.00000000 0.00000000 1.00000000
75	75	76
0.99995366 0.00402046 -0.00874774 261.55335116
-0.00409076 0.99995936 -0.00803397 -191.54869980
0.00871508 0.00806938 0.99992946 -1.26605220
0.00000000 0.00000000 0.00000000 1.00000000
76	76	77
0.99996503 0.00453571 -0.00702550 254.41293730
-0.00458351 0.99996636 -0.00680246 -185.61617714
0.00699441 0.00683442 0.99995218 -1.29336845
0.00000000 0.00000000 0.00000000 1.00000000
77	77	78
0.99994569 0.00389825 -0.00966557 248.31052594
-0.00394952 0.99997820 -0.00529170 -179.56613586
0.00964473 0.00532959 0.99993929 -1.28204565
0.00000000 0.00000000 0.00000000 1.00000000
78	78	79
0.99993511 0.00545470 -0.01000155 242.68261412
-0.00549609 0.99997643 -0.00411561 -172.56756405
0.00997887 0.00417031 0.99994151 -1.22752472
0.00000000 0.00000000 0.00000000 1.00000000
79	79	80
0.99994033 0.00613600 -0.00903823 236.64407241
-0.00616508 0.99997590 -0.00319222 -163.90336097
0.00901842 0.00324775 0.99995406 -1.20994233
0.00000000 0.00000000 0.00000000 1.00000000
80	80	81
0.99995042 0.00651412 -0.00753218 230.72299350
-0.00653645 0.99997430 -0.00294378 -153.28277309
0.00751281 0.00299287 0.99996730 -1.26132478
0.00000000 0.00000000 0.00000000 1.00000000
81	81	82
0.99995817 0.00480833 -0.00778007 225.25158310
-0.00483122 0.99998405 -0.00292587 -140.49139721
0.00776588 0.00296334 0.99996545 -1.16412073
0.00000000 0.00000000 0.00000000 1.00000000
82	82	83
0.99996088 0.00310274 -0.00828274 217.67326097
-0.00311278 0.99999444 -0.00119936 -129.46377083
0.00827897 0.00122510 0.99996498 -1.09421113
0.00000000 0.00000000 0.00000000 1.00000000
83	83	84
0.99997633 0.00118438 -0.00677784 212.00232961
-0.00118799 0.99999915 -0.00052810 -126.28315511
0.00677721 0.00053614 0.99997689 -1.10998413
0.00000000 0.00000000 0.00000000 1.00000000
84	84	85
0.99997261 0.00146640 -0.00725395 206.97886972
-0.00147644 0.99999796 -0.00137797 -124.32981186
0.00725192 0.00138864 0.99997274 -1.15518391
0.00000000 0.00000000 0.00000000 1.00000000
85	85	86
0.99999481 0.00068491 -0.00314782 202.02557872
-0.00070197 0.99998505 -0.00542195 -122.95271411
0.00314406 0.00542413 0.99998035 -1.19845457
0.00000000 0.00000000 0.00000000 1.00000000
86	86	87
0.99999259 0.00154275 -0.00352654 197.48544798
-0.00156096 0.99998543 -0.00516752 -122.15080305
0.00351851 0.00517299 0.99998043 -1.17286789
0.00000000 0.00000000 0.00000000 1.00000000
87	87	88
0.99999585 0.00145080 -0.00248953 189.85331770
-0.00145866 0.99999395 -0.00315710 -122.84632734
0.00248494 0.00316072 0.99999192 -1.21787500
0.00000000 0.00000000 0.00000000 1.00000000
88	88	89
0.99999539 0.00290210 -0.00089394 173.25816015
-0.00290528 0.99998939 -0.00357558 -127.05161930
0.00088355 0.00357816 0.99999321 -1.33990188
0.00000000 0.00000000 0.00000000 1.00000000
89	89	90
0.99999775 0.00210833 -0.00021716 162.52437089
-0.00210919 0.99998951 -0.00406478 -129.12546201
0.00020859 0.00406523 0.99999172 -1.31675047
0.00000000 0.00000000 0.00000000 1.00000000
90	90	91
0.99998369 0.00560828 -0.00108178 153.21332905
-0.00561593 0.99995829 -0.00720293 -130.18303790
0.00104133 0.00720888 0.99997347 -1.28666359
0.00000000 0.00000000 0.00000000 1.00000000
91	91	92
0.99999065 0.00396943 0.00171369 144.38428391
-0.00395897 0.99997375 -0.00606782 -130.59332481
-0.00173774 0.00606098 0.99998012 -1.26450655
0.00000000 0.00000000 0.00000000 1.00000000
92	92	93
0.99999621 0.00275337 0.00004376 134.97303795
-0.00275313 0.99998442 -0.00485522 -130.40675122
-0.00005713 0.00485508 0.99998821 -1.19728127
0.00000000 0.00000000 0.00000000 1.00000000
93	93	94
0.99999794 0.00203039 -0.00002552 126.07869556
-0.00203052 0.99997300 -0.00706203 -129.37899349
0.00001118 0.00706206 0.99997506 -1.08694346
0.00000000 0.00000000 0.00000000 1.00000000
94	94	95
0.99999940 0.00107517 0.00022798 116.18164629
-0.00107406 0.99998788 -0.00480545 -127.58594352
-0.00023315 0.00480520 0.99998843 -0.96590162
0.00000000 0.00000000 0.00000000 1.00000000
95	95	96
0.99999989 0.00011985 -0.00045366 105.69341609
-0.00012327 0.99997155 -0.00754150 -125.16402249
0.00045274 0.00754155 0.99997146 -0.85331526
0.00000000 0.00000000 0.00000000 1.00000000
96	96	97
0.99999613 0.00078428 -0.00266982 95.38937977
-0.00080536 0.99996845 -0.00790296 -122.58822698
0.00266354 0.00790508 0.99996521 -0.78536396
0.00000000 0.00000000 0.00000000 1.00000000
97	97	98
0.99999342 0.00133994 -0.00337021 85.35202626
-0.00136303 0.99997555 -0.00685822 -119.94721454
0.00336093 0.00686277 0.99997080 -0.76974390
0.00000000 0.00000000 0.00000000 1.00000000
98	98	99
0.99998814 0.00060900 -0.00483213 75.70660874
-0.00065912 0.99994593 -0.01037813 -117.84760042
0.00482555 0.01038119 0.99993447 -0.77328148
0.00000000 0.00000000 0.00000000 1.00000000
99	99	100
0.99998583 0.00074364 -0.00527204 66.51844937
-0.00079765 0.99994715 -0.01024981 -116.27859300
0.00526414 0.01025387 0.99993357 -0.85079688
0.00000000 0.00000000 0.00000000 1.00000000
100	100	101
0.99999483 0.00115728 -0.00300172 56.59046811
-0.00118537 0.99995536 -0.00937361 -115.34165832
0.00299074 0.00937711 0.99995156 -0.85569783
0.00000000 0.00000000 0.00000000 1.00000000
101	101	102
0.99999693 0.00064578 -0.00239089 45.09163820
-0.00066993 0.99994861 -0.01011614 -115.25324088
0.00238424 0.01011771 0.99994597 -0.86367231
0.00000000 0.00000000 0.00000000 1.00000000
102	102	103
0.99999708 0.00069459 -0.00231280 31.30575557
-0.00072108 0.99993392 -0.01147312 -116.27539312
0.00230468 0.01147475 0.99993151 -0.88154250
0.00000000 0.00000000 0.00000000 1.00000000
103	103	104
0.99999228 0.00175361 -0.00351769 16.95014451
-0.00178783 0.99995088 -0.00974920 -117.98787498
0.00350042 0.00975541 0.99994629 -1.00286849
0.00000000 0.00000000 0.00000000 1.00000000
104	104	105
0.99998991 0.00214882 -0.00394515 8.57611019
-0.00217907 0.99996814 -0.00767942 -115.47937544
0.00392852 0.00768794 0.99996273 -1.02022656
0.00000000 0.00000000 0.00000000 1.00000000
105	105	106
0.99999038 0.00237432 -0.00368926 4.86484394
-0.00240116 0.99997056 -0.00728802 -112.77896553
0.00367185 0.00729681 0.99996664 -0.95545741
0.00000000 0.00000000 0.00000000 1.00000000
106	106	107
0.99999389 0.00156117 -0.00312813 2.06194602
-0.00158133 0.99997793 -0.00645315 -110.35092900
0.00311798 0.00645806 0.99997429 -0.95165220
0.00000000 0.00000000 0.00000000 1.00000000
107	107	108
0.99998880 0.00211235 -0.00423578 -0.50396816
-0.00213887 0.99997808 -0.00626609 -107.88395019
0.00422245 0.00627508 0.99997140 -0.93380418
0.00000000 0.00000000 0.00000000 1.00000000
108	108	109
0.99999383 0.00165365 -0.00309841 -3.33605480
-0.00167406 0.99997684 -0.00659626 -104.02675941
0.00308743 0.00660140 0.99997344 -0.92883388
0.00000000 0.00000000 0.00000000 1.00000000
109	109	110
0.99999520 0.00135136 -0.00278959 -7.49492155
-0.00137285 0.99996930 -0.00771470 -90.83804930
0.00277908 0.00771849 0.99996635 -0.76016896
0.00000000 0.00000000 0.00000000 1.00000000
110	110	111
0.99999791 0.00157993 -0.00129690 -9.58184230
-0.00159016 0.99996730 -0.00792890 -76.87758315
0.00128433 0.00793095 0.99996772 -0.55027441
0.00000000 0.00000000 0.00000000 1.00000000
111	111	112
0.99999399 0.00194261 -0.00287016 -11.82504634
-0.00196574 0.99996544 -0.00807810 -63.82570953
0.00285437 0.00808370 0.99996325 -0.28081800
0.00000000 0.00000000 0.00000000 1.00000000
112	112	113
0.99999485 0.00292406 0.00132467 -15.54316543
-0.00291317 0.99996251 -0.00815433 -45.06232143
-0.00134846 0.00815043 0.99996588 -0.65156654
0.00000000 0.00000000 0.00000000 1.00000000
113	113	114
0.99998841 0.00466254 -0.00120186 -16.91255016
-0.00467189 0.99995793 -0.00789376 -40.16683091
0.00116501 0.00789928 0.99996812 -0.72830546
0.00000000 0.00000000 0.00000000 1.00000000
114	114	115
0.99998994 0.00439362 -0.00090356 -18.14484576
-0.00440056 0.99995969 -0.00782612 -34.68729448
0.00086913 0.00783001 0.99996897 -0.76073116
0.00000000 0.00000000 0.00000000 1.00000000
115	115	116
0.99999116 0.00420373 -0.00004248 -19.62844929
-0.00420392 0.99996983 -0.00653234 -28.20100238
0.00001502 0.00653246 0.99997866 -0.72766618
0.00000000 0.00000000 0.00000000 1.00000000
116	116	117
0.99998838 0.00453348 0.00164132 -21.13899018
-0.00452526 0.99997736 -0.00497919 -19.30108258
-0.00166385 0.00497171 0.99998626 -0.75569566
0.00000000 0.00000000 0.00000000 1.00000000
117	117	118
0.99999444 0.00300042 0.00145200 -21.86021462
-0.00299653 0.99999194 -0.00267348 -14.24614653
-0.00146001 0.00266911 0.99999537 -0.80590099
0.00000000 0.00000000 0.00000000 1.00000000
118	118	119
0.99998400 0.00478732 0.00301313 -23.31991359
-0.00478208 0.99998704 -0.00174404 1.58552980
-0.00302144 0.00172960 0.99999394 -0.74744249
0.00000000 0.00000000 0.00000000 1.00000000
119	119	120
0.99999101 0.00302225 0.00297555 -20.34460006
-0.00301815 0.99999449 -0.00138089 8.89932626
-0.00297971 0.00137190 0.99999462 -0.73732945
0.00000000 0.00000000 0.00000000 1.00000000
120	120	121
0.99966521 -0.01023049 0.02376583 7.90208753
0.00945260 0.99942324 0.03261642 6.97175968
-0.02408580 -0.03238085 0.99918535 -2.08176683
0.00000000 0.00000000 0.00000000 1.00000000
121	121	122
0.99965820 -0.01062138 0.02388877 4.14579128
0.00983936 0.99941944 0.03261861 3.09305907
-0.02422136 -0.03237241 0.99918234 -1.86493307
0.00000000 0.00000000 0.00000000 1.00000000
122	122	123
0.99968015 -0.01176465 0.02238715 0.87459683
0.01101889 0.99938969 0.03314868 -1.08700853
-0.02276347 -0.03289139 0.99919967 -1.70818168
0.00000000 0.00000000 0.00000000 1.00000000
123	123	124
0.99971631 -0.01041421 0.02142079 -1.39838057
0.00972705 0.99944256 0.03193671 -3.36169859
-0.02174144 -0.03171928 0.99926032 -1.64884703
0.00000000 0.00000000 0.00000000 1.00000000
124	124	125
0.99969644 -0.01246016 0.02125476 -2.52813926
0.01176908 0.99940779 0.03233524 -6.63466722
-0.02164507 -0.03207528 0.99925105 -1.57053717
0.00000000 0.00000000 0.00000000 1.00000000
125	125	126
0.99969643 -0.01183836 0.02160778 0.73373115
0.01113808 0.99941789 0.03224633 -10.86376055
-0.02197694 -0.03199587 0.99924636 -1.51191192
0.00000000 0.00000000 0.00000000 1.00000000
126	126	127
0.99968225 -0.01271883 0.02176298 6.14749095
0.01200742 0.99939918 0.03251300 -13.50272399
-0.02216343 -0.03224136 0.99923435 -1.51066954
0.00000000 0.00000000 0.00000000 1.00000000
127	127	128
0.99971029 -0.01227810 0.02070232 12.64299157
0.01159124 0.99938887 0.03297776 -15.14500987
-0.02109457 -0.03272824 0.99924165 -1.53504213
0.00000000 0.00000000 0.00000000 1.00000000
128	128	129
0.99971500 -0.01245503 0.02036662 21.47378365
0.01177617 0.99938204 0.03311877 -15.14191553
-0.02076653 -0.03286949 0.99924389 -1.65108778
0.00000000 0.00000000 0.00000000 1.00000000
129	129	130
0.99970187 -0.01313272 0.02058387 32.13253253
0.01248552 0.99943326 0.03126121 -14.27341541
-0.02098275 -0.03099489 0.99929927 -1.79959797
0.00000000 0.00000000 0.00000000 1.00000000
130	130	131
0.99966412 -0.01593019 0.02044203 42.32244352
0.01524650 0.99933321 0.03317645 -13.26719050
-0.02095691 -0.03285364 0.99924043 -2.01735763
0.00000000 0.00000000 0.00000000 1.00000000
131	131	132
0.99966736 -0.01658198 0.01975342 52.48800187
0.01588050 0.99925571 0.03515433 -12.24722107
-0.02032165 -0.03482895 0.99918666 -2.20419710
0.00000000 0.00000000 0.00000000 1.00000000
132	132	133
0.99968699 -0.01636370 0.01892475 62.52838189
0.01571044 0.99929266 0.03416669 -11.37428638
-0.01947046 -0.03385868 0.99923695 -2.32609248
0.00000000 0.00000000 0.00000000 1.00000000
133	133	134
0.99971228 -0.01524757 0.01851654 72.41348024
0.01459748 0.99928940 0.03475073 -10.67602678
-0.01903325 -0.03447044 0.99922446 -2.45800560
0.00000000 0.00000000 0.00000000 1.00000000
134	134	135
0.99964997 -0.01577173 0.02124138 82.39359972
0.01503397 0.99929316 0.03445528 -9.90979851
-0.02176979 -0.03412387 0.99918048 -2.57992473
0.00000000 0.00000000 0.00000000 1.00000000
135	135	136
0.99968595 -0.01474647 0.02026203 92.46238918
0.01406843 0.99934944 0.03320808 -9.05783773
-0.02073855 -0.03291260 0.99924305 -2.74606936
0.00000000 0.00000000 0.00000000 1.00000000
136	136	137
0.99973287 -0.01501928 0.01756753 102.28937754
0.01444119 0.99936470 0.03258291 -8.27547234
-0.01804574 -0.03232051 0.99931463 -2.85832184
0.00000000 0.00000000 0.00000000 1.00000000
137	137	138
0.99971040 -0.01638602 0.01762442 112.33197292
0.01579101 0.99931780 0.03338544 -7.55157524
-0.01815945 -0.03309747 0.99928714 -2.91240504
0.00000000 0.00000000 0.00000000 1.00000000
138	138	139
0.99970170 -0.01702273 0.01751402 121.63554794
0.01645286 0.99934656 0.03218314 -6.46470568
-0.01805042 -0.03188538 0.99932853 -3.03781717
0.00000000 0.00000000 0.00000000 1.00000000
139	139	140
0.99966888 -0.01786986 0.01851457 131.08030381
0.01727554 0.99934565 0.03177767 -5.39351132
-0.01907032 -0.03144730 0.99932347 -3.22473877
0.00000000 0.00000000 0.00000000 1.00000000
140	140	141
0.99970188 -0.01807278 0.01641729 141.29455868
0.01754601 0.99934396 0.03168266 -4.14315551
-0.01697911 -0.03138516 0.99936314 -3.42292917
0.00000000 0.00000000 0.00000000 1.00000000
141	141	142
0.99969266 -0.01801303 0.01703293 152.94805110
0.01746757 0.99934645 0.03164746 -3.15537419
-0.01759186 -0.03134021 0.99935395 -3.54820261
0.00000000 0.00000000 0.00000000 1.00000000
142	142	143
0.99971579 -0.01768129 0.01599078 165.43139659
0.01715925 0.99933366 0.03221471 -2.27705839
-0.01654972 -0.03193116 0.99935304 -3.62825676
0.00000000 0.00000000 0.00000000 1.00000000
143	143	144
0.99967107 -0.01706956 0.01914129 178.07253387
0.01644268 0.99933834 0.03244260 -1.56032620
-0.01968240 -0.03211719 0.99929029 -3.80835062
0.00000000 0.00000000 0.00000000 1.00000000
144	144	145
0.99975169 -0.01584470 0.01566873 191.84237097
0.01536076 0.99941557 0.03053803 -1.20168092
-0.01614344 -0.03028976 0.99941079 -4.14163099
0.00000000 0.00000000 0.00000000 1.00000000
145	145	146
0.99978238 -0.01369143 0.01573969 198.07714683
0.01321094 0.99945547 0.03023615 -1.17434757
-0.01614510 -0.03002163 0.99941885 -4.22879031
0.00000000 0.00000000 0.00000000 1.00000000
146	146	147
0.99981176 -0.01387901 0.01355796 203.37514183
0.01349764 0.99952161 0.02782727 -1.35862788
-0.01393769 -0.02763903 0.99952080 -4.29519110
0.00000000 0.00000000 0.00000000 1.00000000
147	147	148
0.99981317 -0.01289816 0.01439692 209.44625083
0.01249163 0.99953047 0.02797864 -1.56938579
-0.01475103 -0.02779357 0.99950484 -4.39346658
0.00000000 0.00000000 0.00000000 1.00000000
148	148	149
0.99979928 -0.01319866 0.01507306 216.58789603
0.01277463 0.99952938 0.02788972 -2.09394910
-0.01543407 -0.02769156 0.99949736 -4.48240235
0.00000000 0.00000000 0.00000000 1.00000000
149	149	150
0.99975844 -0.01303423 0.01769654 224.98668638
0.01250887 0.99948709 0.02948039 -3.30421077
-0.01807172 -0.02925191 0.99940869 -4.56065873
0.00000000 0.00000000 0.00000000 1.00000000
150	150	151
0.99979313 -0.01064561 0.01733141 240.44053753
0.01011571 0.99948722 0.03038043 -6.38877384
-0.01764594 -0.03019882 0.99938814 -4.47165326
0.00000000 0.00000000 0.00000000 1.00000000
151	151	152
0.99977721 -0.01196791 0.01738654 251.37100612
0.01148945 0.99955953 0.02736307 -9.31641122
-0.01770636 -0.02715722 0.99947435 -4.37360525
0.00000000 0.00000000 0.00000000 1.00000000
152	152	153
0.99979805 -0.01146875 0.01650229 260.38308024
0.01101684 0.99956877 0.02721967 -12.31707021
-0.01680735 -0.02703237 0.99949325 -4.30106513
0.00000000 0.00000000 0.00000000 1.00000000
153	153	154
0.99977049 -0.01311248 0.01694173 269.21563875
0.01264196 0.99953944 0.02758776 -15.91310859
-0.01729568 -0.02736726 0.99947581 -4.18188467
0.00000000 0.00000000 0.00000000 1.00000000
154	154	155
0.99980032 -0.01362098 0.01462132 278.51741501
0.01320995 0.99952485 0.02784918 -20.13563917
-0.01499371 -0.02765047 0.99950520 -4.01924229
0.00000000 0.00000000 0.00000000 1.00000000
155	155	156
0.99980921 -0.01401180 0.01360907 287.88096057
0.01363194 0.99952567 0.02761515 -24.33968023
-0.01398955 -0.02742437 0.99952599 -3.89950202
0.00000000 0.00000000 0.00000000 1.00000000
156	156	157
0.99979701 -0.01395223 0.01453547 297.58913118
0.01354635 0.99952566 0.02765774 -28.69224953
-0.01491446 -0.02745522 0.99951177 -3.85480588
0.00000000 0.00000000 0.00000000 1.00000000
157	157	158
0.99975764 -0.01583134 0.01529826 306.56949776
0.01542175 0.99952904 0.02653058 -32.93915321
-0.01571107 -0.02628823 0.99953094 -3.81306266
0.00000000 0.00000000 0.00000000 1.00000000
158	158	159
0.99979803 -0.01475139 0.01364887 315.12824690
0.01436124 0.99949759 0.02825457 -37.21174512
-0.01405881 -0.02805285 0.99950757 -3.74822147
0.00000000 0.00000000 0.00000000 1.00000000
159	159	160
0.99980779 -0.01385290 0.01387339 324.02857250
0.01344078 0.99947820 0.02937134 -41.69128222
-0.01427303 -0.02917922 0.99947229 -3.68251570
0.00000000 0.00000000 0.00000000 1.00000000
160	160	161
0.99980091 -0.01395923 0.01425798 332.75583085
0.01353437 0.99947396 0.02947249 -46.18481291
-0.01466190 -0.02927365 0.99946390 -3.61018572
0.00000000 0.00000000 0.00000000 1.00000000
161	161	162
0.99977999 -0.01537544 0.01426752 341.51407868
0.01495138 0.99945685 0.02936766 -50.75314818
-0.01471131 -0.02914788 0.99946685 -3.50017886
0.00000000 0.00000000 0.00000000 1.00000000
162	162	163
0.99979942 -0.01595693 0.01210353 350.90647761
0.01558179 0.99941392 0.03047975 -56.01870172
-0.01258280 -0.03028504 0.99946210 -3.21118991
0.00000000 0.00000000 0.00000000 1.00000000
163	163	164
0.99979159 -0.01655186 0.01195070 359.92331611
0.01617282 0.99938401 0.03114559 -61.28427241
-0.01245885 -0.03094583 0.99944341 -2.82302219
0.00000000 0.00000000 0.00000000 1.00000000
164	164	165
0.99980864 -0.01510961 0.01242499 368.89720417
0.01469101 0.99934348 0.03311765 -66.59303403
-0.01291722 -0.03292878 0.99937422 -2.39105100
0.00000000 0.00000000 0.00000000 1.00000000
165	165	166
0.99977698 -0.01741956 0.01193905 378.04870841
0.01703247 0.99934940 0.03179096 -71.93498129
-0.01248506 -0.03158051 0.99942323 -1.99759640
0.00000000 0.00000000 0.00000000 1.00000000
166	166	167
0.99977235 -0.01751019 0.01219186 386.73770484
0.01712805 0.99937965 0.03077261 -76.81269599
-0.01272313 -0.03055678 0.99945205 -1.62350996
0.00000000 0.00000000 0.00000000 1.00000000
167	167	168
0.99977036 -0.01739432 0.01251628 395.46904251
0.01700635 0.99939120 0.03046325 -81.66902174
-0.01303855 -0.03024340 0.99945752 -1.28248908
0.00000000 0.00000000 0.00000000 1.00000000
168	168	169
0.99979518 -0.01757038 0.01004366 405.14657036
0.01727112 0.99942601 0.02914373 -86.82339833
-0.01054996 -0.02896429 0.99952477 -0.90693103
0.00000000 0.00000000 0.00000000 1.00000000
169	169	170
0.99978786 -0.01716450 0.01138522 416.64518867
0.01682068 0.99941920 0.02963647 -92.71794962
-0.01188730 -0.02943868 0.99949590 -0.40605569
0.00000000 0.00000000 0.00000000 1.00000000
170	170	171
0.99974882 -0.01986011 0.01038665 431.85043274
0.01952245 0.99930806 0.03165871 -101.46074791
-0.01100821 -0.03144799 0.99944477 0.29678149
0.00000000 0.00000000 0.00000000 1.00000000
171	171	172
0.99974499 -0.01986370 0.01074147 436.68263948
0.01950501 0.99928057 0.03252537 -106.26020268
-0.01137982 -0.03230756 0.99941319 0.62219720
0.00000000 0.00000000 0.00000000 1.00000000
172	172	173
0.99974399 -0.02011155 0.01036720 438.23431808
0.01977023 0.99929116 0.03203617 -112.86992501
-0.01100415 -0.03182301 0.99943294 0.90937941
0.00000000 0.00000000 0.00000000 1.00000000
173	173	174
0.99976441 -0.01932069 0.00989157 438.67071040
0.01898257 0.99926826 0.03320555 -116.91019154
-0.01052589 -0.03300996 0.99939959 1.07218804
0.00000000 0.00000000 0.00000000 1.00000000
174	174	175
0.99976349 -0.01846024 0.01149680 438.91998475
0.01806767 0.99928002 0.03336176 -120.15197738
-0.01210439 -0.03314615 0.99937721 1.20744104
0.00000000 0.00000000 0.00000000 1.00000000
175	175	176
0.99977883 -0.01716136 0.01215677 438.78778578
0.01676744 0.99935375 0.03179534 -123.78268393
-0.01269457 -0.03158447 0.99942047 1.31450963
0.00000000 0.00000000 0.00000000 1.00000000
176	176	177
0.99980757 -0.01556495 0.01193979 435.20945528
0.01516493 0.99934382 0.03289294 -138.07908007
-0.01244393 -0.03270555 0.99938756 1.72542616
0.00000000 0.00000000 0.00000000 1.00000000
177	177	178
0.99980508 -0.01585129 0.01177035 430.32862259
0.01545008 0.99932166 0.03342912 -146.48992213
-0.01229226 -0.03324075 0.99937178 1.87262393
0.00000000 0.00000000 0.00000000 1.00000000
178	178	179
0.99979047 -0.01656449 0.01202600 424.37643252
0.01616036 0.99932608 0.03295787 -155.35608131
-0.01256383 -0.03275662 0.99938439 1.89472163
0.00000000 0.00000000 0.00000000 1.00000000
179	179	180
0.99980638 -0.01600787 0.01144316 418.58068058
0.01563058 0.99935494 0.03233235 -163.91866608
-0.01195335 -0.03214722 0.99941166 1.91739675
0.00000000 0.00000000 0.00000000 1.00000000
180	180	181
0.99978519 -0.01741576 0.01123713 412.97726682
0.01705679 0.99936490 0.03128685 -172.29805993
-0.01177487 -0.03108846 0.99944728 1.78664876
0.00000000 0.00000000 0.00000000 1.00000000
181	181	182
0.99980113 -0.01628239 0.01151467 407.08390563
0.01590422 0.99935474 0.03220511 -181.28523711
-0.01203161 -0.03201557 0.99941495 1.59026958
0.00000000 0.00000000 0.00000000 1.00000000
182	182	183
0.99982175 -0.01552011 0.01075162 399.66888130
0.01518544 0.99941821 0.03053934 -192.09449150
-0.01121933 -0.03037063 0.99947574 1.27940129
0.00000000 0.00000000 0.00000000 1.00000000
183	183	184
0.99985355 -0.01452775 0.00904603 392.17648619
0.01425228 0.99945407 0.02980647 -200.85926406
-0.00947411 -0.02967318 0.99951475 0.93050250
0.00000000 0.00000000 0.00000000 1.00000000
184	184	185
0.99984857 -0.01420545 0.01005238 384.40382950
0.01389609 0.99944717 0.03020350 -206.67801521
-0.01047588 -0.03005924 0.99949322 0.61016814
0.00000000 0.00000000 0.00000000 1.00000000
185	185	186
0.99985898 -0.01437999 0.00867383 377.35571540
0.01411552 0.99945569 0.02981732 -210.39977335
-0.00909788 -0.02969068 0.99951773 0.35239705
0.00000000 0.00000000 0.00000000 1.00000000
186	186	187
0.99986016 -0.01466397 0.00803858 370.89224300
0.01442338 0.99946916 0.02921245 -213.04301490
-0.00846268 -0.02909243 0.99954090 0.18592250
0.00000000 0.00000000 0.00000000 1.00000000
187	187	188
0.99986159 -0.01462313 0.00793447 364.31745489
0.01441255 0.99955864 0.02597683 -215.01771362
-0.00831083 -0.02585888 0.99963106 0.06396064
0.00000000 0.00000000 0.00000000 1.00000000
188	188	189
0.99989243 -0.01288834 0.00700110 355.43156101
0.01273918 0.99969940 0.02094804 -216.51364899
-0.00726898 -0.02085660 0.99975605 -0.09527685
0.00000000 0.00000000 0.00000000 1.00000000
189	189	190
0.99988294 -0.01338371 0.00741478 344.88010381
0.01320126 0.99962161 0.02413238 -217.28530820
-0.00773496 -0.02403167 0.99968127 -0.26835831
0.00000000 0.00000000 0.00000000 1.00000000
190	190	191
0.99986112 -0.01365677 0.00955206 334.41613357
0.01340621 0.99957669 0.02582096 -217.52608018
-0.00990064 -0.02568932 0.99962095 -0.44973050
0.00000000 0.00000000 0.00000000 1.00000000
191	191	192
0.99990048 -0.00986220 0.01008826 324.05828154
0.00964296 0.99972117 0.02155452 -216.87889688
-0.01029802 -0.02145510 0.99971677 -0.64055462
0.00000000 0.00000000 0.00000000 1.00000000
192	192	193
0.99990697 -0.01090999 0.00818678 314.14102471
0.01075326 0.99976259 0.01895051 -215.09392381
-0.00839159 -0.01886071 0.99978690 -0.80560088
0.00000000 0.00000000 0.00000000 1.00000000
193	193	194
0.99992227 -0.00981924 0.00768364 305.07298983
0.00967699 0.99978505 0.01833594 -212.05709846
-0.00786204 -0.01826016 0.99980236 -1.06570115
0.00000000 0.00000000 0.00000000 1.00000000
194	194	195
0.99994712 -0.00837990 0.00596097 296.16216135
0.00828367 0.99983787 0.01598821 -207.89848553
-0.00609399 -0.01593798 0.99985441 -1.34145928
0.00000000 0.00000000 0.00000000 1.00000000
195	195	196
0.99995118 -0.00672167 0.00724225 287.52522122
0.00658987 0.99981496 0.01807250 -202.98006442
-0.00736239 -0.01802389 0.99981045 -1.55798013
0.00000000 0.00000000 0.00000000 1.00000000
196	196	197
0.99991714 -0.00785016 0.01020191 279.18517742
0.00765098 0.99978216 0.01941888 -197.64652070
-0.01035213 -0.01933922 0.99975939 -1.75093512
0.00000000 0.00000000 0.00000000 1.00000000
197	197	198
0.99990921 -0.00750205 0.01119321 270.71096074
0.00728274 0.99978320 0.01950678 -192.04272248
-0.01133712 -0.01942349 0.99974707 -1.84305305
0.00000000 0.00000000 0.00000000 1.00000000
198	198	199
0.99994902 -0.00642550 0.00778906 262.35194022
0.00628989 0.99983036 0.01731147 -185.77261733
-0.00789898 -0.01726160 0.99981981 -2.00886066
0.00000000 0.00000000 0.00000000 1.00000000
199	199	200
0.99995079 -0.00728232 0.00673667 254.05092453
0.00715787 0.99980661 0.01831676 -177.58538541
-0.00686876 -0.01826764 0.99980954 -2.01350873
0.00000000 0.00000000 0.00000000 1.00000000
200	200	201
0.99994964 -0.00723853 0.00695138 247.97543706
0.00710890 0.99980368 0.01849527 -170.06005910
-0.00708389 -0.01844492 0.99980478 -1.92868008
0.00000000 0.00000000 0.00000000 1.00000000
201	201	202
0.99995506 -0.00794150 0.00517835 243.07000651
0.00784763 0.99980893 0.01790309 -163.13955097
-0.00531954 -0.01786164 0.99982632 -1.83939102
0.00000000 0.00000000 0.00000000 1.00000000
202	202	203
0.99996043 -0.00807478 0.00373320 238.73350853
0.00800955 0.99982051 0.01716972 -156.34001698
-0.00387117 -0.01713914 0.99984562 -1.75984874
0.00000000 0.00000000 0.00000000 1.00000000
203	203	204
0.99995826 -0.00821481 0.00400058 234.40479904
0.00813957 0.99979621 0.01847371 -148.03069589
-0.00415153 -0.01844038 0.99982134 -1.74752319
0.00000000 0.00000000 0.00000000 1.00000000
204	204	205
0.99994291 -0.01018977 0.00321695 227.06863248
0.01012769 0.99977279 0.01875602 -133.51599136
-0.00340734 -0.01872237 0.99981892 -1.70538871
0.00000000 0.00000000 0.00000000 1.00000000
205	205	206
0.99993318 -0.01111799 0.00316533 219.94985950
0.01105113 0.99973063 0.02040925 -126.34363847
-0.00339139 -0.02037291 0.99978670 -1.67692719
0.00000000 0.00000000 0.00000000 1.00000000
206	206	207
