0	0	1
0.99707321 0.01525767 0.07491471 16.03854703
-0.01654824 0.99972465 0.01663679 -1.90920165
-0.07464025 -0.01782781 0.99705115 -27.09094756
0.00000000 0.00000000 0.00000000 1.00000000
1	1	2
0.99713179 0.01619920 0.07393095 8.61605666
-0.01744163 0.99971678 0.01619075 11.48796057
-0.07364773 -0.01743379 0.99713192 -26.79468072
0.00000000 0.00000000 0.00000000 1.00000000
2	2	3
0.99715101 0.01544595 0.07383283 4.11463143
-0.01663623 0.99974094 0.01553361 21.68423896
-0.07357377 -0.01671766 0.99714965 -26.62060238
0.00000000 0.00000000 0.00000000 1.00000000
3	3	4
0.99717696 0.01574556 0.07341796 -0.23262956
-0.01689263 0.99974435 0.01502909 30.82215164
-0.07316255 -0.01622688 0.99718801 -26.49002804
0.00000000 0.00000000 0.00000000 1.00000000
4	4	5
0.99714985 0.01545140 0.07384729 -4.73379841
-0.01666054 0.99973659 0.01578559 40.27855570
-0.07358392 -0.01697093 0.99714462 -26.41986020
0.00000000 0.00000000 0.00000000 1.00000000
5	5	6
0.99716497 0.01525745 0.07368337 -9.01166044
-0.01648929 0.99973379 0.01613877 49.16006648
-0.07341752 -0.01730801 0.99715109 -26.40003712
0.00000000 0.00000000 0.00000000 1.00000000
6	6	7
0.99709046 0.01508415 0.07472005 -13.32600475
-0.01627593 0.99974945 0.01536678 58.35951481
-0.07446953 -0.01653821 0.99708614 -26.31050432
0.00000000 0.00000000 0.00000000 1.00000000
7	7	8
0.99720953 0.01442652 0.07324637 -17.69269983
-0.01559830 0.99975895 0.01545099 67.23592396
-0.07300581 -0.01655039 0.99719418 -26.26201703
0.00000000 0.00000000 0.00000000 1.00000000
8	8	9
0.99732576 0.01574329 0.07136865 -22.15800830
-0.01706254 0.99969395 0.01791325 75.98034018
-0.07106480 -0.01908307 0.99728914 -26.13069182
0.00000000 0.00000000 0.00000000 1.00000000
9	9	10
0.99731610 0.01497544 0.07166823 -26.51714460
-0.01625615 0.99971784 0.01732009 84.61198575
-0.07138863 -0.01843865 0.99727814 -26.03686255
0.00000000 0.00000000 0.00000000 1.00000000
10	10	11
0.99738193 0.01642812 0.07042296 -31.04713730
-0.01776379 0.99967322 0.01838223 93.88246171
-0.07009796 -0.01958509 0.99734783 -25.88603479
0.00000000 0.00000000 0.00000000 1.00000000
11	11	12
0.99737405 0.01775033 0.07021341 -35.45703993
-0.01909018 0.99964738 0.01845780 103.15388437
-0.06986102 -0.01974971 0.99736121 -25.71007056
0.00000000 0.00000000 0.00000000 1.00000000
12	12	13
0.99740186 0.01866548 0.06957828 -40.31714109
-0.01995882 0.99963984 0.01793967 113.13749318
-0.06921837 -0.01928177 0.99741517 -25.46374942
0.00000000 0.00000000 0.00000000 1.00000000
13	13	14
0.99741082 0.01871232 0.06943704 -45.41710955
-0.01992335 0.99966053 0.01678919 123.52844358
-0.06909930 -0.01812914 0.99744505 -25.08554388
0.00000000 0.00000000 0.00000000 1.00000000
14	14	15
0.99741795 0.01836354 0.06942769 -50.59658709
-0.01950248 0.99968555 0.01576253 135.49162864
-0.06911641 -0.01707584 0.99746245 -24.87503708
0.00000000 0.00000000 0.00000000 1.00000000
15	15	16
0.99743987 0.01902202 0.06893374 -53.37850208
-0.01997984 0.99971282 0.01323189 147.09942399
-0.06866225 -0.01457529 0.99753349 -25.16904922
0.00000000 0.00000000 0.00000000 1.00000000
16	16	17
0.99746532 0.01883231 0.06861691 -53.11079459
-0.01969026 0.99973592 0.01184853 151.08371609
-0.06837566 -0.01316958 0.99757272 -25.32082947
0.00000000 0.00000000 0.00000000 1.00000000
17	17	18
0.99749812 0.01860437 0.06820106 -52.17530749
-0.01943071 0.99974538 0.01147285 154.55004810
-0.06797025 -0.01276934 0.99760563 -25.55593339
0.00000000 0.00000000 0.00000000 1.00000000
18	18	19
0.99756001 0.01841043 0.06734296 -50.45471317
-0.01919590 0.99975484 0.01103522 158.44269245
-0.06712329 -0.01230100 0.99766886 -25.81631876
0.00000000 0.00000000 0.00000000 1.00000000
19	19	20
0.99755410 0.01816728 0.06749636 -47.80277741
-0.01897081 0.99975637 0.01128300 163.47139594
-0.06727493 -0.01253586 0.99765572 -26.18027690
0.00000000 0.00000000 0.00000000 1.00000000
20	20	21
0.99749440 0.01918519 0.06809448 -41.04928143
-0.02003882 0.99972868 0.01187504 170.79619787
-0.06784818 -0.01320982 0.99760820 -27.21587462
0.00000000 0.00000000 0.00000000 1.00000000
21	21	22
0.99750586 0.01812677 0.06821648 -26.70746113
-0.01903080 0.99973917 0.01262600 178.02039326
-0.06796981 -0.01389272 0.99759065 -28.61540636
0.00000000 0.00000000 0.00000000 1.00000000
22	22	23
0.99747021 0.01871602 0.06857768 -16.78358228
-0.01966852 0.99971888 0.01324051 181.84659111
-0.06831059 -0.01455584 0.99755791 -29.54251172
0.00000000 0.00000000 0.00000000 1.00000000
23	23	24
0.99750810 0.01864006 0.06804516 -7.54350838
-0.01960174 0.99971682 0.01349259 185.04171408
-0.06777439 -0.01479278 0.99759100 -30.26342736
0.00000000 0.00000000 0.00000000 1.00000000
24	24	25
0.99748605 0.01877767 0.06832999 1.80158541
-0.01981290 0.99969849 0.01450427 188.43545007
-0.06803703 -0.01582162 0.99755734 -31.11603674
0.00000000 0.00000000 0.00000000 1.00000000
25	25	26
0.99747536 0.01860087 0.06853397 11.86973994
-0.01968661 0.99969064 0.01520101 191.95236981
-0.06823002 -0.01651184 0.99753297 -32.01458978
0.00000000 0.00000000 0.00000000 1.00000000
26	26	27
0.99744720 0.01857635 0.06894927 21.74802038
-0.01972262 0.99967776 0.01598135 195.49797902
-0.06863018 -0.01730041 0.99749215 -32.85113627
0.00000000 0.00000000 0.00000000 1.00000000
27	27	28
0.99739590 0.01800302 0.06983769 31.52321852
-0.01915949 0.99968961 0.01592498 198.99756960
-0.06952932 -0.01722157 0.99743125 -33.66473590
0.00000000 0.00000000 0.00000000 1.00000000
28	28	29
0.99733552 0.01748778 0.07082404 40.91368016
-0.01870555 0.99968776 0.01656778 202.43636395
-0.07051220 -0.01784844 0.99735122 -34.45588830
0.00000000 0.00000000 0.00000000 1.00000000
29	29	30
0.99723861 0.01633196 0.07244595 50.91007618
-0.01761862 0.99969757 0.01715697 205.98036522
-0.07214383 -0.01838600 0.99722476 -35.27602649
0.00000000 0.00000000 0.00000000 1.00000000
30	30	31
0.99722786 0.01516432 0.07284672 61.17910483
-0.01646953 0.99971382 0.01735004 209.58245008
-0.07256278 -0.01850169 0.99719222 -35.99167943
0.00000000 0.00000000 0.00000000 1.00000000
31	31	32
0.99716836 0.01403383 0.07388042 72.36361235
-0.01536947 0.99972801 0.01754098 213.05108402
-0.07361416 -0.01862681 0.99711283 -36.64527995
0.00000000 0.00000000 0.00000000 1.00000000
32	32	33
0.99715028 0.01342454 0.07423677 80.53049024
-0.01479457 0.99972968 0.01793579 213.98421343
-0.07397593 -0.01898298 0.99707934 -36.85505398
0.00000000 0.00000000 0.00000000 1.00000000
33	33	34
0.99707984 0.01277645 0.07528979 85.18823665
-0.01408280 0.99975892 0.01684569 212.99693711
-0.07505641 -0.01785679 0.99701939 -36.95306809
0.00000000 0.00000000 0.00000000 1.00000000
34	34	35
0.99699865 0.01255249 0.07639449 89.23764913
-0.01386953 0.99976378 0.01673390 211.24144604
-0.07616639 -0.01774323 0.99693724 -37.07706581
0.00000000 0.00000000 0.00000000 1.00000000
35	35	36
0.99700000 0.01281348 0.07633352 93.88751041
-0.01414565 0.99975649 0.01693682 208.54949183
-0.07609792 -0.01796580 0.99693848 -37.25656424
0.00000000 0.00000000 0.00000000 1.00000000
36	36	37
0.99694744 0.01275771 0.07702619 99.65216503
-0.01418575 0.99973697 0.01802097 204.36028943
-0.07677602 -0.01905863 0.99686620 -37.48130769
0.00000000 0.00000000 0.00000000 1.00000000
37	37	38
0.99694000 0.01378312 0.07694587 107.83676845
-0.01533467 0.99969010 0.01960989 193.62327705
-0.07665174 -0.02072982 0.99684241 -37.48614980
0.00000000 0.00000000 0.00000000 1.00000000
38	38	39
0.99690816 0.01535686 0.07706028 109.92483485
-0.01698386 0.99964554 0.02050246 182.66857577
-0.07671811 -0.02174785 0.99681561 -37.40550057
0.00000000 0.00000000 0.00000000 1.00000000
39	39	40
0.99687978 0.01615204 0.07726462 111.00741276
-0.01777197 0.99963547 0.02032457 173.39426789
-0.07690818 -0.02163430 0.99680344 -37.27811738
0.00000000 0.00000000 0.00000000 1.00000000
40	40	41
0.99688098 0.01635063 0.07720728 112.12551736
-0.01798181 0.99962855 0.02047956 164.45476127
-0.07684375 -0.02180401 0.99680471 -37.11611114
0.00000000 0.00000000 0.00000000 1.00000000
41	41	42
0.99684378 0.01743752 0.07744946 113.46516326
-0.01910405 0.99960051 0.02082897 154.40096929
-0.07705532 -0.02224283 0.99677868 -36.86999392
0.00000000 0.00000000 0.00000000 1.00000000
42	42	43
0.99684196 0.01773570 0.07740517 115.10446064
-0.01947041 0.99957462 0.02171384 143.34484935
-0.07698713 -0.02315238 0.99676324 -36.55979640
0.00000000 0.00000000 0.00000000 1.00000000
43	43	44
0.99682804 0.01831277 0.07745004 116.41283407
-0.02006897 0.99955744 0.02195801 132.75568224
-0.07701365 -0.02344271 0.99675440 -36.32708997
0.00000000 0.00000000 0.00000000 1.00000000
44	44	45
0.99682374 0.01888839 0.07736699 117.82789197
-0.02072013 0.99952205 0.02294208 121.64057357
-0.07689668 -0.02447226 0.99673869 -36.13715814
0.00000000 0.00000000 0.00000000 1.00000000
45	45	46
0.99683020 0.01962941 0.07709894 119.16210382
-0.02150792 0.99948984 0.02361059 110.67703352
-0.07659615 -0.02519398 0.99674385 -35.93071446
0.00000000 0.00000000 0.00000000 1.00000000
46	46	47
0.99683770 0.02053740 0.07676466 120.33043881
-0.02244917 0.99945687 0.02412482 99.98358075
-0.07622751 -0.02577183 0.99675733 -35.59315164
0.00000000 0.00000000 0.00000000 1.00000000
47	47	48
0.99685752 0.02116146 0.07633661 121.91878466
-0.02309174 0.99943327 0.02449298 88.28343499
-0.07577504 -0.02617875 0.99678123 -35.15866510
0.00000000 0.00000000 0.00000000 1.00000000
48	48	49
0.99685285 0.02197623 0.07616713 125.42107288
-0.02390741 0.99941304 0.02453598 70.63074200
-0.07558322 -0.02627972 0.99679313 -34.93785218
0.00000000 0.00000000 0.00000000 1.00000000
49	49	50
0.99680641 0.02154451 0.07689487 126.87082531
-0.02350003 0.99942070 0.02461742 63.08634264
-0.07631996 -0.02634583 0.99673525 -35.04159066
0.00000000 0.00000000 0.00000000 1.00000000
50	50	51
0.99681303 0.02209622 0.07665212 127.85267978
-0.02411579 0.99938333 0.02552235 56.76422105
-0.07604090 -0.02728954 0.99673119 -35.01805429
0.00000000 0.00000000 0.00000000 1.00000000
51	51	52
0.99679287 0.02218988 0.07688680 128.69313624
-0.02430068 0.99935002 0.02662727 50.94770427
-0.07624596 -0.02841027 0.99668421 -35.04411508
0.00000000 0.00000000 0.00000000 1.00000000
52	52	53
0.99682214 0.02215996 0.07651512 129.67316471
-0.02428401 0.99934200 0.02694179 45.95325590
-0.07586775 -0.02871427 0.99670436 -35.11559438
0.00000000 0.00000000 0.00000000 1.00000000
53	53	54
0.99687230 0.02261536 0.07572427 130.71671339
-0.02461861 0.99936841 0.02562632 40.33754457
-0.07509689 -0.02741039 0.99679944 -35.14933686
0.00000000 0.00000000 0.00000000 1.00000000
54	54	55
0.99694885 0.02258735 0.07471817 132.18667877
-0.02451483 0.99938730 0.02498081 28.34835488
-0.07410814 -0.02673630 0.99689175 -35.14883858
0.00000000 0.00000000 0.00000000 1.00000000
55	55	56
0.99702001 0.02169509 0.07402994 133.34111894
-0.02368355 0.99937904 0.02608886 17.06851785
-0.07341797 -0.02776441 0.99691471 -34.81927452
0.00000000 0.00000000 0.00000000 1.00000000
56	56	57
0.99710543 0.01892420 0.07363859 134.78614766
-0.02102467 0.99939087 0.02785413 5.79773225
-0.07306662 -0.02932173 0.99689593 -34.55105229
0.00000000 0.00000000 0.00000000 1.00000000
57	57	58
0.99704284 0.01759025 0.07480753 136.32236158
-0.01981997 0.99937798 0.02916886 -6.10870139
-0.07424791 -0.03056529 0.99677129 -34.14913724
0.00000000 0.00000000 0.00000000 1.00000000
58	58	59
0.99706875 0.01657111 0.07469472 137.08780933
-0.01878147 0.99940332 0.02898730 -16.58260803
-0.07416980 -0.03030521 0.99678505 -33.76006935
0.00000000 0.00000000 0.00000000 1.00000000
59	59	60
0.99709105 0.01592678 0.07453709 137.75692826
-0.01818419 0.99939327 0.02970564 -26.96781801
-0.07401875 -0.03097463 0.99677570 -33.52493797
0.00000000 0.00000000 0.00000000 1.00000000
60	60	61
0.99712073 0.01566364 0.07419500 138.09357334
-0.01791669 0.99939533 0.02979892 -37.24715919
-0.07368338 -0.03104245 0.99679844 -33.35086241
0.00000000 0.00000000 0.00000000 1.00000000
61	61	62
0.99712143 0.01532030 0.07425731 138.99290275
-0.01759421 0.99939308 0.03006524 -47.24924490
-0.07375163 -0.03128519 0.99678580 -33.03534669
0.00000000 0.00000000 0.00000000 1.00000000
62	62	63
0.99709990 0.01565415 0.07447640 139.83262635
-0.01792734 0.99939055 0.02995234 -57.78509765
-0.07396213 -0.03120063 0.99677285 -32.67422641
0.00000000 0.00000000 0.00000000 1.00000000
63	63	64
0.99713031 0.01617651 0.07395586 140.84426551
-0.01831222 0.99943196 0.02829182 -68.37804178
-0.07345619 -0.02956493 0.99686012 -32.36775003
0.00000000 0.00000000 0.00000000 1.00000000
64	64	65
0.99709125 0.01645045 0.07442055 141.46530420
-0.01853775 0.99945144 0.02744407 -78.40846576
-0.07392826 -0.02874383 0.99684924 -32.27753829
0.00000000 0.00000000 0.00000000 1.00000000
65	65	66
0.99712796 0.01699702 0.07380340 142.11970392
-0.01905797 0.99944530 0.02731090 -88.34652824
-0.07329826 -0.02863900 0.99689878 -32.09511987
0.00000000 0.00000000 0.00000000 1.00000000
66	66	67
0.99712079 0.01696671 0.07390707 143.31205943
-0.01895198 0.99947591 0.02624361 -98.15596871
-0.07342307 -0.02756873 0.99691977 -31.76948737
0.00000000 0.00000000 0.00000000 1.00000000
67	67	68
0.99713820 0.01697059 0.07367089 143.90222144
-0.01888497 0.99949981 0.02536724 -107.74418748
-0.07320354 -0.02668592 0.99695993 -31.59550951
0.00000000 0.00000000 0.00000000 1.00000000
68	68	69
0.99711817 0.01663812 0.07401706 144.66696312
-0.01839364 0.99956395 0.02309962 -118.19236354
-0.07360045 -0.02439450 0.99698941 -31.48360408
0.00000000 0.00000000 0.00000000 1.00000000
69	69	70
0.99713640 0.01703011 0.07368162 145.40700688
-0.01864870 0.99959843 0.02133539 -128.66942881
-0.07328869 -0.02264836 0.99705357 -31.38920390
0.00000000 0.00000000 0.00000000 1.00000000
70	70	71
0.99712527 0.01721203 0.07378982 146.50431274
-0.01876008 0.99961715 0.02033759 -138.32108623
-0.07341152 -0.02166342 0.99706642 -31.09864430
0.00000000 0.00000000 0.00000000 1.00000000
71	71	72
0.99712512 0.01750743 0.07372236 147.60205418
-0.01896415 0.99963759 0.01910602 -148.27886428
-0.07336114 -0.02044917 0.99709577 -30.87729647
0.00000000 0.00000000 0.00000000 1.00000000
72	72	73
0.99711916 0.01739170 0.07383033 148.58346460
-0.01874512 0.99966800 0.01767821 -158.83158183
-0.07349836 -0.01901124 0.99711412 -30.73950451
0.00000000 0.00000000 0.00000000 1.00000000
73	73	74
0.99713598 0.01696782 0.07370162 150.01374533
-0.01834641 0.99966842 0.01806840 -168.90504428
-0.07337060 -0.01936881 0.99711664 -30.60929899
0.00000000 0.00000000 0.00000000 1.00000000
74	74	75
0.99716360 0.01529760 0.07369355 151.62588553
-0.01684961 0.99964817 0.02048471 -179.65436122
-0.07335426 -0.02166832 0.99707053 -30.50680891
0.00000000 0.00000000 0.00000000 1.00000000
75	75	76
0.99711497 0.01513260 0.07438240 152.95380969
-0.01671799 0.99964516 0.02073780 -190.43588244
-0.07404219 -0.02192149 0.99701414 -30.36972096
0.00000000 0.00000000 0.00000000 1.00000000
76	76	77
0.99705147 0.01500726 0.07525388 154.15790972
-0.01669117 0.99962307 0.02179749 -201.13988853
-0.07489839 -0.02298930 0.99692614 -30.23280355
0.00000000 0.00000000 0.00000000 1.00000000
77	77	78
0.99702932 0.01514960 0.07551838 155.65963646
-0.01684395 0.99961936 0.02185001 -217.52066543
-0.07515861 -0.02305713 0.99690499 -29.97944682
0.00000000 0.00000000 0.00000000 1.00000000
78	78	79
0.99697197 0.01420488 0.07645339 156.46956737
-0.01595537 0.99962323 0.02233422 -228.39629395
-0.07610733 -0.02348643 0.99682298 -29.77539435
0.00000000 0.00000000 0.00000000 1.00000000
79	79	80
0.99694097 0.01289477 0.07708714 156.62733161
-0.01473834 0.99961767 0.02339449 -233.73209967
-0.07675600 -0.02445906 0.99674985 -29.61497353
0.00000000 0.00000000 0.00000000 1.00000000
80	80	81
0.99688167 0.01213809 0.07797182 156.67206785
-0.01409764 0.99959722 0.02463042 -238.55662089
-0.07764145 -0.02565283 0.99665126 -29.49062154
0.00000000 0.00000000 0.00000000 1.00000000
81	81	82
0.99692062 0.01158355 0.07755707 156.76962464
-0.01356522 0.99959358 0.02507316 -243.17977699
-0.07723511 -0.02604803 0.99667258 -29.37780033
0.00000000 0.00000000 0.00000000 1.00000000
82	82	83
0.99693990 0.01123551 0.07736025 156.84121609
-0.01326062 0.99958139 0.02571391 -247.82257556
-0.07703896 -0.02666107 0.99667155 -29.26883328
0.00000000 0.00000000 0.00000000 1.00000000
83	83	84
0.99695759 0.01129695 0.07712293 156.86104648
-0.01337595 0.99955948 0.02649384 -256.38780637
-0.07678966 -0.02744483 0.99666952 -29.07113417
0.00000000 0.00000000 0.00000000 1.00000000
84	84	85
0.99697448 0.01159052 0.07686051 156.80713743
-0.01370899 0.99953892 0.02709250 -273.64932582
-0.07651105 -0.02806421 0.99667370 -28.61492675
0.00000000 0.00000000 0.00000000 1.00000000
85	85	86
0.99701017 0.01252085 0.07624925 156.84631589
-0.01457192 0.99954517 0.02640294 -286.03444672
-0.07588398 -0.02743510 0.99673915 -28.41464263
0.00000000 0.00000000 0.00000000 1.00000000
86	86	87
0.99702355 0.01279748 0.07602807 156.66296081
-0.01482032 0.99954942 0.02610217 -297.65111072
-0.07565977 -0.02715124 0.99676397 -28.11897835
0.00000000 0.00000000 0.00000000 1.00000000
87	87	88
0.99706494 0.01363953 0.07533574 156.01221114
-0.01567306 0.99952679 0.02646798 -308.20100403
-0.07493908 -0.02757104 0.99680689 -27.72064409
0.00000000 0.00000000 0.00000000 1.00000000
88	88	89
0.99710258 0.01279884 0.07498428 155.39909671
-0.01475693 0.99956289 0.02561777 -318.28889801
-0.07462363 -0.02665008 0.99685560 -27.33047784
0.00000000 0.00000000 0.00000000 1.00000000
89	89	90
0.99715668 0.01204061 0.07438799 154.74253750
-0.01405488 0.99954698 0.02661398 -328.68898854
-0.07403384 -0.02758383 0.99687418 -26.65340580
0.00000000 0.00000000 0.00000000 1.00000000
90	90	91
0.99717174 0.01213155 0.07417103 153.90020196
-0.01410383 0.99955918 0.02612532 -339.35517004
-0.07382139 -0.02709753 0.99690327 -26.06766008
0.00000000 0.00000000 0.00000000 1.00000000
91	91	92
0.99716832 0.01216355 0.07421179 153.21149828
-0.01413599 0.99955909 0.02611136 -349.24884277
-0.07386146 -0.02708648 0.99690060 -25.69354950
0.00000000 0.00000000 0.00000000 1.00000000
92	92	93
0.99715970 0.01238479 0.07429104 152.99787621
-0.01434192 0.99956246 0.02586880 -359.24352373
-0.07393816 -0.02686080 0.99690102 -25.33294606
0.00000000 0.00000000 0.00000000 1.00000000
93	93	94
0.99715029 0.01263579 0.07437492 153.67758428
-0.01458452 0.99956287 0.02571695 -369.66655673
-0.07401746 -0.02672839 0.99689870 -25.00701273
0.00000000 0.00000000 0.00000000 1.00000000
94	94	95
0.99713465 0.01288767 0.07454131 154.65013182
-0.01481842 0.99956736 0.02540700 -379.37522353
-0.07418162 -0.02643878 0.99689422 -24.75189182
0.00000000 0.00000000 0.00000000 1.00000000
95	95	96
0.99706550 0.01398877 0.07526428 155.79654162
-0.01588328 0.99957040 0.02463202 -389.64350728
-0.07488738 -0.02575518 0.99685934 -24.72708808
0.00000000 0.00000000 0.00000000 1.00000000
96	96	97
0.99712871 0.01511444 0.07420164 157.72811961
-0.01691059 0.99957755 0.02363797 -400.59929002
-0.07381302 -0.02482490 0.99696307 -24.62233722
0.00000000 0.00000000 0.00000000 1.00000000
97	97	98
0.99713256 0.01563912 0.07404109 159.80492559
-0.01736575 0.99959072 0.02273379 -410.87903078
-0.07365525 -0.02395438 0.99699603 -24.48203123
0.00000000 0.00000000 0.00000000 1.00000000
98	98	99
0.99715632 0.01549024 0.07375180 161.41367266
-0.01718198 0.99960234 0.02235929 -422.03960394
-0.07337612 -0.02356291 0.99702594 -24.38834889
0.00000000 0.00000000 0.00000000 1.00000000
99	99	100
0.99720428 0.01516944 0.07316774 160.87963505
-0.01670779 0.99965108 0.02045884 -439.35257230
-0.07283186 -0.02162411 0.99710978 -24.07434327
0.00000000 0.00000000 0.00000000 1.00000000
100	100	101
0.99717953 0.01477021 0.07358551 158.64642031
-0.01630695 0.99966040 0.02032676 -444.47163134
-0.07326029 -0.02146939 0.99708174 -24.03414455
0.00000000 0.00000000 0.00000000 1.00000000
101	101	102
0.99726030 0.01540672 0.07235003 156.65064284
-0.01687515 0.99966294 0.01972894 -448.23596645
-0.07202169 -0.02089581 0.99718416 -23.99570998
0.00000000 0.00000000 0.00000000 1.00000000
102	102	103
0.99732727 0.01517843 0.07146975 154.54390112
-0.01662835 0.99966694 0.01973604 -451.59606100
-0.07114638 -0.02087171 0.99724749 -23.86878490
0.00000000 0.00000000 0.00000000 1.00000000
103	103	104
0.99728456 0.01519949 0.07205884 151.43307972
-0.01669583 0.99965637 0.02020875 -455.39533068
-0.07172691 -0.02135696 0.99719563 -23.67615068
0.00000000 0.00000000 0.00000000 1.00000000
104	104	105
0.99721387 0.01516096 0.07303859 147.02359888
-0.01665972 0.99966207 0.01995477 -458.43632195
-0.07271137 -0.02111598 0.99712947 -23.39321453
0.00000000 0.00000000 0.00000000 1.00000000
105	105	106
0.99731127 0.01622778 0.07146256 133.88404928
-0.01764371 0.99965945 0.01922719 -464.57458962
-0.07112621 -0.02043636 0.99725795 -22.76824594
0.00000000 0.00000000 0.00000000 1.00000000
106	106	107
0.99740244 0.01853379 0.06960514 122.04944534
-0.02009234 0.99956134 0.02175840 -469.78647466
-0.06917134 -0.02310041 0.99733730 -21.86642587
0.00000000 0.00000000 0.00000000 1.00000000
107	107	108
0.99762225 0.01930903 0.06615902 110.62564781
-0.02099566 0.99946960 0.02489377 -474.09127772
-0.06564325 -0.02622364 0.99749851 -20.91159136
0.00000000 0.00000000 0.00000000 1.00000000
108	108	109
0.99772519 0.01992922 0.06439927 100.56147194
-0.02164878 0.99942450 0.02611503 -477.70869224
-0.06384176 -0.02744979 0.99758245 -20.17622129
0.00000000 0.00000000 0.00000000 1.00000000
109	109	110
0.99742867 0.02097010 0.06852951 90.13381943
-0.02247382 0.99952166 0.02124573 -481.40542764
-0.06805121 -0.02273122 0.99742284 -19.48188466
0.00000000 0.00000000 0.00000000 1.00000000
110	110	111
0.99752306 0.02172109 0.06690244 80.73879921
-0.02329654 0.99946723 0.02285893 -484.60771562
-0.06637027 -0.02436090 0.99749764 -18.85426217
0.00000000 0.00000000 0.00000000 1.00000000
111	111	112
0.99750234 0.02202516 0.06711171 71.17014297
-0.02359790 0.99946304 0.02273265 -488.00515749
-0.06657499 -0.02425957 0.99748646 -18.19721686
0.00000000 0.00000000 0.00000000 1.00000000
112	112	113
0.99753588 0.02139085 0.06681765 61.58900802
-0.02307439 0.99943285 0.02452658 -491.54142519
-0.06625511 -0.02600792 0.99746371 -17.43107235
0.00000000 0.00000000 0.00000000 1.00000000
113	113	114
0.99762032 0.01965764 0.06608531 49.40340032
-0.02136329 0.99945406 0.02520297 -496.12261120
-0.06555380 -0.02655479 0.99749564 -16.29512963
0.00000000 0.00000000 0.00000000 1.00000000
114	114	115
0.99778356 0.01999798 0.06346684 44.22412308
-0.02167560 0.99943067 0.02585545 -496.75731384
-0.06291364 -0.02717383 0.99764896 -15.84020534
0.00000000 0.00000000 0.00000000 1.00000000
115	115	116
0.99781444 0.01852132 0.06342947 40.41427879
-0.02009918 0.99950194 0.02432871 -496.23140746
-0.06294728 -0.02555042 0.99768974 -15.54537030
0.00000000 0.00000000 0.00000000 1.00000000
116	116	117
0.99778895 0.01668379 0.06433392 36.36839527
-0.01828953 0.99953369 0.02445185 -495.13051848
-0.06389598 -0.02557442 0.99762882 -15.23616329
0.00000000 0.00000000 0.00000000 1.00000000
117	117	118
0.99780689 0.01667882 0.06405649 31.28587644
-0.01822554 0.99955443 0.02363826 -493.45064297
-0.06363369 -0.02475389 0.99766628 -14.87551119
0.00000000 0.00000000 0.00000000 1.00000000
118	118	119
0.99765204 0.01532478 0.06675002 24.23511447
-0.01718421 0.99947760 0.02737202 -490.57082903
-0.06629568 -0.02845479 0.99739421 -14.34641213
0.00000000 0.00000000 0.00000000 1.00000000
119	119	120
0.99743891 0.01240098 0.07044029 14.31683977
-0.01434775 0.99952708 0.02719866 -476.87272075
-0.07006969 -0.02813966 0.99714512 -13.91306171
0.00000000 0.00000000 0.00000000 1.00000000
120	120	121
0.99714257 0.01154726 0.07465487 10.99837777
-0.01381084 0.99945820 0.02987579 -465.46228276
-0.07426944 -0.03082147 0.99676180 -14.05282800
0.00000000 0.00000000 0.00000000 1.00000000
121	121	122
0.99712233 0.01147003 0.07493656 8.08604732
-0.01369183 0.99947973 0.02920288 -454.92635903
-0.07456262 -0.03014486 0.99676060 -14.16844085
0.00000000 0.00000000 0.00000000 1.00000000
122	122	123
0.99705498 0.01011451 0.07602020 4.98711032
-0.01213558 0.99958381 0.02617127 -443.98017812
-0.07572385 -0.02701675 0.99676276 -14.30744237
0.00000000 0.00000000 0.00000000 1.00000000
123	123	124
0.99731890 0.00953949 0.07255344 1.49792504
-0.01145289 0.99959628 0.02600222 -431.68567866
-0.07227610 -0.02676346 0.99702552 -14.49073999
0.00000000 0.00000000 0.00000000 1.00000000
124	124	125
0.99738007 0.00975576 0.07167865 0.63669373
-0.01148654 0.99965137 0.02377390 -423.22849213
-0.07142173 -0.02453495 0.99714441 -14.71406895
0.00000000 0.00000000 0.00000000 1.00000000
125	125	126
0.99729380 0.01046047 0.07277121 1.22704944
-0.01217320 0.99965830 0.02313219 -417.32429881
-0.07250437 -0.02395544 0.99708036 -14.88105973
0.00000000 0.00000000 0.00000000 1.00000000
126	126	127
0.99713881 0.01007716 0.07491757 2.99610672
-0.01184605 0.99966056 0.02320433 -410.71601373
-0.07465831 -0.02402542 0.99691971 -15.17280637
0.00000000 0.00000000 0.00000000 1.00000000
127	127	128
0.99712227 0.01024703 0.07511447 6.18989558
-0.01192431 0.99968872 0.02191518 -403.16170905
-0.07486653 -0.02274780 0.99693407 -15.56881156
0.00000000 0.00000000 0.00000000 1.00000000
128	128	129
0.99701700 0.01019009 0.07650664 9.70064680
-0.01176380 0.99972782 0.02014710 -396.38007338
-0.07628051 -0.02098701 0.99686550 -16.04444798
0.00000000 0.00000000 0.00000000 1.00000000
129	129	130
0.99696490 0.00986886 0.07722435 12.17263001
-0.01146625 0.99972881 0.02026914 -390.49113310
-0.07700337 -0.02109310 0.99680769 -16.40350799
0.00000000 0.00000000 0.00000000 1.00000000
130	130	131
0.99695972 0.01001958 0.07727180 14.11879570
-0.01170445 0.99970285 0.02138259 -384.42741050
-0.07703459 -0.02222200 0.99678075 -16.73040783
0.00000000 0.00000000 0.00000000 1.00000000
131	131	132
0.99693027 0.01032693 0.07761054 15.23831051
-0.01211058 0.99967244 0.02254667 -377.71875348
-0.07735228 -0.02341737 0.99672878 -17.00452862
0.00000000 0.00000000 0.00000000 1.00000000
132	132	133
0.99689217 0.01026812 0.07810615 14.00819140
-0.01208181 0.99966741 0.02278381 -373.38741515
-0.07784622 -0.02365666 0.99668467 -17.05108031
0.00000000 0.00000000 0.00000000 1.00000000
133	133	134
0.99679757 0.01077625 0.07923684 11.00335194
-0.01274909 0.99962014 0.02443443 -372.72062324
-0.07894343 -0.02536638 0.99655631 -16.86878964
0.00000000 0.00000000 0.00000000 1.00000000
134	134	135
0.99665371 0.01226904 0.08081374 8.08456428
-0.01436874 0.99957278 0.02545196 -372.23244486
-0.08046694 -0.02652798 0.99640420 -16.67207812
0.00000000 0.00000000 0.00000000 1.00000000
135	135	136
0.99661218 0.01340121 0.08114536 5.12316144
-0.01554582 0.99954481 0.02585541 -372.70437570
-0.08076193 -0.02702929 0.99636686 -16.44826763
0.00000000 0.00000000 0.00000000 1.00000000
136	136	137
0.99659504 0.01317028 0.08139324 2.49178213
-0.01534163 0.99954135 0.02610969 -374.32804400
-0.08101204 -0.02726949 0.99634001 -16.19824810
0.00000000 0.00000000 0.00000000 1.00000000
137	137	138
0.99659252 0.01240074 0.08154488 0.66927193
-0.01460088 0.99954377 0.02643995 -376.65772526
-0.08117980 -0.02754049 0.99631891 -15.99558991
0.00000000 0.00000000 0.00000000 1.00000000
138	138	139
0.99657607 0.01321919 0.08161734 -0.48553547
-0.01544554 0.99952397 0.02670701 -379.35786196
-0.08122544 -0.02787619 0.99630585 -15.83435434
0.00000000 0.00000000 0.00000000 1.00000000
139	139	140
0.99659706 0.01266567 0.08144858 -1.17992305
-0.01490252 0.99952666 0.02691421 -382.34282366
-0.08106914 -0.02803641 0.99631408 -15.70899854
0.00000000 0.00000000 0.00000000 1.00000000
140	140	141
0.99755349 0.01495806 0.06828823 -23.56871226
-0.01722468 0.99931597 0.03272466 -371.72617780
-0.06775203 -0.03382085 0.99712878 -14.92696652
0.00000000 0.00000000 0.00000000 1.00000000
141	141	142
0.99754922 0.01509240 0.06832114 -22.40163468
-0.01737171 0.99930795 0.03289141 -385.34346326
-0.06777745 -0.03399766 0.99712104 -14.87461096
0.00000000 0.00000000 0.00000000 1.00000000
142	142	143
0.99764863 0.01578966 0.06669250 -17.71759995
-0.01797134 0.99931856 0.03224030 -395.17816182
-0.06613799 -0.03336305 0.99725256 -15.11058581
0.00000000 0.00000000 0.00000000 1.00000000
143	143	144
0.99766045 0.01508671 0.06667845 -13.44927095
-0.01722882 0.99934993 0.03166847 -403.16784537
-0.06615734 -0.03274317 0.99727182 -15.29966451
0.00000000 0.00000000 0.00000000 1.00000000
144	144	145
0.99758963 0.01452164 0.06785317 -9.19137128
-0.01663891 0.99938881 0.03074349 -410.90011146
-0.06736525 -0.03179839 0.99722153 -15.46034874
0.00000000 0.00000000 0.00000000 1.00000000
145	145	146
0.99760916 0.01506178 0.06744714 -4.75634425
-0.01700134 0.99945557 0.02827568 -418.98460787
-0.06698454 -0.02935477 0.99732210 -15.67128710
0.00000000 0.00000000 0.00000000 1.00000000
146	146	147
0.99777683 0.01455200 0.06503560 -0.33758626
-0.01636933 0.99948780 0.02749872 -428.19468340
-0.06460213 -0.02850217 0.99750398 -15.77287326
0.00000000 0.00000000 0.00000000 1.00000000
147	147	148
0.99783740 0.01299266 0.06443374 3.72196444
-0.01478408 0.99951511 0.02740410 -438.82290878
-0.06404645 -0.02829743 0.99754564 -15.55694745
0.00000000 0.00000000 0.00000000 1.00000000
148	148	149
0.99793258 0.01277758 0.06298658 7.04524611
-0.01449284 0.99953438 0.02685105 -449.96673258
-0.06261416 -0.02770839 0.99765310 -15.36721409
0.00000000 0.00000000 0.00000000 1.00000000
149	149	150
0.99783903 0.01259287 0.06448783 9.83124935
-0.01430347 0.99955613 0.02613334 -459.55040535
-0.06413011 -0.02699926 0.99757625 -15.20354939
0.00000000 0.00000000 0.00000000 1.00000000
150	150	151
0.99790582 0.01181460 0.06359546 12.51474848
-0.01340332 0.99960719 0.02461316 -469.10730243
-0.06327968 -0.02541401 0.99767220 -15.03516014
0.00000000 0.00000000 0.00000000 1.00000000
151	151	152
0.99799099 0.01103897 0.06238688 14.89951208
-0.01249586 0.99965712 0.02301071 -478.39953281
-0.06211148 -0.02374406 0.99778674 -14.91713368
0.00000000 0.00000000 0.00000000 1.00000000
152	152	153
0.99797523 0.01108542 0.06263034 17.56591452
-0.01248656 0.99967945 0.02202459 -488.51372210
-0.06236612 -0.02276204 0.99779374 -14.75723692
0.00000000 0.00000000 0.00000000 1.00000000
153	153	154
0.99799187 0.01161674 0.06226786 19.99204949
-0.01300047 0.99967644 0.02186320 -498.09586572
-0.06199374 -0.02262880 0.99781998 -14.63822131
0.00000000 0.00000000 0.00000000 1.00000000
154	154	155
0.99790788 0.01133836 0.06364978 22.63250638
-0.01265781 0.99971248 0.02036507 -508.19556881
-0.06340058 -0.02112813 0.99776449 -14.53389472
0.00000000 0.00000000 0.00000000 1.00000000
155	155	156
0.99792871 0.01139353 0.06331248 25.27699380
-0.01249983 0.99977556 0.01710516 -518.07812360
-0.06310338 -0.01786112 0.99784715 -14.44900047
0.00000000 0.00000000 0.00000000 1.00000000
156	156	157
0.99793365 0.01165232 0.06318745 27.97686240
-0.01268375 0.99979239 0.01594689 -527.76577398
-0.06298851 -0.01671539 0.99787426 -14.38296533
0.00000000 0.00000000 0.00000000 1.00000000
157	157	158
0.99800096 0.01129991 0.06218042 30.79769987
-0.01213215 0.99984159 0.01302296 -537.20338105
-0.06202342 -0.01375131 0.99797996 -14.26721313
0.00000000 0.00000000 0.00000000 1.00000000
158	158	159
0.99790385 0.01198423 0.06359469 33.70543499
-0.01283845 0.99983254 0.01304058 -547.45561207
-0.06342776 -0.01382971 0.99789060 -14.25579566
0.00000000 0.00000000 0.00000000 1.00000000
159	159	160
0.99805014 0.01252396 0.06114794 36.48695704
-0.01330322 0.99983519 0.01235353 -557.05392385
-0.06098315 -0.01314291 0.99805226 -14.22702091
0.00000000 0.00000000 0.00000000 1.00000000
160	160	161
0.99803938 0.01328982 0.06116189 39.14418431
-0.01404460 0.99983023 0.01192742 -566.80106375
-0.06099300 -0.01276303 0.99805659 -14.18256607
0.00000000 0.00000000 0.00000000 1.00000000
161	161	162
0.99826908 0.01336775 0.05727259 41.49591796
-0.01401865 0.99984146 0.01097835 -575.95194831
-0.05711676 -0.01176223 0.99829822 -14.23238742
0.00000000 0.00000000 0.00000000 1.00000000
162	162	163
0.99808278 0.01222845 0.06067306 44.02683828
-0.01298762 0.99984203 0.01213394 -585.59421295
-0.06051510 -0.01289867 0.99808394 -14.19434514
0.00000000 0.00000000 0.00000000 1.00000000
163	163	164
0.99818691 0.01184462 0.05901352 46.61616973
-0.01257326 0.99984905 0.01199090 -594.90584445
-0.05886258 -0.01271115 0.99818516 -14.22973504
0.00000000 0.00000000 0.00000000 1.00000000
164	164	165
0.99810102 0.01177378 0.06046258 49.33441551
-0.01247224 0.99985963 0.01118748 -604.86442591
-0.06032237 -0.01192034 0.99810777 -14.23835058
0.00000000 0.00000000 0.00000000 1.00000000
165	165	166
0.99816094 0.01151380 0.05951616 52.16411338
-0.01211209 0.99987958 0.00970169 -614.97173938
-0.05939729 -0.01040471 0.99818020 -14.29600931
0.00000000 0.00000000 0.00000000 1.00000000
166	166	167
0.99810238 0.01168646 0.06045720 55.97686404
-0.01215801 0.99989843 0.00743776 -629.16170814
-0.06036414 -0.00815869 0.99814308 -14.37772989
0.00000000 0.00000000 0.00000000 1.00000000
167	167	168
0.99781511 0.01162822 0.06503692 58.12928202
-0.01228990 0.99987662 0.00978311 -639.53501578
-0.06491513 -0.01056104 0.99783490 -14.22631831
0.00000000 0.00000000 0.00000000 1.00000000
168	168	169
0.99807286 0.01253096 0.06077456 57.60310049
-0.01315459 0.99986474 0.00987210 -643.44663770
-0.06064263 -0.01065254 0.99810270 -14.04107496
0.00000000 0.00000000 0.00000000 1.00000000
169	169	170
0.99791527 0.01327563 0.06315751 56.20339423
-0.01385407 0.99986592 0.00872962 -646.91939861
-0.06303315 -0.00958641 0.99796539 -13.83115739
0.00000000 0.00000000 0.00000000 1.00000000
170	170	171
0.99805503 0.01320265 0.06092490 53.98523899
-0.01399061 0.99982368 0.01252501 -650.96075817
-0.06074879 -0.01335303 0.99806377 -13.57792806
0.00000000 0.00000000 0.00000000 1.00000000
171	171	172
0.99822306 0.01304697 0.05814199 50.50525155
-0.01392535 0.99979456 0.01472805 -655.56920234
-0.05793789 -0.01551152 0.99819968 -13.29581052
0.00000000 0.00000000 0.00000000 1.00000000
172	172	173
0.99819655 0.01510453 0.05809907 43.82137598
-0.01596804 0.99976841 0.01442717 -662.14811968
-0.05786770 -0.01532888 0.99820657 -12.69567411
0.00000000 0.00000000 0.00000000 1.00000000
173	173	174
0.99801097 0.01440183 0.06137334 24.61774917
-0.01541373 0.99975244 0.01604624 -667.86186824
-0.06112705 -0.01696031 0.99798589 -11.40542099
0.00000000 0.00000000 0.00000000 1.00000000
174	174	175
0.99804453 0.01560599 0.06052740 13.64188090
-0.01681453 0.99966828 0.01950914 -668.59261823
-0.06020287 -0.02048873 0.99797586 -10.94552370
0.00000000 0.00000000 0.00000000 1.00000000
175	175	176
0.99799445 0.01565741 0.06133444 5.13824321
-0.01679848 0.99969446 0.01813267 -669.05498179
-0.06103179 -0.01912663 0.99795255 -10.52117724
0.00000000 0.00000000 0.00000000 1.00000000
176	176	177
0.99797586 0.01591856 0.06156933 -4.01148754
-0.01703072 0.99970038 0.01758111 -669.31135415
-0.06127102 -0.01859409 0.99794796 -10.09498776
0.00000000 0.00000000 0.00000000 1.00000000
177	177	178
0.99785906 0.01587651 0.06344477 -12.43546711
-0.01698330 0.99971219 0.01694391 -669.68139061
-0.06315750 -0.01798514 0.99784150 -9.53955826
0.00000000 0.00000000 0.00000000 1.00000000
178	178	179
0.99785532 0.01594653 0.06348601 -19.12964148
-0.01705830 0.99970982 0.01700876 -670.35983933
-0.06319636 -0.01805525 0.99783778 -9.02803269
0.00000000 0.00000000 0.00000000 1.00000000
179	179	180
0.99783953 0.01622810 0.06366251 -25.53820010
-0.01734728 0.99970386 0.01706664 -671.64074633
-0.06336670 -0.01813414 0.99782554 -8.53191904
0.00000000 0.00000000 0.00000000 1.00000000
180	180	181
0.99786693 0.01625314 0.06322516 -31.99412182
-0.01734411 0.99970935 0.01674489 -674.09411888
-0.06293463 -0.01780576 0.99785880 -8.01457495
0.00000000 0.00000000 0.00000000 1.00000000
181	181	182
0.99786957 0.01646008 0.06312987 -38.95013633
-0.01758793 0.99969475 0.01735169 -677.69542657
-0.06282499 -0.01842505 0.99785447 -7.45223631
0.00000000 0.00000000 0.00000000 1.00000000
182	182	183
0.99790915 0.01698001 0.06236197 -46.07954600
-0.01810710 0.99968196 0.01755287 -683.15123573
-0.06204409 -0.01864536 0.99789923 -6.78579577
0.00000000 0.00000000 0.00000000 1.00000000
183	183	184
0.99796559 0.01604225 0.06170357 -54.73840699
-0.01719918 0.99968525 0.01826451 -695.27069676
-0.06139115 -0.01928860 0.99792739 -5.73405864
0.00000000 0.00000000 0.00000000 1.00000000
184	184	185
0.99794135 0.01736506 0.06173744 -58.49617179
-0.01847819 0.99967601 0.01750502 -706.64035908
-0.06141346 -0.01860978 0.99793891 -5.31089376
0.00000000 0.00000000 0.00000000 1.00000000
185	185	186
0.99782640 0.01745260 0.06354436 -60.92250737
-0.01857243 0.99968170 0.01707501 -717.47988652
-0.06322613 -0.01821807 0.99783293 -4.83275916
0.00000000 0.00000000 0.00000000 1.00000000
186	186	187
0.99781753 0.01741239 0.06369448 -63.70901009
-0.01848810 0.99969558 0.01633840 -729.36480210
-0.06339059 -0.01748034 0.99783569 -4.29486798
0.00000000 0.00000000 0.00000000 1.00000000
187	187	188
0.99782699 0.01610901 0.06388900 -68.52216069
-0.01736463 0.99966588 0.01914676 -747.12616310
-0.06355922 -0.02021456 0.99777332 -3.76508717
0.00000000 0.00000000 0.00000000 1.00000000
188	188	189
0.99778854 0.01623299 0.06445555 -70.10803963
-0.01758739 0.99963512 0.02050143 -752.99733011
-0.06409923 -0.02158969 0.99770996 -3.65393567
0.00000000 0.00000000 0.00000000 1.00000000
189	189	190
0.99778840 0.01631877 0.06443607 -71.67742237
-0.01758674 0.99966174 0.01916001 -758.55428689
-0.06410161 -0.02025086 0.99773788 -3.59338824
0.00000000 0.00000000 0.00000000 1.00000000
190	190	191
0.99785521 0.01510654 0.06369287 -73.03671470
-0.01628412 0.99970519 0.01800995 -763.63519891
-0.06340203 -0.01900850 0.99780703 -3.57230071
0.00000000 0.00000000 0.00000000 1.00000000
191	191	192
0.99794963 0.01431607 0.06238260 -74.29039317
-0.01543709 0.99972724 0.01752531 -768.73145802
-0.06211469 -0.01845238 0.99789843 -3.58867181
0.00000000 0.00000000 0.00000000 1.00000000
192	192	193
0.99792022 0.01327811 0.06307875 -75.60015745
-0.01439970 0.99974561 0.01735959 -774.31426423
-0.06283220 -0.01823180 0.99785756 -3.63351189
0.00000000 0.00000000 0.00000000 1.00000000
193	193	194
0.99792789 0.01342665 0.06292579 -79.33616414
-0.01458380 0.99973223 0.01796603 -787.91628022
-0.06266772 -0.01884650 0.99785649 -3.70224118
0.00000000 0.00000000 0.00000000 1.00000000
194	194	195
0.99785478 0.01218439 0.06432241 -82.53891732
-0.01337812 0.99974558 0.01816058 -794.93129482
-0.06408477 -0.01898213 0.99776391 -3.62153243
0.00000000 0.00000000 0.00000000 1.00000000
195	195	196
0.99779574 0.01055458 0.06551529 -86.75450714
-0.01169214 0.99978705 0.01700420 -801.56994670
-0.06532187 -0.01773273 0.99770667 -3.47102791
0.00000000 0.00000000 0.00000000 1.00000000
196	196	197
0.99784598 0.01027294 0.06479096 -93.13770402
-0.01150427 0.99975969 0.01866027 -808.95314103
-0.06458370 -0.01936544 0.99772437 -3.21576659
0.00000000 0.00000000 0.00000000 1.00000000
197	197	198
0.99789933 0.00820156 0.06426249 -103.11568596
-0.00940290 0.99978623 0.01841416 -816.08013476
-0.06409772 -0.01897973 0.99776312 -2.78725179
0.00000000 0.00000000 0.00000000 1.00000000
198	198	199
0.99774867 0.00673456 0.06672503 -116.05539752
-0.00802408 0.99978582 0.01907683 -820.17540144
-0.06658227 -0.01956929 0.99758902 -2.24300116
0.00000000 0.00000000 0.00000000 1.00000000
199	199	200
0.99774786 0.00529088 0.06686713 -127.89071184
-0.00653969 0.99980801 0.01847094 -821.88960318
-0.06675656 -0.01886663 0.99759090 -1.72769388
0.00000000 0.00000000 0.00000000 1.00000000
200	200	201
0.99783886 0.00439153 0.06556162 -138.56466454
-0.00558773 0.99982105 0.01807320 -823.41170372
-0.06547052 -0.01840049 0.99768484 -1.20417971
0.00000000 0.00000000 0.00000000 1.00000000
201	201	202
0.99785498 0.00314984 0.06538742 -152.83577867
-0.00438520 0.99981444 0.01875806 -825.95174110
-0.06531620 -0.01900456 0.99768363 -0.49550771
0.00000000 0.00000000 0.00000000 1.00000000
202	202	203
0.99789406 0.00259703 0.06481277 -160.76060343
-0.00386596 0.99980315 0.01946065 -827.62170545
-0.06474947 -0.01967023 0.99770767 -0.05830368
0.00000000 0.00000000 0.00000000 1.00000000
203	203	204
0.99791435 0.00227216 0.06451189 -166.62548268
-0.00360193 0.99978328 0.02050393 -828.95861327
-0.06445132 -0.02069353 0.99770627 0.14067945
0.00000000 0.00000000 0.00000000 1.00000000
204	204	205
0.99787332 0.00202747 0.06515149 -172.44684776
-0.00339619 0.99977571 0.02090432 -830.36087930
