0	0	1
0.99715756 0.01298473 0.07421729 16.28956774
-0.01435646 0.99973529 0.01797905 -2.09263551
-0.07396419 -0.01899344 0.99708001 -27.00496661
0.00000000 0.00000000 0.00000000 1.00000000
1	1	2
0.99721752 0.01392601 0.07323450 8.83628582
-0.01524855 0.99973004 0.01753084 11.28786202
-0.07297059 -0.01859878 0.99716066 -26.72934264
0.00000000 0.00000000 0.00000000 1.00000000
2	2	3
0.99723485 0.01317224 0.07313787 4.31145656
-0.01444302 0.99975331 0.01687350 21.47402051
-0.07289757 -0.01788318 0.99717909 -26.57021928
0.00000000 0.00000000 0.00000000 1.00000000
3	3	4
0.99726111 0.01347152 0.07272414 -0.05676146
-0.01469887 0.99975799 0.01636808 30.60211815
-0.07248604 -0.01739221 0.99721777 -26.45325377
0.00000000 0.00000000 0.00000000 1.00000000
4	4	5
0.99723376 0.01317787 0.07315176 -4.57957478
-0.01446734 0.99974867 0.01712551 40.04828330
-0.07290770 -0.01813645 0.99717377 -26.39717061
0.00000000 0.00000000 0.00000000 1.00000000
5	5	6
0.99724759 0.01304907 0.07298602 -8.87555286
-0.01436189 0.99974386 0.01749144 48.91723938
-0.07273908 -0.01849151 0.99717957 -26.39065821
0.00000000 0.00000000 0.00000000 1.00000000
6	6	7
0.99717257 0.01291441 0.07402754 -13.20791068
-0.01419050 0.99975920 0.01673811 58.10368402
-0.07379355 -0.01774127 0.99711572 -26.31499858
0.00000000 0.00000000 0.00000000 1.00000000
7	7	8
0.99728771 0.01221174 0.07258163 -17.59130649
-0.01346802 0.99976741 0.01684436 66.96513684
-0.07235905 -0.01777620 0.99722022 -26.27987503
0.00000000 0.00000000 0.00000000 1.00000000
8	8	9
0.99740397 0.01356907 0.07071917 -22.07336225
-0.01497266 0.99970055 0.01935523 75.69468896
-0.07043536 -0.02036384 0.99730847 -26.16201845
0.00000000 0.00000000 0.00000000 1.00000000
9	9	10
0.99739085 0.01281669 0.07104382 -26.44879666
-0.01418617 0.99972251 0.01880565 84.31257537
-0.07078308 -0.01976442 0.99729591 -26.08195948
0.00000000 0.00000000 0.00000000 1.00000000
10	10	11
0.99746138 0.01425710 0.06976776 -30.99730068
-0.01568681 0.99967716 0.01998759 93.56823497
-0.06946027 -0.02103128 0.99736300 -25.94756692
0.00000000 0.00000000 0.00000000 1.00000000
11	11	12
0.99745787 0.01560537 0.06952890 -35.42594204
-0.01704259 0.99965219 0.02012586 102.82619218
-0.06919065 -0.02125965 0.99737690 -25.78937496
0.00000000 0.00000000 0.00000000 1.00000000
12	12	13
0.99748736 0.01650181 0.06889603 -40.30681155
-0.01788956 0.99964834 0.01957447 112.79653238
-0.06854879 -0.02075780 0.99743179 -25.56225687
0.00000000 0.00000000 0.00000000 1.00000000
13	13	14
0.99749447 0.01650364 0.06879258 -45.42897515
-0.01780124 0.99967420 0.01829233 123.17419818
-0.06846827 -0.01947110 0.99746327 -25.20314971
0.00000000 0.00000000 0.00000000 1.00000000
14	14	15
0.99749922 0.01610665 0.06881779 -50.63461151
-0.01731873 0.99970459 0.01705270 135.12415061
-0.06852280 -0.01820189 0.99748349 -25.01212010
0.00000000 0.00000000 0.00000000 1.00000000
15	15	16
0.99752104 0.01688527 0.06831294 -53.43989335
-0.01785705 0.99974751 0.01363989 146.72772443
-0.06806538 -0.01482595 0.99757070 -25.30853708
0.00000000 0.00000000 0.00000000 1.00000000
16	16	17
0.99755144 0.01671314 0.06791021 -53.17873460
-0.01756337 0.99977443 0.01194218 150.71228137
-0.06769530 -0.01310567 0.99761996 -25.45610080
0.00000000 0.00000000 0.00000000 1.00000000
17	17	18
0.99758144 0.01643816 0.06753567 -52.24943525
-0.01725283 0.99978505 0.01149735 154.17913460
-0.06733216 -0.01263472 0.99765061 -25.68630708
0.00000000 0.00000000 0.00000000 1.00000000
18	18	19
0.99762876 0.01618919 0.06689367 -50.53674582
-0.01697279 0.99979364 0.01116247 158.07342082
-0.06669915 -0.01227137 0.99769767 -25.94061823
0.00000000 0.00000000 0.00000000 1.00000000
19	19	20
0.99761190 0.01586672 0.06722153 -47.89543698
-0.01668029 0.99979406 0.01155891 163.10578361
-0.06702429 -0.01265258 0.99767112 -26.29971488
0.00000000 0.00000000 0.00000000 1.00000000
20	20	21
0.99754490 0.01672944 0.06800221 -41.15921350
-0.01762345 0.99976570 0.01256807 170.44736756
-0.06777602 -0.01373564 0.99760601 -27.33698027
0.00000000 0.00000000 0.00000000 1.00000000
21	21	22
0.99755758 0.01564866 0.06807344 -26.83485946
-0.01660646 0.99977060 0.01352692 177.70750945
-0.06784615 -0.01462434 0.99758861 -28.74057195
0.00000000 0.00000000 0.00000000 1.00000000
22	22	23
0.99754105 0.01640055 0.06813871 -16.91989402
-0.01740677 0.99974765 0.01419980 181.55872312
-0.06788863 -0.01535096 0.99757480 -29.66991137
0.00000000 0.00000000 0.00000000 1.00000000
23	23	24
0.99759516 0.01648611 0.06732085 -7.68634136
-0.01750081 0.99974155 0.01451073 184.77517641
-0.06706423 -0.01565400 0.99762585 -30.38924030
0.00000000 0.00000000 0.00000000 1.00000000
24	24	25
0.99759248 0.01682850 0.06727585 1.65260668
-0.01791428 0.99971831 0.01556866 188.18843637
-0.06699491 -0.01673638 0.99761294 -31.23732261
0.00000000 0.00000000 0.00000000 1.00000000
25	25	26
0.99759589 0.01692847 0.06720019 11.71831384
-0.01805180 0.99970670 0.01614434 191.72226142
-0.06690718 -0.01731861 0.99760889 -32.12592769
0.00000000 0.00000000 0.00000000 1.00000000
26	26	27
0.99757616 0.01702882 0.06746719 21.59485135
-0.01820784 0.99969140 0.01689927 195.28265071
-0.06715859 -0.01808674 0.99757836 -32.95028356
0.00000000 0.00000000 0.00000000 1.00000000
27	27	28
0.99752792 0.01655493 0.06829335 31.36912180
-0.01774023 0.99970171 0.01678617 198.79579309
-0.06799509 -0.01795622 0.99752406 -33.75087648
0.00000000 0.00000000 0.00000000 1.00000000
28	28	29
0.99746538 0.01607371 0.06931421 40.75910745
-0.01731866 0.99969865 0.01739758 202.24726147
-0.06901367 -0.01855391 0.99744316 -34.52956300
0.00000000 0.00000000 0.00000000 1.00000000
29	29	30
0.99736203 0.01490324 0.07104141 50.75511342
-0.01622085 0.99970629 0.01800624 205.80475925
-0.07075219 -0.01911110 0.99731083 -35.33738564
0.00000000 0.00000000 0.00000000 1.00000000
30	30	31
0.99734100 0.01342133 0.07162958 61.02053536
-0.01474262 0.99973020 0.01794938 209.42574189
-0.07136935 -0.01895766 0.99726978 -36.04154605
0.00000000 0.00000000 0.00000000 1.00000000
31	31	32
0.99726798 0.01203618 0.07288146 72.20035380
-0.01337077 0.99975124 0.01785157 212.91867155
-0.07264847 -0.01877728 0.99718083 -36.68378557
0.00000000 0.00000000 0.00000000 1.00000000
32	32	33
0.99722908 0.01119697 0.07354453 80.36733205
-0.01255143 0.99975955 0.01798063 213.87250914
-0.07332552 -0.01885389 0.99712983 -36.88809696
0.00000000 0.00000000 0.00000000 1.00000000
33	33	34
0.99713433 0.01034774 0.07494039 85.02934087
-0.01162624 0.99979388 0.01664411 212.89993791
-0.07475271 -0.01746769 0.99704910 -36.98672242
0.00000000 0.00000000 0.00000000 1.00000000
34	34	35
0.99703162 0.00998513 0.07634298 89.08460879
-0.01126494 0.99980284 0.01635174 211.15819021
-0.07616465 -0.01716320 0.99694753 -37.11319626
0.00000000 0.00000000 0.00000000 1.00000000
35	35	36
0.99702836 0.01033766 0.07633865 93.74122571
-0.01163975 0.99979393 0.01663150 208.47697765
-0.07615099 -0.01747064 0.99694323 -37.29410436
0.00000000 0.00000000 0.00000000 1.00000000
36	36	37
0.99697428 0.01033065 0.07704264 99.51644608
-0.01173650 0.99977237 0.01781723 204.30134671
-0.07684104 -0.01866753 0.99686859 -37.52066388
0.00000000 0.00000000 0.00000000 1.00000000
37	37	38
0.99696937 0.01144846 0.07694807 107.72707504
-0.01299076 0.99972403 0.01957283 193.58354418
-0.07670276 -0.02051313 0.99684297 -37.52903976
0.00000000 0.00000000 0.00000000 1.00000000
38	38	39
0.99694017 0.01311660 0.07705999 109.84028667
-0.01474704 0.99967847 0.02062717 182.63298550
-0.07676466 -0.02170046 0.99681306 -37.44916651
0.00000000 0.00000000 0.00000000 1.00000000
39	39	40
0.99691003 0.01400327 0.07729356 110.94366127
-0.01563330 0.99966712 0.02052417 173.36068952
-0.07698042 -0.02166911 0.99679710 -37.32173880
0.00000000 0.00000000 0.00000000 1.00000000
40	40	41
0.99690795 0.01434214 0.07725831 112.08101749
-0.01599247 0.99965605 0.02078495 164.42214226
-0.07693364 -0.02195623 0.99679443 -37.15951396
0.00000000 0.00000000 0.00000000 1.00000000
41	41	42
0.99686863 0.01556086 0.07752937 113.44086739
-0.01726185 0.99962371 0.02131830 154.36967551
-0.07716847 -0.02258984 0.99676212 -36.91192774
0.00000000 0.00000000 0.00000000 1.00000000
42	42	43
0.99686596 0.01595401 0.07748371 115.10068970
-0.01773520 0.99959279 0.02235451 143.31510226
-0.07709551 -0.02365864 0.99674297 -36.59756657
0.00000000 0.00000000 0.00000000 1.00000000
43	43	44
0.99685035 0.01662024 0.07754450 116.42744969
-0.01843640 0.99957086 0.02276410 132.72652238
-0.07713288 -0.02412205 0.99672897 -36.35873371
0.00000000 0.00000000 0.00000000 1.00000000
44	44	45
0.99684465 0.01729229 0.07747076 117.86030927
-0.01919939 0.99952902 0.02394013 121.61218743
-0.07702029 -0.02535198 0.99670715 -36.15928400
0.00000000 0.00000000 0.00000000 1.00000000
45	45	46
0.99685196 0.01815432 0.07717896 119.21076581
-0.02012138 0.99949026 0.02478616 110.64937371
-0.07668964 -0.02626108 0.99670911 -35.94147699
0.00000000 0.00000000 0.00000000 1.00000000
46	46	47
0.99686103 0.01916225 0.07681724 120.39375528
-0.02117115 0.99945257 0.02542311 99.95648591
-0.07628802 -0.02696962 0.99672101 -35.59115998
0.00000000 0.00000000 0.00000000 1.00000000
47	47	48
0.99688114 0.01991549 0.07636344 121.99806304
-0.02195385 0.99942223 0.02594687 88.25652624
-0.07580258 -0.02754242 0.99674239 -35.14245566
0.00000000 0.00000000 0.00000000 1.00000000
48	48	49
0.99687113 0.02092707 0.07622338 125.52043405
-0.02298534 0.99939173 0.02622660 70.60439333
-0.07562817 -0.02789656 0.99674579 -34.89574610
0.00000000 0.00000000 0.00000000 1.00000000
49	49	50
0.99681145 0.02061080 0.07708526 126.97621911
-0.02271919 0.99938861 0.02657517 63.05759120
-0.07649039 -0.02824175 0.99667027 -34.98572225
0.00000000 0.00000000 0.00000000 1.00000000
50	50	51
0.99681360 0.02124185 0.07688584 127.96306762
-0.02342729 0.99934352 0.02763500 56.73310506
-0.07624834 -0.02934817 0.99665685 -34.94924421
0.00000000 0.00000000 0.00000000 1.00000000
51	51	52
0.99678998 0.02138674 0.07715140 128.80787698
-0.02367591 0.99930247 0.02887950 50.91415174
-0.07647994 -0.03061343 0.99660104 -34.96260212
0.00000000 0.00000000 0.00000000 1.00000000
52	52	53
0.99681756 0.02139178 0.07679289 129.79161932
-0.02369993 0.99929047 0.02927227 45.91786850
-0.07611222 -0.03099910 0.99661727 -35.02299620
0.00000000 0.00000000 0.00000000 1.00000000
53	53	54
0.99686492 0.02189053 0.07603382 130.83895290
-0.02408424 0.99931618 0.02805560 40.29996732
-0.07536767 -0.02979886 0.99671046 -35.04367232
0.00000000 0.00000000 0.00000000 1.00000000
54	54	55
0.99693897 0.02187253 0.07506180 132.31711826
-0.02399750 0.99933301 0.02752540 28.30909912
-0.07440969 -0.02924244 0.99679892 -35.01419513
0.00000000 0.00000000 0.00000000 1.00000000
55	55	56
0.99700644 0.02100609 0.07441037 133.47911334
-0.02319677 0.99931889 0.02869955 17.02749795
-0.07375682 -0.03033972 0.99681464 -34.65606978
0.00000000 0.00000000 0.00000000 1.00000000
56	56	57
0.99708343 0.01835018 0.07408046 134.93064513
-0.02066015 0.99932010 0.03053690 5.75100227
-0.07346973 -0.03197835 0.99678462 -34.35860323
0.00000000 0.00000000 0.00000000 1.00000000
57	57	58
0.99701517 0.01704058 0.07530186 136.47285033
-0.01947994 0.99930505 0.03177955 -6.15935888
-0.07470799 -0.03315157 0.99665425 -33.92512342
0.00000000 0.00000000 0.00000000 1.00000000
58	58	59
0.99703786 0.01590770 0.07524927 137.24380474
-0.01831238 0.99933992 0.03137486 -16.63528706
-0.07470050 -0.03265991 0.99667104 -33.50900892
0.00000000 0.00000000 0.00000000 1.00000000
59	59	60
0.99705598 0.01516044 0.07516343 137.91962003
-0.01760222 0.99933507 0.03193099 -27.02164096
-0.07462937 -0.03316003 0.99665986 -33.24964742
0.00000000 0.00000000 0.00000000 1.00000000
60	60	61
0.99708334 0.01486525 0.07485884 138.26419620
-0.01729893 0.99933920 0.03196737 -37.30164557
-0.07433417 -0.03316911 0.99668161 -33.05353260
0.00000000 0.00000000 0.00000000 1.00000000
61	61	62
0.99708148 0.01450231 0.07495465 139.17172892
-0.01695343 0.99933864 0.03216922 -47.30350865
-0.07443855 -0.03334607 0.99666792 -32.71789981
0.00000000 0.00000000 0.00000000 1.00000000
62	62	63
0.99705815 0.01484182 0.07519817 140.02017777
-0.01729127 0.99933741 0.03202753 -57.83948436
-0.07467300 -0.03323358 0.99665414 -32.33611668
0.00000000 0.00000000 0.00000000 1.00000000
63	63	64
0.99708758 0.01538679 0.07469681 141.04041542
-0.01769472 0.99938317 0.03033445 -68.43268790
-0.07418398 -0.03156784 0.99674481 -32.00936266
0.00000000 0.00000000 0.00000000 1.00000000
64	64	65
0.99704802 0.01562295 0.07517425 141.66957736
-0.01788006 0.99940644 0.02944618 -78.46403522
-0.07466959 -0.03070337 0.99673555 -31.89972300
0.00000000 0.00000000 0.00000000 1.00000000
65	65	66
0.99708748 0.01617752 0.07453084 142.33236450
-0.01842523 0.99939288 0.02956987 -88.40349153
-0.07400722 -0.03085700 0.99678020 -31.69586993
0.00000000 0.00000000 0.00000000 1.00000000
66	66	67
0.99708227 0.01616016 0.07460421 143.53305312
-0.01834188 0.99942115 0.02865190 -98.21321428
-0.07409800 -0.02993668 0.99680153 -31.34731622
0.00000000 0.00000000 0.00000000 1.00000000
67	67	68
0.99710230 0.01619501 0.07432846 144.13108524
-0.01830326 0.99944673 0.02777107 -107.80172510
-0.07383758 -0.02905105 0.99684705 -31.15028331
0.00000000 0.00000000 0.00000000 1.00000000
68	68	69
0.99708355 0.01590507 0.07464196 144.90409133
-0.01784026 0.99951990 0.02533159 -118.24957269
-0.07420323 -0.02658934 0.99688860 -31.01348111
0.00000000 0.00000000 0.00000000 1.00000000
69	69	70
0.99710449 0.01631855 0.07427213 145.65193199
-0.01810228 0.99956212 0.02340663 -128.72616481
-0.07385765 -0.02468335 0.99696328 -30.89691543
0.00000000 0.00000000 0.00000000 1.00000000
70	70	71
0.99709208 0.01650142 0.07439814 146.75599967
-0.01820699 0.99958540 0.02230524 -138.37427723
-0.07399923 -0.02359495 0.99697913 -30.58830900
0.00000000 0.00000000 0.00000000 1.00000000
71	71	72
0.99708945 0.01681755 0.07436258 147.86052624
-0.01841810 0.99961211 0.02089039 -148.32792219
-0.07398241 -0.02219920 0.99701244 -30.34999790
0.00000000 0.00000000 0.00000000 1.00000000
72	72	73
0.99708295 0.01671502 0.07447277 148.84899357
-0.01820425 0.99964677 0.01936322 -158.87728811
-0.07412281 -0.02066246 0.99703504 -30.19619698
0.00000000 0.00000000 0.00000000 1.00000000
73	73	74
0.99709999 0.01628157 0.07434056 150.28603339
-0.01779665 0.99964628 0.01976347 -168.94766324
-0.07399248 -0.02102917 0.99703705 -30.05127255
0.00000000 0.00000000 0.00000000 1.00000000
74	74	75
0.99712730 0.01461140 0.07432126 151.90546622
-0.01630934 0.99961849 0.02229069 -179.69447629
-0.07396721 -0.02343879 0.99698519 -29.93266112
0.00000000 0.00000000 0.00000000 1.00000000
75	75	76
0.99707582 0.01445827 0.07503844 153.24036299
-0.01619516 0.99961363 0.02259004 -190.47473968
-0.07468283 -0.02373924 0.99692473 -29.77708722
0.00000000 0.00000000 0.00000000 1.00000000
76	76	77
0.99700955 0.01434979 0.07593447 154.45125374
-0.01618994 0.99958864 0.02367363 -201.17736849
-0.07556353 -0.02483221 0.99683174 -29.62115633
0.00000000 0.00000000 0.00000000 1.00000000
77	77	78
0.99698505 0.01451032 0.07622505 155.96317784
-0.01636228 0.99958454 0.02372793 -217.55625239
-0.07584908 -0.02490360 0.99680827 -29.33847372
0.00000000 0.00000000 0.00000000 1.00000000
78	78	79
0.99692490 0.01356458 0.07717993 156.77975841
-0.01547529 0.99958705 0.02421267 -228.43064011
-0.07681963 -0.02533260 0.99672313 -29.11482241
0.00000000 0.00000000 0.00000000 1.00000000
79	79	80
0.99689129 0.01224508 0.07783198 156.94075844
-0.01425098 0.99957910 0.02526926 -233.76568170
-0.07748979 -0.02629988 0.99664620 -28.94455773
0.00000000 0.00000000 0.00000000 1.00000000
80	80	81
0.99683055 0.01147600 0.07872207 156.98930014
-0.01360268 0.99955541 0.02653208 -238.58913972
-0.07838259 -0.02751882 0.99654347 -28.81118752
0.00000000 0.00000000 0.00000000 1.00000000
81	81	82
0.99686964 0.01091879 0.07830515 157.09056151
-0.01306815 0.99955031 0.02698881 -243.21122854
-0.07797525 -0.02792763 0.99656405 -28.68971358
0.00000000 0.00000000 0.00000000 1.00000000
82	82	83
0.99688883 0.01058292 0.07810672 157.16591911
-0.01277583 0.99953658 0.02762977 -247.85304842
-0.07777812 -0.02854169 0.99656206 -28.57195086
0.00000000 0.00000000 0.00000000 1.00000000
83	83	84
0.99690682 0.01067185 0.07786461 157.19207573
-0.01291676 0.99951362 0.02838445 -256.41704548
-0.07752382 -0.02930241 0.99655980 -28.35794312
0.00000000 0.00000000 0.00000000 1.00000000
84	84	85
0.99692414 0.01100386 0.07759625 157.14922859
-0.01328485 0.99949284 0.02894101 -273.67692080
-0.07723843 -0.02988285 0.99656472 -27.86993040
0.00000000 0.00000000 0.00000000 1.00000000
85	85	86
0.99695958 0.01201479 0.07698862 157.19461483
-0.01422505 0.99950037 0.02822512 -286.06299715
-0.07661103 -0.02923447 0.99663238 -27.64742319
0.00000000 0.00000000 0.00000000 1.00000000
86	86	87
0.99697125 0.01231425 0.07678985 157.01689462
-0.01449553 0.99950524 0.02791346 -297.68010183
-0.07640813 -0.02894203 0.99665649 -27.33061042
0.00000000 0.00000000 0.00000000 1.00000000
87	87	88
0.99701108 0.01319171 0.07612412 156.37086790
-0.01538197 0.99948231 0.02825794 -308.23036289
-0.07571194 -0.02934442 0.99669785 -26.91286080
0.00000000 0.00000000 0.00000000 1.00000000
88	88	89
0.99704496 0.01234731 0.07582141 155.76218840
-0.01445992 0.99952058 0.02737749 -318.31874671
-0.07544702 -0.02839296 0.99674550 -26.50392495
0.00000000 0.00000000 0.00000000 1.00000000
89	89	90
0.99709777 0.01159361 0.07524379 155.11048671
-0.01376012 0.99950366 0.02833883 -328.71867225
-0.07487790 -0.02929194 0.99676240 -25.80835717
0.00000000 0.00000000 0.00000000 1.00000000
90	90	91
0.99711237 0.01171440 0.07503128 154.27284184
-0.01383420 0.99951791 0.02779495 -339.38501198
-0.07466950 -0.02875269 0.99679373 -25.20392594
0.00000000 0.00000000 0.00000000 1.00000000
91	91	92
0.99710768 0.01176063 0.07508643 153.58821915
-0.01387876 0.99951854 0.02775000 -349.27867694
-0.07472392 -0.02871185 0.99679083 -24.81268066
0.00000000 0.00000000 0.00000000 1.00000000
92	92	93
0.99709812 0.01200184 0.07517503 153.37853855
-0.01410399 0.99952243 0.02749522 -359.27338185
-0.07480914 -0.02847570 0.99679122 -24.43568759
0.00000000 0.00000000 0.00000000 1.00000000
93	93	94
0.99708770 0.01227433 0.07526918 154.06197227
-0.01436792 0.99952302 0.02733655 -369.69629254
-0.07489774 -0.02833840 0.99678847 -24.09364977
0.00000000 0.00000000 0.00000000 1.00000000
94	94	95
0.99707038 0.01254810 0.07545335 155.03765942
-0.01462307 0.99952818 0.02701073 -379.40484514
-0.07507882 -0.02803496 0.99678343 -23.82400955
0.00000000 0.00000000 0.00000000 1.00000000
95	95	96
0.99700648 0.01377584 0.07608097 156.18749639
-0.01580397 0.99953388 0.02611998 -389.67532787
-0.07568568 -0.02724417 0.99675947 -23.78296163
0.00000000 0.00000000 0.00000000 1.00000000
96	96	97
0.99707652 0.01499280 0.07492410 158.12128339
-0.01690980 0.99954399 0.02501724 -400.63280987
-0.07451485 -0.02621105 0.99687538 -23.66295941
0.00000000 0.00000000 0.00000000 1.00000000
97	97	98
0.99708235 0.01552709 0.07473755 160.19925966
-0.01736465 0.99956114 0.02400010 -410.91333448
-0.07433210 -0.02522787 0.99691439 -23.51009396
0.00000000 0.00000000 0.00000000 1.00000000
98	98	99
0.99710790 0.01532800 0.07443709 161.80923173
-0.01712054 0.99957716 0.02350314 -422.07456160
-0.07404536 -0.02470957 0.99694871 -23.40378842
0.00000000 0.00000000 0.00000000 1.00000000
99	99	100
0.99715946 0.01492603 0.07382558 161.27898653
-0.01654240 0.99963559 0.02133166 -439.38741772
-0.07348028 -0.02249232 0.99704300 -23.07313674
0.00000000 0.00000000 0.00000000 1.00000000
100	100	101
0.99713272 0.01450160 0.07427010 159.04692884
-0.01611715 0.99964535 0.02119927 -444.51094088
-0.07393634 -0.02233551 0.99701281 -23.02755172
0.00000000 0.00000000 0.00000000 1.00000000
101	101	102
0.99720459 0.01513736 0.07317008 157.05102205
-0.01668952 0.99964749 0.02064831 -448.27962362
-0.07283173 -0.02181177 0.99710570 -22.98487513
0.00000000 0.00000000 0.00000000 1.00000000
102	102	103
0.99726637 0.01492275 0.07236776 154.94450048
-0.01645870 0.99965078 0.02067456 -451.64392653
-0.07203397 -0.02180913 0.99716371 -22.85353194
0.00000000 0.00000000 0.00000000 1.00000000
103	103	104
0.99721768 0.01495428 0.07302922 151.83414441
-0.01654133 0.99963893 0.02117533 -455.44921440
-0.07268618 -0.02232442 0.99710498 -22.65501526
0.00000000 0.00000000 0.00000000 1.00000000
104	104	105
0.99713934 0.01494145 0.07409378 147.42507338
-0.01653934 0.99964268 0.02099925 -458.49638030
-0.07375355 -0.02216464 0.99703016 -22.36524266
0.00000000 0.00000000 0.00000000 1.00000000
105	105	106
0.99723950 0.01613929 0.07247686 134.28751851
-0.01764831 0.99963960 0.02022875 -464.63493794
-0.07212427 -0.02145200 0.99716493 -21.72052944
0.00000000 0.00000000 0.00000000 1.00000000
106	106	107
0.99732730 0.01865215 0.07064247 122.45547711
-0.02029398 0.99953870 0.02259537 -469.84460919
-0.07018843 -0.02396859 0.99724575 -20.80157885
0.00000000 0.00000000 0.00000000 1.00000000
107	107	108
0.99754346 0.01971007 0.06722016 111.03332954
-0.02145546 0.99944855 0.02534285 -474.14348003
-0.06668358 -0.02672283 0.99741626 -19.83162656
0.00000000 0.00000000 0.00000000 1.00000000
108	108	109
0.99763974 0.02054458 0.06551993 100.96894364
-0.02230204 0.99940777 0.02620557 -477.75258975
-0.06494275 -0.02760495 0.99750710 -19.08454016
0.00000000 0.00000000 0.00000000 1.00000000
109	109	110
0.99732564 0.02175937 0.06977182 90.54103990
-0.02326901 0.99951081 0.02089744 -481.43929580
-0.06928297 -0.02246508 0.99734407 -18.37819970
0.00000000 0.00000000 0.00000000 1.00000000
110	110	111
0.99741093 0.02260127 0.06826880 81.14546727
-0.02415244 0.99946658 0.02198224 -484.63192756
-0.06773556 -0.02357418 0.99742476 -17.73991980
0.00000000 0.00000000 0.00000000 1.00000000
111	111	112
0.99738159 0.02298521 0.06856849 71.57591258
-0.02449936 0.99947240 0.02132355 -488.01927382
-0.06804219 -0.02294760 0.99741850 -17.07328933
0.00000000 0.00000000 0.00000000 1.00000000
112	112	113
0.99741726 0.02235107 0.06825863 61.99329835
-0.02396951 0.99944845 0.02298396 -491.54599438
-0.06770727 -0.02456073 0.99740288 -16.29863867
0.00000000 0.00000000 0.00000000 1.00000000
113	113	114
0.99750543 0.02058980 0.06752024 49.80566027
-0.02222676 0.99947477 0.02358286 -496.11604482
-0.06699921 -0.02502479 0.99743915 -15.15265299
0.00000000 0.00000000 0.00000000 1.00000000
114	114	115
0.99767259 0.02089952 0.06490468 44.62736931
-0.02250826 0.99945482 0.02415460 -496.74580746
-0.06436448 -0.02555928 0.99759909 -14.69180854
0.00000000 0.00000000 0.00000000 1.00000000
115	115	116
0.99770397 0.01946994 0.06486691 40.81708188
-0.02097731 0.99952362 0.02263830 -496.21613504
-0.06439524 -0.02394706 0.99763710 -14.39040238
0.00000000 0.00000000 0.00000000 1.00000000
116	116	117
0.99767900 0.01765611 0.06576381 36.77134320
-0.01919053 0.99955644 0.02277401 -495.11113574
-0.06533254 -0.02398320 0.99757529 -14.07336167
0.00000000 0.00000000 0.00000000 1.00000000
117	117	118
0.99769795 0.01765925 0.06547476 31.68965775
-0.01913410 0.99957557 0.02196719 -493.42602932
-0.06505904 -0.02316943 0.99761240 -13.70254133
0.00000000 0.00000000 0.00000000 1.00000000
118	118	119
0.99754278 0.01627564 0.06814334 24.64102648
-0.01806315 0.99950654 0.02569810 -490.53912877
-0.06769146 -0.02686584 0.99734452 -13.15860940
0.00000000 0.00000000 0.00000000 1.00000000
119	119	120
0.99734385 0.01343089 0.07158812 14.73528714
-0.01529426 0.99955668 0.02554477 -476.83001980
-0.07121329 -0.02657181 0.99710712 -12.68958695
0.00000000 0.00000000 0.00000000 1.00000000
120	120	121
0.99705076 0.01268266 0.07568965 11.42818662
-0.01485582 0.99949140 0.02821793 -465.41509535
-0.07529328 -0.02925914 0.99673207 -12.80714886
0.00000000 0.00000000 0.00000000 1.00000000
121	121	122
0.99703981 0.01279663 0.07581465 8.52760683
-0.01492568 0.99950809 0.02758258 -454.87483943
-0.07542439 -0.02863251 0.99674036 -12.90304079
0.00000000 0.00000000 0.00000000 1.00000000
122	122	123
0.99697773 0.01167307 0.07680588 5.44277299
-0.01359996 0.99960455 0.02461272 -443.92409864
-0.07648821 -0.02558289 0.99674223 -13.02241970
0.00000000 0.00000000 0.00000000 1.00000000
123	123	124
0.99724754 0.01134589 0.07327083 1.97306406
-0.01317535 0.99961218 0.02453359 -431.62345832
-0.07296406 -0.02543143 0.99701027 -13.18551559
0.00000000 0.00000000 0.00000000 1.00000000
124	124	125
0.99731250 0.01186686 0.07229775 1.12839953
-0.01351931 0.99965746 0.02240981 -423.16376239
-0.07200705 -0.02332700 0.99713130 -13.39757284
0.00000000 0.00000000 0.00000000 1.00000000
125	125	126
0.99721580 0.01278375 0.07346574 1.73515602
-0.01442346 0.99965760 0.02183225 -417.26249887
-0.07316149 -0.02283109 0.99705874 -13.55991958
0.00000000 0.00000000 0.00000000 1.00000000
126	126	127
0.99705622 0.01247573 0.07565219 3.52228461
-0.01416905 0.99966003 0.02188772 -410.65942642
-0.07535340 -0.02289520 0.99689401 -13.84682872
0.00000000 0.00000000 0.00000000 1.00000000
127	127	128
0.99703676 0.01265561 0.07587846 6.73704846
-0.01424908 0.99968839 0.02049587 -403.11337009
-0.07559543 -0.02151633 0.99690640 -14.23742713
0.00000000 0.00000000 0.00000000 1.00000000
128	128	129
0.99692971 0.01243529 0.07730800 10.26656406
-0.01389706 0.99973413 0.01839928 -396.34022902
-0.07705864 -0.01941714 0.99683747 -14.70782749
0.00000000 0.00000000 0.00000000 1.00000000
129	129	130
0.99687602 0.01192323 0.07807713 12.75398223
-0.01337680 0.99974632 0.01812070 -390.45703375
-0.07784126 -0.01910852 0.99678263 -15.05951864
0.00000000 0.00000000 0.00000000 1.00000000
130	130	131
0.99686061 0.01189289 0.07827825 14.70760496
-0.01342359 0.99972827 0.01905752 -384.39713747
-0.07803033 -0.02004846 0.99674938 -15.37282535
0.00000000 0.00000000 0.00000000 1.00000000
131	131	132
0.99682069 0.01211556 0.07875099 15.83587294
-0.01374477 0.99970190 0.02017909 -377.69088613
-0.07848303 -0.02119735 0.99669007 -15.63081732
0.00000000 0.00000000 0.00000000 1.00000000
132	132	133
0.99677176 0.01200858 0.07938419 14.61005933
-0.01366927 0.99969826 0.02040938 -373.35784262
-0.07911515 -0.02142862 0.99663514 -15.66419381
0.00000000 0.00000000 0.00000000 1.00000000
133	133	134
0.99666443 0.01252254 0.08064247 11.60343399
-0.01434533 0.99965364 0.02206384 -372.68634169
-0.08033824 -0.02314708 0.99649886 -15.47443072
0.00000000 0.00000000 0.00000000 1.00000000
134	134	135
0.99650805 0.01406457 0.08230365 8.68244972
-0.01601680 0.99960467 0.02310784 -372.19354741
-0.08194612 -0.02434539 0.99633937 -15.27091758
0.00000000 0.00000000 0.00000000 1.00000000
135	135	136
0.99645757 0.01522792 0.08270682 5.71831710
-0.01722993 0.99957426 0.02354643 -372.66085833
-0.08231305 -0.02488805 0.99629571 -15.04261232
0.00000000 0.00000000 0.00000000 1.00000000
136	136	137
0.99643502 0.01500828 0.08301808 3.08249430
-0.01704093 0.99957077 0.02383022 -374.28051554
-0.08262480 -0.02515997 0.99626308 -14.79117943
0.00000000 0.00000000 0.00000000 1.00000000
137	137	138
0.99643048 0.01424546 0.08320676 1.25421612
-0.01630953 0.99957458 0.02417962 -376.60758224
-0.08282691 -0.02545037 0.99623892 -14.58996202
0.00000000 0.00000000 0.00000000 1.00000000
138	138	139
0.99641048 0.01506930 0.08330111 0.09306000
-0.01716218 0.99955335 0.02446558 -379.30627763
-0.08289522 -0.02580739 0.99622405 -14.43208808
0.00000000 0.00000000 0.00000000 1.00000000
139	139	140
0.99643066 0.01451726 0.08315756 -0.60814384
-0.01662359 0.99955685 0.02469324 -382.29055146
-0.08276223 -0.02598748 0.99623043 -14.31138772
0.00000000 0.00000000 0.00000000 1.00000000
140	140	141
0.99741765 0.01744409 0.06966877 -22.97879829
-0.01963212 0.99933133 0.03084582 -371.63230633
-0.06908411 -0.03213391 0.99709317 -13.47049471
0.00000000 0.00000000 0.00000000 1.00000000
141	141	142
0.99741784 0.01765320 0.06961338 -21.84880482
-0.01985382 0.99932070 0.03104777 -385.25327971
-0.06901800 -0.03234969 0.99709077 -13.44178880
0.00000000 0.00000000 0.00000000 1.00000000
142	142	143
0.99752639 0.01823154 0.06788745 -17.19246563
-0.02033214 0.99933158 0.03038101 -395.09973451
-0.06728818 -0.03168615 0.99723031 -13.69888544
0.00000000 0.00000000 0.00000000 1.00000000
143	143	144
0.99755227 0.01728259 0.06775529 -12.94589352
-0.01933475 0.99937036 0.02974987 -403.09904314
-0.06719848 -0.03098708 0.99725832 -13.90533800
0.00000000 0.00000000 0.00000000 1.00000000
144	144	145
0.99749388 0.01638249 0.06883006 -8.70683946
-0.01839196 0.99941991 0.02866305 -410.83964099
-0.06832056 -0.02985714 0.99721655 -14.08376479
0.00000000 0.00000000 0.00000000 1.00000000
145	145	146
0.99751439 0.01691036 0.06840375 -4.28781268
-0.01872895 0.99948563 0.02603266 -418.92974970
-0.06792834 -0.02724909 0.99731802 -14.31571102
0.00000000 0.00000000 0.00000000 1.00000000
146	146	147
0.99768315 0.01640420 0.06602446 0.11288212
-0.01809920 0.99951967 0.02515654 -428.14583188
-0.06558008 -0.02629325 0.99750084 -14.44141726
0.00000000 0.00000000 0.00000000 1.00000000
147	147	148
0.99774154 0.01489090 0.06549875 4.15092767
-0.01655235 0.99955298 0.02489703 -438.77832796
-0.06509873 -0.02592496 0.99754201 -14.25473478
0.00000000 0.00000000 0.00000000 1.00000000
148	148	149
0.99783347 0.01469607 0.06412793 7.45159896
-0.01627912 0.99957377 0.02423361 -449.92569946
-0.06374446 -0.02522506 0.99764740 -14.09620687
0.00000000 0.00000000 0.00000000 1.00000000
149	149	150
0.99773600 0.01447710 0.06567569 10.21802097
-0.01604598 0.99959684 0.02342409 -459.51095604
-0.06531010 -0.02442489 0.99756605 -13.96061414
0.00000000 0.00000000 0.00000000 1.00000000
150	150	151
0.99780604 0.01364596 0.06478346 12.88210697
-0.01508597 0.99964872 0.02179103 -469.06891632
-0.06446334 -0.02272054 0.99766139 -13.82027325
0.00000000 0.00000000 0.00000000 1.00000000
151	151	152
0.99789334 0.01279530 0.06360159 15.24811410
-0.01409694 0.99969941 0.02005906 -478.35941584
-0.06332581 -0.02091339 0.99777376 -13.73133433
0.00000000 0.00000000 0.00000000 1.00000000
152	152	153
0.99787921 0.01276871 0.06382816 17.89576005
-0.01400520 0.99972210 0.01896243 -488.47415693
-0.06356829 -0.01981614 0.99778073 -13.60449644
0.00000000 0.00000000 0.00000000 1.00000000
153	153	154
0.99789741 0.01327510 0.06343915 20.30445806
-0.01449025 0.99971951 0.01873304 -498.05709693
-0.06317267 -0.01961290 0.99780988 -13.51712534
0.00000000 0.00000000 0.00000000 1.00000000
154	154	155
0.99781245 0.01295762 0.06482607 22.92692677
-0.01409758 0.99975339 0.01715850 -508.15817451
-0.06458775 -0.01803485 0.99774905 -13.44678879
0.00000000 0.00000000 0.00000000 1.00000000
155	155	156
0.99783348 0.01292860 0.06450736 25.55434054
-0.01384566 0.99980905 0.01378967 -518.04102122
-0.06431677 -0.01465295 0.99782195 -13.39646909
0.00000000 0.00000000 0.00000000 1.00000000
156	156	157
0.99783710 0.01312066 0.06441251 28.23840774
-0.01395848 0.99982351 0.01257425 -527.72981751
-0.06423616 -0.01344616 0.99784413 -13.36528332
0.00000000 0.00000000 0.00000000 1.00000000
157	157	158
0.99790597 0.01265095 0.06343203 31.04436509
-0.01328562 0.99986572 0.00959374 -537.16783175
-0.06330215 -0.01041639 0.99794005 -13.28435972
0.00000000 0.00000000 0.00000000 1.00000000
158	158	159
0.99780696 0.01317489 0.06486672 33.93719934
-0.01382291 0.99985884 0.00955133 -547.41873798
-0.06473173 -0.01042703 0.99784823 -13.31147807
0.00000000 0.00000000 0.00000000 1.00000000
159	159	160
0.99795911 0.01353186 0.06240592 36.70696128
-0.01410952 0.99986151 0.00882522 -557.01562610
-0.06227786 -0.00968773 0.99801183 -13.31944056
0.00000000 0.00000000 0.00000000 1.00000000
160	160	161
0.99794703 0.01416347 0.06245891 39.35289292
-0.01471488 0.99985664 0.00837720 -566.76161251
-0.06233130 -0.00927907 0.99801238 -13.31191560
0.00000000 0.00000000 0.00000000 1.00000000
161	161	162
0.99818211 0.01407027 0.05860460 41.69533729
-0.01452759 0.99986720 0.00738473 -575.91101212
-0.05849291 -0.00822269 0.99825396 -13.39661129
0.00000000 0.00000000 0.00000000 1.00000000
162	162	163
0.99799046 0.01267724 0.06208322 44.21845340
-0.01322853 0.99987657 0.00847686 -585.55184325
-0.06196810 -0.00928109 0.99803498 -13.39609279
0.00000000 0.00000000 0.00000000 1.00000000
163	163	164
0.99809752 0.01209665 0.06045663 46.80334349
-0.01261984 0.99988609 0.00827957 -594.86190111
-0.06034959 -0.00902678 0.99813649 -13.46914352
0.00000000 0.00000000 0.00000000 1.00000000
164	164	165
0.99801026 0.01182499 0.06193302 49.51925679
-0.01230687 0.99989685 0.00740489 -604.81766344
-0.06183907 -0.00815235 0.99805284 -13.51910407
0.00000000 0.00000000 0.00000000 1.00000000
165	165	166
0.99808573 0.01114631 0.06083284 52.35411188
-0.01151135 0.99991776 0.00565363 -614.91942228
-0.06076482 -0.00634308 0.99813196 -13.62121083
0.00000000 0.00000000 0.00000000 1.00000000
166	166	167
0.99808926 0.01090974 0.06081775 56.17776296
-0.01107393 0.99993589 0.00236328 -629.10183599
-0.06078807 -0.00303225 0.99814609 -13.77174239
0.00000000 0.00000000 0.00000000 1.00000000
167	167	168
0.99784508 0.01067664 0.06473949 58.34217796
-0.01096767 0.99993128 0.00414169 -639.47034075
-0.06469083 -0.00484280 0.99789360 -13.68044311
0.00000000 0.00000000 0.00000000 1.00000000
168	168	169
0.99813228 0.01145395 0.06000633 57.82258546
-0.01170389 0.99992423 0.00381536 -643.37992701
-0.05995808 -0.00451054 0.99819070 -13.52186155
0.00000000 0.00000000 0.00000000 1.00000000
169	169	170
0.99798727 0.01210642 0.06224821 56.42854262
-0.01227306 0.99992205 0.00229535 -646.85223797
-0.06221557 -0.00305471 0.99805806 -13.33706849
0.00000000 0.00000000 0.00000000 1.00000000
170	170	171
0.99814815 0.01181673 0.05967103 54.24231324
-0.01220773 0.99990631 0.00619230 -650.88601853
-0.05959227 -0.00690928 0.99819889 -13.11359026
0.00000000 0.00000000 0.00000000 1.00000000
171	171	172
0.99832667 0.01210412 0.05654518 50.79924772
-0.01260058 0.99988506 0.00843164 -655.48719230
-0.05643662 -0.00913003 0.99836444 -12.86819379
0.00000000 0.00000000 0.00000000 1.00000000
172	172	173
0.99830102 0.01578358 0.05608870 44.15994977
-0.01625541 0.99983614 0.00796592 -662.05447788
-0.05595378 -0.00886414 0.99839401 -12.32424375
0.00000000 0.00000000 0.00000000 1.00000000
173	173	174
0.99813196 0.01749046 0.05853776 25.00022454
-0.01804593 0.99979689 0.00897395 -667.72299143
-0.05836891 -0.01001356 0.99824486 -11.11831528
0.00000000 0.00000000 0.00000000 1.00000000
174	174	175
0.99817081 0.01988954 0.05709146 14.07376575
-0.02061690 0.99971326 0.01217968 -668.39812861
-0.05683284 -0.01333445 0.99829466 -10.70091631
0.00000000 0.00000000 0.00000000 1.00000000
175	175	176
0.99814535 0.02033930 0.05737752 5.60427488
-0.02096971 0.99972595 0.01040643 -668.81040812
-0.05715013 -0.01159032 0.99829832 -10.31447818
0.00000000 0.00000000 0.00000000 1.00000000
176	176	177
0.99813938 0.02065636 0.05736801 -3.52541203
-0.02124764 0.99972703 0.00971595 -669.01765127
-0.05715166 -0.01091681 0.99830582 -9.92912105
0.00000000 0.00000000 0.00000000 1.00000000
177	177	178
0.99805098 0.02039054 0.05897850 -11.93507656
-0.02094670 0.99974163 0.00882707 -669.34319840
-0.05878327 -0.01004527 0.99822023 -9.41308395
0.00000000 0.00000000 0.00000000 1.00000000
178	178	179
0.99807450 0.02000574 0.05871166 -18.61900013
-0.02054738 0.99975158 0.00863624 -669.98836225
-0.05852430 -0.00982599 0.99823762 -8.93885694
0.00000000 0.00000000 0.00000000 1.00000000
179	179	180
0.99808524 0.01961889 0.05865970 -25.02041484
-0.02014651 0.99976161 0.00841671 -671.23939334
-0.05848059 -0.00958238 0.99824256 -8.48566356
0.00000000 0.00000000 0.00000000 1.00000000
180	180	181
0.99812550 0.01891493 0.05820411 -31.47220233
-0.01940675 0.99978049 0.00789625 -673.66711855
-0.05804197 -0.00901100 0.99827348 -8.02416421
0.00000000 0.00000000 0.00000000 1.00000000
181	181	182
0.99814139 0.01814765 0.05817580 -38.42185971
-0.01866241 0.99979125 0.00831737 -677.24602321
-0.05801271 -0.00938761 0.99827171 -7.53169572
0.00000000 0.00000000 0.00000000 1.00000000
182	182	183
0.99817676 0.01771173 0.05770140 -45.54772019
-0.01822445 0.99979887 0.00837168 -682.68734293
-0.05754152 -0.00940799 0.99829878 -6.95251839
0.00000000 0.00000000 0.00000000 1.00000000
183	183	184
0.99821729 0.01538134 0.05766857 -54.19676299
-0.01591645 0.99983432 0.00883133 -694.80825762
-0.05752317 -0.00973346 0.99829672 -6.05248748
0.00000000 0.00000000 0.00000000 1.00000000
184	184	185
0.99815226 0.01586176 0.05865553 -57.92493717
-0.01634813 0.99983577 0.00782136 -706.17866144
-0.05852183 -0.00876582 0.99824764 -5.75179971
0.00000000 0.00000000 0.00000000 1.00000000
185	185	186
0.99794647 0.01591441 0.06204496 -60.33681239
-0.01643742 0.99983346 0.00792820 -717.02452264
-0.06190846 -0.00893178 0.99804187 -5.37194805
0.00000000 0.00000000 0.00000000 1.00000000
186	186	187
0.99781985 0.01610647 0.06400094 -63.10742352
-0.01664424 0.99983044 0.00787822 -728.91440115
-0.06386320 -0.00892629 0.99791874 -4.93197586
0.00000000 0.00000000 0.00000000 1.00000000
187	187	188
0.99780453 0.01458660 0.06460149 -67.89494114
-0.01539515 0.99980904 0.01203592 -746.68998295
-0.06441359 -0.01300404 0.99783856 -4.54022754
0.00000000 0.00000000 0.00000000 1.00000000
188	188	189
0.99774141 0.01466110 0.06555257 -69.47151641
-0.01562035 0.99977794 0.01414476 -752.56598005
-0.06533064 -0.01513677 0.99774886 -4.46385331
0.00000000 0.00000000 0.00000000 1.00000000
189	189	190
0.99769330 0.01491524 0.06622393 -71.03303836
-0.01584639 0.99978252 0.01355759 -758.12542811
-0.06600731 -0.01457573 0.99771268 -4.43375643
0.00000000 0.00000000 0.00000000 1.00000000
190	190	191
0.99770151 0.01388225 0.06632474 -72.38736198
-0.01478162 0.99980508 0.01308868 -763.20797270
-0.06613011 -0.01403899 0.99771224 -4.43462328
0.00000000 0.00000000 0.00000000 1.00000000
191	191	192
0.99771370 0.01322441 0.06627583 -73.63902234
-0.01413173 0.99981248 0.01323997 -768.30540656
-0.06608831 -0.01414629 0.99771350 -4.47240256
0.00000000 0.00000000 0.00000000 1.00000000
192	192	193
0.99762790 0.01254628 0.06768435 -74.94324282
-0.01349674 0.99981637 0.01360355 -773.88743192
-0.06750124 -0.01448480 0.99761404 -4.53429521
0.00000000 0.00000000 0.00000000 1.00000000
193	193	194
0.99757848 0.01316854 0.06829175 -78.67247476
-0.01418962 0.99979435 0.01448820 -787.48719252
-0.06808692 -0.01542215 0.99756019 -4.63270189
0.00000000 0.00000000 0.00000000 1.00000000
194	194	195
0.99744388 0.01242438 0.07036578 -81.87318853
-0.01349770 0.99979939 0.01479855 -794.49837284
-0.07016780 -0.01571050 0.99741148 -4.55636460
0.00000000 0.00000000 0.00000000 1.00000000
195	195	196
0.99731763 0.01151268 0.07228418 -86.09065994
-0.01254333 0.99982581 0.01382066 -801.12880534
-0.07211248 -0.01469027 0.99728832 -4.39620161
0.00000000 0.00000000 0.00000000 1.00000000
196	196	197
0.99734524 0.01174761 0.07186418 -92.48049900
-0.01290247 0.99979464 0.01562698 -808.49928072
-0.07166584 -0.01651272 0.99729200 -4.11634442
0.00000000 0.00000000 0.00000000 1.00000000
197	197	198
0.99738051 0.01025168 0.07160321 -102.46826172
-0.01137029 0.99981933 0.01523224 -815.60792692
-0.07143411 -0.01600649 0.99731688 -3.63706070
0.00000000 0.00000000 0.00000000 1.00000000
198	198	199
0.99719816 0.00936803 0.07421632 -115.41378536
-0.01056803 0.99981943 0.01579286 -819.67036502
-0.07405498 -0.01653293 0.99711711 -3.00851770
0.00000000 0.00000000 0.00000000 1.00000000
199	199	200
0.99719433 0.00835256 0.07438891 -127.24970559
-0.00950547 0.99983993 0.01515786 -821.34647940
-0.07425039 -0.01582243 0.99711410 -2.40845211
0.00000000 0.00000000 0.00000000 1.00000000
200	200	201
0.99730807 0.00781718 0.07290755 -137.92433931
-0.00892429 0.99984958 0.01487173 -822.83165344
-0.07278033 -0.01548235 0.99722782 -1.80798963
0.00000000 0.00000000 0.00000000 1.00000000
201	201	202
0.99736116 0.00689016 0.07227198 -152.19718419
-0.00801323 0.99985143 0.01526115 -825.31981928
-0.07215610 -0.01580001 0.99726820 -1.00359193
0.00000000 0.00000000 0.00000000 1.00000000
202	202	203
0.99746261 0.00667104 0.07087907 -160.12258409
-0.00777501 0.99985255 0.01531086 -826.95809464
-0.07076648 -0.01582310 0.99736740 -0.51717871
0.00000000 0.00000000 0.00000000 1.00000000
203	203	204
0.99752590 0.00648116 0.07000046 -165.98918965
-0.00762672 0.99984114 0.01611015 -828.27030092
-0.06988493 -0.01660417 0.99741686 -0.28590316
0.00000000 0.00000000 0.00000000 1.00000000
204	204	205
0.99753990 0.00641524 0.06980683 -171.81133730
-0.00757008 0.99983863 0.01629142 -829.64696166
