0	0	1
0.99934609 0.01323204 0.03364974 9.60807749
-0.01379790 0.99976634 0.01664000 -0.20374931
-0.03342169 -0.01709342 0.99929515 -17.84292514
0.00000000 0.00000000 0.00000000 1.00000000
1	1	2
0.99936610 0.01415657 0.03266481 2.14288031
-0.01469136 0.99976099 0.01619061 13.17294326
-0.03242780 -0.01666024 0.99933522 -17.85209046
0.00000000 0.00000000 0.00000000 1.00000000
2	2	3
0.99938003 0.01337452 0.03256802 -2.38990816
-0.01388612 0.99978292 0.01553367 23.35679956
-0.03235319 -0.01597628 0.99934880 -17.86304837
0.00000000 0.00000000 0.00000000 1.00000000
3	3	4
0.99938967 0.01365383 0.03215372 -6.76395804
-0.01414276 0.99978705 0.01502793 32.48272792
-0.03194168 -0.01547350 0.99936995 -17.91120731
0.00000000 0.00000000 0.00000000 1.00000000
4	4	5
0.99937934 0.01339092 0.03258244 -11.29016202
-0.01391094 0.99977862 0.01578598 41.92673473
-0.03236384 -0.01622943 0.99934438 -18.02604644
0.00000000 0.00000000 0.00000000 1.00000000
5	5	6
0.99939032 0.01292154 0.03243504 -15.59882179
-0.01344781 0.99978059 0.01606006 50.81150329
-0.03222041 -0.01648645 0.99934481 -18.18255091
0.00000000 0.00000000 0.00000000 1.00000000
6	6	7
0.99936067 0.01251709 0.03348976 -19.95180157
-0.01303094 0.99980002 0.01516933 60.01685194
-0.03329319 -0.01559604 0.99932394 -18.26985456
0.00000000 0.00000000 0.00000000 1.00000000
7	7	8
0.99941902 0.01198938 0.03190412 -24.35719005
-0.01247519 0.99980859 0.01507168 68.90754392
-0.03171731 -0.01546093 0.99937729 -18.40075404
0.00000000 0.00000000 0.00000000 1.00000000
8	8	9
0.99946755 0.01288428 0.02997677 -28.86354740
-0.01340108 0.99976391 0.01710354 77.66632646
-0.02974932 -0.01749615 0.99940425 -18.45205141
0.00000000 0.00000000 0.00000000 1.00000000
9	9	10
0.99947604 0.01163378 0.03020428 -33.26758486
-0.01212425 0.99979677 0.01610650 86.30582330
-0.03001076 -0.01646427 0.99941397 -18.53106316
0.00000000 0.00000000 0.00000000 1.00000000
10	10	11
0.99946541 0.01286259 0.03005750 -37.85170481
-0.01339499 0.99975575 0.01757902 95.58362042
-0.02982404 -0.01797224 0.99939358 -18.55472425
0.00000000 0.00000000 0.00000000 1.00000000
11	11	12
0.99942637 0.01375421 0.03094769 -42.32035366
-0.01431277 0.99973733 0.01790011 104.85732482
-0.03069336 -0.01833279 0.99936071 -18.54833788
0.00000000 0.00000000 0.00000000 1.00000000
12	12	13
0.99940341 0.01458880 0.03130493 -47.24323324
-0.01514353 0.99973118 0.01755674 114.83496684
-0.03104039 -0.01802033 0.99935567 -18.48171932
0.00000000 0.00000000 0.00000000 1.00000000
13	13	14
0.99939624 0.01470930 0.03147695 -52.40944746
-0.01525895 0.99973401 0.01729359 125.21502470
-0.03121420 -0.01776346 0.99935486 -18.28977915
0.00000000 0.00000000 0.00000000 1.00000000
14	14	15
0.99939243 0.01450019 0.03169417 -57.65386374
-0.01506761 0.99972913 0.01773809 137.16281619
-0.03142838 -0.01820487 0.99934020 -18.27745623
0.00000000 0.00000000 0.00000000 1.00000000
15	15	16
0.99940121 0.01455229 0.03139179 -60.48472715
-0.01512683 0.99972097 0.01814286 148.74648127
-0.03111901 -0.01860685 0.99934248 -18.73548967
0.00000000 0.00000000 0.00000000 1.00000000
16	16	17
0.99940233 0.01404087 0.03158861 -60.23906577
-0.01461576 0.99973039 0.01804256 152.72852769
-0.03132676 -0.01849347 0.99933809 -18.91108095
0.00000000 0.00000000 0.00000000 1.00000000
17	17	18
0.99939831 0.01358762 0.03191226 -59.32201012
-0.01417943 0.99973029 0.01839263 156.19683399
-0.03165374 -0.01883406 0.99932143 -19.13953236
0.00000000 0.00000000 0.00000000 1.00000000
18	18	19
0.99940015 0.01333618 0.03196058 -57.62261492
-0.01392371 0.99973684 0.01823140 160.09910459
-0.03170903 -0.01866548 0.99932284 -19.36968865
0.00000000 0.00000000 0.00000000 1.00000000
19	19	20
0.99938456 0.01310140 0.03254005 -54.99313288
-0.01370597 0.99973627 0.01842639 165.14352401
-0.03229006 -0.01886104 0.99930056 -19.68363701
0.00000000 0.00000000 0.00000000 1.00000000
20	20	21
0.99934709 0.01432859 0.03316754 -48.25147224
-0.01492585 0.99972961 0.01783034 172.50060804
-0.03290309 -0.01831375 0.99929074 -20.53647190
0.00000000 0.00000000 0.00000000 1.00000000
21	21	22
0.99935552 0.01346346 0.03327594 -33.91132940
-0.01405288 0.99974734 0.01754335 179.79569379
-0.03303134 -0.01799967 0.99929222 -21.47968660
0.00000000 0.00000000 0.00000000 1.00000000
22	22	23
0.99934715 0.01413851 0.03324717 -23.98184730
-0.01471094 0.99974665 0.01703620 183.67236223
-0.03299788 -0.01751418 0.99930195 -22.08246376
0.00000000 0.00000000 0.00000000 1.00000000
23	23	24
0.99937003 0.01406886 0.03258232 -14.73994694
-0.01460971 0.99975842 0.01642138 186.91493030
-0.03234341 -0.01688706 0.99933414 -22.49211960
0.00000000 0.00000000 0.00000000 1.00000000
24	24	25
0.99936091 0.01424253 0.03278585 -5.38957172
-0.01478927 0.99975458 0.01649438 190.35697335
-0.03254288 -0.01696872 0.99932628 -23.02680427
0.00000000 0.00000000 0.00000000 1.00000000
25	25	26
0.99936343 0.01404975 0.03279221 4.67283540
-0.01460940 0.99975062 0.01688966 193.92629348
-0.03254674 -0.01735798 0.99931947 -23.57628020
0.00000000 0.00000000 0.00000000 1.00000000
26	26	27
0.99935263 0.01448800 0.03293051 14.54057070
-0.01505733 0.99974028 0.01710708 197.52119679
-0.03267411 -0.01759185 0.99931123 -24.06945896
0.00000000 0.00000000 0.00000000 1.00000000
27	27	28
0.99934698 0.01437353 0.03315143 24.30858037
-0.01493182 0.99974980 0.01665485 201.06391016
-0.03290374 -0.01713898 0.99931156 -24.53168978
0.00000000 0.00000000 0.00000000 1.00000000
28	28	29
0.99934500 0.01458995 0.03311649 33.69410401
-0.01513164 0.99975482 0.01616584 204.54079078
-0.03287251 -0.01665636 0.99932075 -24.97725944
0.00000000 0.00000000 0.00000000 1.00000000
29	29	30
0.99933068 0.01428207 0.03367800 43.68897512
-0.01481264 0.99976924 0.01555774 208.11578328
-0.03344803 -0.01604619 0.99931164 -25.40966457
0.00000000 0.00000000 0.00000000 1.00000000
30	30	31
0.99935058 0.01437987 0.03303998 53.96499512
-0.01491819 0.99975901 0.01610469 211.72965963
-0.03280043 -0.01658713 0.99932427 -25.71570034
0.00000000 0.00000000 0.00000000 1.00000000
31	31	32
0.99934737 0.01424245 0.03319611 65.15694788
-0.01480122 0.99975186 0.01664785 215.19738581
-0.03295077 -0.01712833 0.99931020 -25.91333620
0.00000000 0.00000000 0.00000000 1.00000000
32	32	33
0.99936540 0.01452180 0.03252560 73.31586276
-0.01509473 0.99973398 0.01743908 216.11831424
-0.03226370 -0.01791898 0.99931875 -25.78157787
0.00000000 0.00000000 0.00000000 1.00000000
33	33	34
0.99936489 0.01457024 0.03251959 77.96323144
-0.01512009 0.99974577 0.01672677 215.11284091
-0.03226761 -0.01720784 0.99933112 -25.67453672
0.00000000 0.00000000 0.00000000 1.00000000
34	34	35
0.99935472 0.01480873 0.03272388 82.00427230
-0.01536533 0.99974041 0.01682339 213.33828451
-0.03246625 -0.01731534 0.99932283 -25.61567000
0.00000000 0.00000000 0.00000000 1.00000000
35	35	36
0.99935837 0.01480674 0.03261301 86.65555633
-0.01535226 0.99974533 0.01654062 210.63740095
-0.03235979 -0.01703069 0.99933118 -25.59341128
0.00000000 0.00000000 0.00000000 1.00000000
36	36	37
0.99934038 0.01444368 0.03331931 92.42157995
-0.01501635 0.99974269 0.01700164 206.43816233
-0.03306517 -0.01749076 0.99930014 -25.56999244
0.00000000 0.00000000 0.00000000 1.00000000
37	37	38
0.99933346 0.01442196 0.03353559 100.59656665
-0.01501599 0.99973358 0.01752957 195.68558731
-0.03327384 -0.01802146 0.99928378 -25.23327048
0.00000000 0.00000000 0.00000000 1.00000000
38	38	39
0.99931337 0.01507746 0.03384468 102.69165110
-0.01567470 0.99972484 0.01745105 184.72540001
-0.03357225 -0.01796958 0.99927474 -25.09417498
0.00000000 0.00000000 0.00000000 1.00000000
39	39	40
0.99930347 0.01518602 0.03408746 103.78313444
-0.01576656 0.99973409 0.01682724 175.44411232
-0.03382286 -0.01735297 0.99927718 -24.95096972
0.00000000 0.00000000 0.00000000 1.00000000
40	40	41
0.99931087 0.01462326 0.03411667 104.91149897
-0.01518834 0.99975075 0.01636312 166.50066587
-0.03386889 -0.01687002 0.99928389 -24.77245590
0.00000000 0.00000000 0.00000000 1.00000000
41	41	42
0.99929908 0.01490982 0.03433717 106.26731111
-0.01546134 0.99975479 0.01585290 156.44483164
-0.03409239 -0.01637269 0.99928457 -24.51107026
0.00000000 0.00000000 0.00000000 1.00000000
42	42	43
0.99930133 0.01470195 0.03436135 107.93276343
-0.01526343 0.99975330 0.01613568 145.39079853
-0.03411565 -0.01664888 0.99927921 -24.18888668
0.00000000 0.00000000 0.00000000 1.00000000
43	43	44
0.99929825 0.01478402 0.03441582 109.27614917
-0.01533581 0.99975716 0.01582485 134.80418157
-0.03417351 -0.01634154 0.99928231 -23.96365523
0.00000000 0.00000000 0.00000000 1.00000000
44	44	45
0.99929958 0.01479392 0.03437283 110.73938975
-0.01535538 0.99975202 0.01612800 123.69233240
-0.03412571 -0.01664452 0.99927894 -23.79035695
0.00000000 0.00000000 0.00000000 1.00000000
45	45	46
0.99929941 0.01477039 0.03438793 112.12845332
-0.01532944 0.99975366 0.01605064 112.72988052
-0.03414239 -0.01656654 0.99927966 -23.61050583
0.00000000 0.00000000 0.00000000 1.00000000
46	46	47
0.99929450 0.01513284 0.03437293 113.35166169
-0.01568918 0.99974931 0.01597383 102.03721935
-0.03412258 -0.01650184 0.99928141 -23.31292517
0.00000000 0.00000000 0.00000000 1.00000000
47	47	48
0.99929122 0.01540813 0.03434606 114.99665545
-0.01594936 0.99975203 0.01554025 90.34343649
-0.03409810 -0.01607703 0.99928917 -22.91210066
0.00000000 0.00000000 0.00000000 1.00000000
48	48	49
0.99928646 0.01579684 0.03430793 118.61187690
-0.01630585 0.99976034 0.01460775 72.71603770
-0.03406895 -0.01515674 0.99930455 -22.71655896
0.00000000 0.00000000 0.00000000 1.00000000
49	49	50
0.99928285 0.01505324 0.03474446 120.12553854
-0.01554219 0.99978334 0.01384586 65.18553948
-0.03452851 -0.01437594 0.99930031 -22.84242539
0.00000000 0.00000000 0.00000000 1.00000000
50	50	51
0.99928648 0.01537597 0.03449802 121.15723074
-0.01587264 0.99977361 0.01416983 58.87141091
-0.03427233 -0.01470730 0.99930431 -22.85191469
0.00000000 0.00000000 0.00000000 1.00000000
51	51	52
0.99927819 0.01527099 0.03478369 122.04677580
-0.01579053 0.99976710 0.01471072 53.06162443
-0.03455094 -0.01524935 0.99928659 -22.91396947
0.00000000 0.00000000 0.00000000 1.00000000
52	52	53
0.99928927 0.01510286 0.03453765 123.07076788
-0.01561604 0.99977092 0.01463739 48.07512231
-0.03430868 -0.01516633 0.99929620 -23.00656997
0.00000000 0.00000000 0.00000000 1.00000000
53	53	54
0.99930877 0.01535412 0.03385606 124.16327711
-0.01579574 0.99979311 0.01281562 42.46781368
-0.03365228 -0.01334154 0.99934455 -23.07029531
0.00000000 0.00000000 0.00000000 1.00000000
54	54	55
0.99934422 0.01518779 0.03287025 125.73520863
-0.01557475 0.99981201 0.01154842 30.49115542
-0.03268868 -0.01205279 0.99939291 -23.16945123
0.00000000 0.00000000 0.00000000 1.00000000
55	55	56
0.99937812 0.01442759 0.03217470 126.97339577
-0.01482800 0.99981512 0.01224119 19.21410166
-0.03199215 -0.01271066 0.99940730 -22.95024268
0.00000000 0.00000000 0.00000000 1.00000000
56	56	57
0.99941869 0.01236128 0.03177218 128.50360045
-0.01279164 0.99982869 0.01337765 7.93952322
-0.03160137 -0.01377629 0.99940561 -22.78659540
0.00000000 0.00000000 0.00000000 1.00000000
57	57	58
0.99939150 0.01174585 0.03284289 130.11802081
-0.01222370 0.99982179 0.01438678 -3.97498633
-0.03266805 -0.01477948 0.99935698 -22.49943284
0.00000000 0.00000000 0.00000000 1.00000000
58	58	59
0.99940564 0.01104362 0.03265591 130.94533066
-0.01152006 0.99982941 0.01443775 -14.45705928
-0.03249090 -0.01480537 0.99936237 -22.23781711
0.00000000 0.00000000 0.00000000 1.00000000
59	59	60
0.99941874 0.01065498 0.03238296 131.67708245
-0.01115877 0.99981889 0.01541656 -24.84527497
-0.03221283 -0.01576895 0.99935663 -22.12903704
0.00000000 0.00000000 0.00000000 1.00000000
60	60	61
0.99943260 0.01056548 0.03198215 132.07062494
-0.01105802 0.99982236 0.01526306 -35.10433358
-0.03181520 -0.01560806 0.99937189 -22.09575997
0.00000000 0.00000000 0.00000000 1.00000000
61	61	62
0.99943722 0.01027917 0.03193095 133.01733610
-0.01078299 0.99981944 0.01564634 -45.08828932
-0.03176436 -0.01598184 0.99936760 -21.89411765
0.00000000 0.00000000 0.00000000 1.00000000
62	62	63
0.99943092 0.01033218 0.03211036 133.90689118
-0.01084359 0.99981647 0.01579355 -55.60392836
-0.03194128 -0.01613275 0.99935954 -21.65526122
0.00000000 0.00000000 0.00000000 1.00000000
63	63	64
0.99944211 0.01017755 0.03181031 134.97538159
-0.01066200 0.99982919 0.01509701 -66.17510948
-0.03165123 -0.01542775 0.99937990 -21.45816836
0.00000000 0.00000000 0.00000000 1.00000000
64	64	65
0.99942335 0.01066742 0.03223612 135.66094821
-0.01118579 0.99981033 0.01594330 -76.19070922
-0.03205993 -0.01629469 0.99935311 -21.47613548
0.00000000 0.00000000 0.00000000 1.00000000
65	65	66
0.99943761 0.01062371 0.03180574 136.38148007
-0.01114539 0.99980551 0.01627002 -86.14578688
-0.03162671 -0.01661535 0.99936164 -21.38166558
0.00000000 0.00000000 0.00000000 1.00000000
66	66	67
0.99943469 0.01010780 0.03206441 137.63864472
-0.01062344 0.99981632 0.01595203 -95.97090124
-0.03189728 -0.01628364 0.99935850 -21.11319906
0.00000000 0.00000000 0.00000000 1.00000000
67	67	68
0.99943514 0.00989796 0.03211584 138.29948115
-0.01040908 0.99982119 0.01578708 -105.57205586
-0.03195383 -0.01611246 0.99935947 -21.01627671
0.00000000 0.00000000 0.00000000 1.00000000
68	68	69
0.99942388 0.00934783 0.03262719 139.14629235
-0.00988750 0.99981632 0.01641859 -116.04480200
-0.03246772 -0.01673173 0.99933273 -20.97604948
0.00000000 0.00000000 0.00000000 1.00000000
69	69	70
0.99942222 0.00949777 0.03263455 139.97024571
-0.01006335 0.99980125 0.01721044 -126.54807405
-0.03246460 -0.01752891 0.99931916 -20.90815558
0.00000000 0.00000000 0.00000000 1.00000000
70	70	71
0.99942434 0.00971814 0.03250461 141.14082775
-0.01028622 0.99979647 0.01735541 -136.21530235
-0.03232933 -0.01767976 0.99932089 -20.60644404
0.00000000 0.00000000 0.00000000 1.00000000
71	71	72
0.99943696 0.00997059 0.03203662 142.31799314
-0.01055484 0.99978011 0.01811994 -146.19620062
-0.03184891 -0.01844787 0.99932243 -20.35639309
0.00000000 0.00000000 0.00000000 1.00000000
72	72	73
0.99943618 0.00990644 0.03208096 143.38459905
-0.01048008 0.99978731 0.01776228 -156.76697820
-0.03189817 -0.01808848 0.99932743 -20.17286517
0.00000000 0.00000000 0.00000000 1.00000000
73	73	74
0.99944162 0.00989664 0.03191388 144.89408668
-0.01047606 0.99978238 0.01804005 -166.85040720
-0.03172840 -0.01836431 0.99932780 -19.97547437
0.00000000 0.00000000 0.00000000 1.00000000
74	74	75
0.99945166 0.00874105 0.03193703 146.58739533
-0.00935835 0.99977128 0.01923063 -177.60117212
-0.03176163 -0.01951896 0.99930486 -19.80281314
0.00000000 0.00000000 0.00000000 1.00000000
75	75	76
0.99945708 0.00877603 0.03175740 148.00001084
-0.00936622 0.99978530 0.01848343 -188.37739076
-0.03158837 -0.01877084 0.99932469 -19.63118513
0.00000000 0.00000000 0.00000000 1.00000000
76	76	77
0.99945315 0.00886025 0.03185760 149.28415209
-0.00946391 0.99977757 0.01884813 -199.07649139
-0.03168352 -0.01913932 0.99931469 -19.47985151
0.00000000 0.00000000 0.00000000 1.00000000
77	77	78
0.99945729 0.00964901 0.03149652 150.89281606
-0.01023279 0.99977785 0.01842652 -215.45008521
-0.03131173 -0.01873881 0.99933399 -19.22274952
0.00000000 0.00000000 0.00000000 1.00000000
78	78	79
0.99944766 0.00991949 0.03171720 151.76276203
-0.01049621 0.99978165 0.01806870 -226.32458333
-0.03153104 -0.01839163 0.99933355 -19.03286489
0.00000000 0.00000000 0.00000000 1.00000000
79	79	80
0.99944651 0.01032389 0.03162435 151.93874826
-0.01089073 0.99978217 0.01780476 -231.66338388
-0.03143365 -0.01813932 0.99934123 -18.90150804
0.00000000 0.00000000 0.00000000 1.00000000
80	80	81
0.99942508 0.01006464 0.03237603 151.98356002
-0.01065512 0.99977908 0.01811784 -236.50010199
-0.03218652 -0.01845239 0.99931153 -18.80830975
0.00000000 0.00000000 0.00000000 1.00000000
81	81	82
0.99943854 0.00982326 0.03203278 152.07991864
-0.01039749 0.99978734 0.01780935 -241.13539754
-0.03185102 -0.01813242 0.99932814 -18.72405681
0.00000000 0.00000000 0.00000000 1.00000000
82	82	83
0.99943966 0.00959148 0.03206826 152.14907924
-0.01015765 0.99979458 0.01753890 -245.78760436
-0.03189345 -0.01785481 0.99933178 -18.64440813
0.00000000 0.00000000 0.00000000 1.00000000
83	83	84
0.99944237 0.00972215 0.03194429 152.17204920
-0.01027277 0.99980070 0.01711819 -254.36250046
-0.03177150 -0.01743680 0.99934305 -18.51914762
0.00000000 0.00000000 0.00000000 1.00000000
84	84	85
0.99944727 0.00981919 0.03176052 152.13644477
-0.01036997 0.99979788 0.01722379 -271.63780167
-0.03158498 -0.01754363 0.99934709 -18.23953488
0.00000000 0.00000000 0.00000000 1.00000000
85	85	86
0.99947308 0.00960011 0.03100636 152.21840261
-0.01010302 0.99981928 0.01610397 -283.99786620
-0.03084616 -0.01640874 0.99938945 -18.16760979
0.00000000 0.00000000 0.00000000 1.00000000
86	86	87
0.99949451 0.00971845 0.03026995 152.07424718
-0.01019044 0.99982829 0.01547756 -295.59783949
-0.03011433 -0.01577820 0.99942192 -18.00931797
0.00000000 0.00000000 0.00000000 1.00000000
87	87	88
0.99953021 0.01033596 0.02885368 151.45784750
-0.01078229 0.99982395 0.01535625 -306.13399819
-0.02868988 -0.01566015 0.99946568 -17.76672515
0.00000000 0.00000000 0.00000000 1.00000000
88	88	89
0.99956788 0.01008137 0.02761211 150.87330789
-0.01048329 0.99984064 0.01444983 -316.20228963
-0.02746203 -0.01473305 0.99951427 -17.53371895
0.00000000 0.00000000 0.00000000 1.00000000
89	89	90
0.99959522 0.00962069 0.02677373 150.22636017
-0.01003982 0.99982846 0.01556417 -326.59260314
-0.02661940 -0.01582668 0.99952035 -17.00963083
0.00000000 0.00000000 0.00000000 1.00000000
90	90	91
0.99960340 0.00947094 0.02652081 149.40071084
-0.00988593 0.99983005 0.01556063 -337.24970652
-0.02636893 -0.01581664 0.99952714 -16.58405330
0.00000000 0.00000000 0.00000000 1.00000000
91	91	92
0.99960645 0.00944258 0.02641561 148.73641552
-0.00986531 0.99982462 0.01591864 -347.14084773
-0.02626067 -0.01617297 0.99952429 -16.35258393
0.00000000 0.00000000 0.00000000 1.00000000
92	92	93
0.99960634 0.00945244 0.02641629 148.54801399
-0.00987527 0.99982447 0.01592205 -357.13034829
-0.02626115 -0.01617665 0.99952422 -16.10709776
0.00000000 0.00000000 0.00000000 1.00000000
93	93	94
0.99960618 0.00945441 0.02642153 149.25884257
-0.00987732 0.99982445 0.01592163 -367.54281283
-0.02626636 -0.01617633 0.99952409 -15.85423081
0.00000000 0.00000000 0.00000000 1.00000000
94	94	95
0.99960656 0.00945807 0.02640577 150.26563883
-0.00988070 0.99982443 0.01592099 -377.23957459
-0.02625055 -0.01617564 0.99952452 -15.64770696
0.00000000 0.00000000 0.00000000 1.00000000
95	95	96
0.99957646 0.00937804 0.02754904 151.45967698
-0.00982485 0.99982166 0.01612808 -387.48357609
-0.02739288 -0.01639192 0.99949034 -15.66852896
0.00000000 0.00000000 0.00000000 1.00000000
96	96	97
0.99959055 0.00953401 0.02697834 153.45140883
-0.00996893 0.99982177 0.01603275 -398.41263971
-0.02682067 -0.01629513 0.99950744 -15.56691192
0.00000000 0.00000000 0.00000000 1.00000000
97	97	98
0.99958897 0.00972778 0.02696771 155.58947315
-0.01016063 0.99982100 0.01596038 -408.67144845
-0.02680763 -0.01622783 0.99950888 -15.40679330
0.00000000 0.00000000 0.00000000 1.00000000
98	98	99
0.99959463 0.00971186 0.02676281 157.27017199
-0.01015179 0.99981477 0.01635156 -419.81625636
-0.02659905 -0.01661662 0.99950807 -15.31226473
0.00000000 0.00000000 0.00000000 1.00000000
99	99	100
0.99960576 0.00963135 0.02637361 156.83646032
-0.01005340 0.99982277 0.01591718 -437.13285779
-0.02621563 -0.01617605 0.99952543 -15.11190228
0.00000000 0.00000000 0.00000000 1.00000000
100	100	101
0.99959373 0.00944402 0.02689197 154.63349181
-0.00987623 0.99982346 0.01598479 -442.25451061
-0.02673626 -0.01624389 0.99951053 -15.19598423
0.00000000 0.00000000 0.00000000 1.00000000
101	101	102
0.99961985 0.01011544 0.02564817 152.66093346
-0.01051241 0.99982631 0.01538986 -446.01955003
-0.02548804 -0.01565363 0.99955256 -15.26550056
0.00000000 0.00000000 0.00000000 1.00000000
102	102	103
0.99964516 0.00990602 0.02472691 150.57114597
-0.01028879 0.99982846 0.01540089 -449.38080429
-0.02457011 -0.01564984 0.99957561 -15.24981496
0.00000000 0.00000000 0.00000000 1.00000000
103	103	104
0.99963207 0.00997914 0.02522173 147.47847855
-0.01037975 0.99982125 0.01580289 -453.18139262
-0.02505952 -0.01605887 0.99955697 -15.21670713
0.00000000 0.00000000 0.00000000 1.00000000
104	104	105
0.99961183 0.00989352 0.02604415 143.07958946
-0.01029359 0.99983039 0.01527221 -456.23139021
-0.02588863 -0.01553437 0.99954413 -15.15088061
0.00000000 0.00000000 0.00000000 1.00000000
105	105	106
0.99965279 0.01011608 0.02433042 129.96482098
-0.01046737 0.99984218 0.01435429 -462.46120971
-0.02418137 -0.01460398 0.99960091 -15.17577419
0.00000000 0.00000000 0.00000000 1.00000000
106	106	107
0.99968039 0.01141689 0.02255614 118.13049696
-0.01179080 0.99979411 0.01651416 -467.76934141
-0.02236296 -0.01677484 0.99960918 -14.85849662
0.00000000 0.00000000 0.00000000 1.00000000
107	107	108
0.99975627 0.01091575 0.01918981 106.70264653
-0.01127990 0.99975639 0.01897175 -472.18693076
-0.01897805 -0.01918358 0.99963585 -14.46504844
0.00000000 0.00000000 0.00000000 1.00000000
108	108	109
0.99978891 0.01064418 0.01757361 96.64635488
-0.01098940 0.99974620 0.01966636 -475.92054716
-0.01735982 -0.01985534 0.99965214 -14.22457563
0.00000000 0.00000000 0.00000000 1.00000000
109	109	110
0.99969420 0.01090541 0.02219429 86.22810182
-0.01122277 0.99983583 0.01422523 -479.74302961
-0.02203552 -0.01446996 0.99965247 -14.04061868
0.00000000 0.00000000 0.00000000 1.00000000
110	110	111
0.99971590 0.01164417 0.02079732 76.84239731
-0.01196995 0.99980652 0.01560912 -483.05936295
-0.02061155 -0.01585363 0.99966186 -13.87081179
0.00000000 0.00000000 0.00000000 1.00000000
111	111	112
0.99969371 0.01229220 0.02148013 67.28303946
-0.01262140 0.99980393 0.01525780 -486.57259106
-0.02128837 -0.01552423 0.99965284 -13.67948052
0.00000000 0.00000000 0.00000000 1.00000000
112	112	113
0.99969396 0.01222383 0.02150740 57.70817746
-0.01259307 0.99977418 0.01711746 -490.22048077
-0.02129330 -0.01738307 0.99962214 -13.37763265
0.00000000 0.00000000 0.00000000 1.00000000
113	113	114
0.99971494 0.01107602 0.02115069 45.52334953
-0.01145369 0.99977562 0.01781907 -494.93426910
-0.02094858 -0.01805625 0.99961749 -12.82702361
0.00000000 0.00000000 0.00000000 1.00000000
114	114	115
0.99974990 0.01197161 0.01888966 40.32740083
-0.01232087 0.99975326 0.01848273 -495.62308485
-0.01866373 -0.01871085 0.99965072 -12.60733449
0.00000000 0.00000000 0.00000000 1.00000000
115	115	116
0.99975839 0.01079945 0.01914523 36.50438297
-0.01112093 0.99979760 0.01676572 -495.13512794
-0.01896029 -0.01697458 0.99967613 -12.47552250
0.00000000 0.00000000 0.00000000 1.00000000
116	116	117
0.99975258 0.00943405 0.02014382 32.44105686
-0.00977378 0.99981052 0.01683434 -494.07563745
-0.01998119 -0.01702706 0.99965536 -12.33487928
0.00000000 0.00000000 0.00000000 1.00000000
117	117	118
0.99975187 0.00995277 0.01992839 27.33713078
-0.01027170 0.99981978 0.01596577 -492.44436823
-0.01976589 -0.01616651 0.99967392 -12.18328055
0.00000000 0.00000000 0.00000000 1.00000000
118	118	119
0.99969763 0.00959138 0.02264195 20.25562889
-0.01003493 0.99975836 0.01955799 -489.62697953
-0.02244889 -0.01977928 0.99955231 -11.93933711
0.00000000 0.00000000 0.00000000 1.00000000
119	119	120
0.99962371 0.00924190 0.02582679 10.25646327
-0.00974833 0.99976131 0.01955211 -476.00508114
-0.02563993 -0.01979652 0.99947521 -11.83229009
0.00000000 0.00000000 0.00000000 1.00000000
120	120	121
0.99951084 0.00956768 0.02977495 6.90740915
-0.01023971 0.99969439 0.02250037 -464.61407917
-0.02955057 -0.02279425 0.99930335 -12.03035744
0.00000000 0.00000000 0.00000000 1.00000000
121	121	122
0.99951433 0.01037592 0.02938457 3.97677290
-0.01103134 0.99969199 0.02223132 -454.09300306
-0.02914485 -0.02254467 0.99932093 -12.19725118
0.00000000 0.00000000 0.00000000 1.00000000
122	122	123
0.99950257 0.00956201 0.03005313 0.86599452
-0.01015940 0.99975257 0.01978847 -443.16009794
-0.02985647 -0.02008395 0.99935240 -12.39891693
0.00000000 0.00000000 0.00000000 1.00000000
123	123	124
0.99961175 0.00947385 0.02620308 -2.62734083
-0.01000736 0.99974375 0.02030508 -430.87545325
-0.02600400 -0.02055942 0.99945040 -12.66461073
0.00000000 0.00000000 0.00000000 1.00000000
124	124	125
0.99963944 0.01004491 0.02490141 -3.48157646
-0.01051763 0.99976557 0.01892574 -422.42349799
-0.02470546 -0.01918082 0.99951075 -12.88352715
0.00000000 0.00000000 0.00000000 1.00000000
125	125	126
0.99960651 0.01109826 0.02576129 -2.88408999
-0.01158578 0.99975514 0.01885278 -416.51844309
-0.02554575 -0.01914382 0.99949033 -12.99989133
0.00000000 0.00000000 0.00000000 1.00000000
126	126	127
0.99955487 0.01093097 0.02775938 -1.10321297
-0.01146615 0.99975003 0.01919405 -409.90818107
-0.02754263 -0.01950380 0.99943034 -13.18272488
0.00000000 0.00000000 0.00000000 1.00000000
127	127	128
0.99955893 0.01130232 0.02746261 2.10873275
-0.01180847 0.99976210 0.01833872 -402.35135226
-0.02724880 -0.01865492 0.99945460 -13.40118981
0.00000000 0.00000000 0.00000000 1.00000000
128	128	129
0.99953557 0.01145630 0.02823823 5.64239913
-0.01193838 0.99978485 0.01696268 -395.56684226
-0.02803783 -0.01729192 0.99945729 -13.68842620
0.00000000 0.00000000 0.00000000 1.00000000
129	129	130
0.99953049 0.01135100 0.02845970 8.13423754
-0.01184758 0.99977944 0.01734108 -389.67566426
-0.02825659 -0.01767011 0.99944451 -13.91332803
0.00000000 0.00000000 0.00000000 1.00000000
130	130	131
0.99954439 0.01177700 0.02779053 10.10938403
-0.01229286 0.99975393 0.01846523 -383.61003031
-0.02756623 -0.01879844 0.99944321 -14.13683419
0.00000000 0.00000000 0.00000000 1.00000000
131	131	132
0.99955456 0.01212722 0.02726931 11.25695712
-0.01265120 0.99973705 0.01912542 -376.89849698
-0.02703020 -0.01946189 0.99944515 -14.34771382
0.00000000 0.00000000 0.00000000 1.00000000
132	132	133
0.99957090 0.01197954 0.02673029 10.04426169
-0.01248521 0.99974471 0.01883166 -372.56375014
-0.02649787 -0.01915731 0.99946529 -14.45218648
0.00000000 0.00000000 0.00000000 1.00000000
133	133	134
0.99956041 0.01231972 0.02696669 7.04513464
-0.01285917 0.99971881 0.01992335 -371.89509972
-0.02671366 -0.02026136 0.99943777 -14.43665119
0.00000000 0.00000000 0.00000000 1.00000000
134	134	135
0.99951869 0.01351194 0.02792521 4.13209353
-0.01407721 0.99969794 0.02014609 -371.40417679
-0.02764456 -0.02052950 0.99940698 -14.40430184
0.00000000 0.00000000 0.00000000 1.00000000
135	135	136
0.99950897 0.01444367 0.02780637 1.17061646
-0.01500638 0.99968463 0.02013570 -371.87604550
-0.02750677 -0.02054308 0.99941051 -14.34848943
0.00000000 0.00000000 0.00000000 1.00000000
136	136	137
0.99951984 0.01409393 0.02759431 -1.46375772
-0.01465002 0.99969154 0.02005504 -373.50035371
-0.02730314 -0.02044967 0.99941801 -14.25489170
0.00000000 0.00000000 0.00000000 1.00000000
137	137	138
0.99953384 0.01323828 0.02751086 -3.28807042
-0.01379479 0.99970203 0.02013829 -375.83030615
-0.02723607 -0.02050840 0.99941863 -14.16907226
0.00000000 0.00000000 0.00000000 1.00000000
138	138	139
0.99952504 0.01399246 0.02745746 -4.44369714
-0.01454846 0.99969100 0.02015538 -378.52992204
-0.02716695 -0.02054527 0.99941976 -14.09103430
0.00000000 0.00000000 0.00000000 1.00000000
139	139	140
0.99954185 0.01337115 0.02715322 -5.13733959
-0.01391976 0.99970073 0.02011671 -381.51395923
-0.02687611 -0.02048546 0.99942885 -14.02665044
0.00000000 0.00000000 0.00000000 1.00000000
140	140	141
0.99957577 0.01092470 0.02699863 -27.60359503
-0.01148558 0.99971960 0.02070759 -370.90599587
-0.02676484 -0.02100890 0.99942097 -14.32815568
0.00000000 0.00000000 0.00000000 1.00000000
141	141	142
0.99954460 0.01039668 0.02832851 -26.35927054
-0.01096980 0.99973675 0.02015166 -384.51170614
-0.02811154 -0.02045324 0.99939552 -14.40637935
0.00000000 0.00000000 0.00000000 1.00000000
142	142	143
0.99953754 0.01095373 0.02836766 -21.60859503
-0.01150637 0.99974575 0.01939183 -394.31424181
-0.02814804 -0.01970927 0.99940944 -14.59441082
0.00000000 0.00000000 0.00000000 1.00000000
143	143	144
0.99950638 0.01055033 0.02959195 -17.28460423
-0.01111869 0.99975559 0.01910826 -402.27734678
-0.02938312 -0.01942785 0.99937940 -14.73378072
0.00000000 0.00000000 0.00000000 1.00000000
144	144	145
0.99944980 0.01054673 0.03144627 -12.97538357
-0.01114670 0.99975800 0.01896538 -409.98653933
-0.03123864 -0.01930547 0.99932550 -14.83954609
0.00000000 0.00000000 0.00000000 1.00000000
145	145	146
0.99944487 0.01125978 0.03135555 -8.49513698
-0.01183636 0.99976314 0.01826386 -418.05827061
-0.03114247 -0.01862486 0.99934141 -14.97400010
0.00000000 0.00000000 0.00000000 1.00000000
146	146	147
0.99952575 0.01091235 0.02879585 -4.03021413
-0.01145003 0.99976193 0.01857354 -427.25528006
-0.02858632 -0.01889444 0.99941274 -15.00334953
0.00000000 0.00000000 0.00000000 1.00000000
147	147	148
0.99956141 0.00956318 0.02802745 0.06901541
-0.01013117 0.99974475 0.02019403 -437.88226481
-0.02782718 -0.02046913 0.99940315 -14.71768579
0.00000000 0.00000000 0.00000000 1.00000000
148	148	149
0.99960656 0.00949523 0.02639240 3.43367512
-0.01004582 0.99973302 0.02080803 -449.02569429
-0.02618778 -0.02106498 0.99943507 -14.47598783
0.00000000 0.00000000 0.00000000 1.00000000
149	149	150
0.99955502 0.00958191 0.02824812 6.25294601
-0.01018334 0.99972287 0.02122437 -458.61448968
-0.02803692 -0.02150258 0.99937559 -14.25978685
0.00000000 0.00000000 0.00000000 1.00000000
150	150	151
0.99956013 0.00900610 0.02825677 8.96783430
-0.00960200 0.99973285 0.02102450 -468.17813906
-0.02805988 -0.02128657 0.99937957 -14.03950956
0.00000000 0.00000000 0.00000000 1.00000000
151	151	152
0.99956019 0.00844173 0.02842805 11.38222541
-0.00904401 0.99973594 0.02112466 -477.48457972
-0.02824222 -0.02137248 0.99937260 -13.86091616
0.00000000 0.00000000 0.00000000 1.00000000
152	152	153
0.99951971 0.00870221 0.02974257 14.07589588
-0.00934208 0.99972643 0.02144286 -487.60635144
-0.02954783 -0.02171042 0.99932757 -13.62008386
0.00000000 0.00000000 0.00000000 1.00000000
153	153	154
0.99950318 0.00921668 0.03014050 16.52886598
-0.00988638 0.99970585 0.02214647 -497.19375416
-0.02992752 -0.02243345 0.99930030 -13.42160211
0.00000000 0.00000000 0.00000000 1.00000000
154	154	155
0.99944826 0.00887103 0.03200765 19.19808740
-0.00956025 0.99972433 0.02144453 -507.29711466
-0.03180859 -0.02173870 0.99925755 -13.22506820
0.00000000 0.00000000 0.00000000 1.00000000
155	155	156
0.99944828 0.00884273 0.03201474 21.87193312
-0.00946112 0.99977059 0.01921611 -517.18621819
-0.03183748 -0.01950840 0.99930266 -13.03814616
0.00000000 0.00000000 0.00000000 1.00000000
156	156	157
0.99944241 0.00903981 0.03214274 24.60077181
-0.00964047 0.99978087 0.01858165 -526.87640591
-0.03196772 -0.01888116 0.99931055 -12.86326040
0.00000000 0.00000000 0.00000000 1.00000000
157	157	158
0.99945495 0.00860417 0.03187116 27.44808637
-0.00912651 0.99982582 0.01628010 -536.31885733
-0.03172553 -0.01656210 0.99935939 -12.63204070
0.00000000 0.00000000 0.00000000 1.00000000
158	158	159
0.99936904 0.00929015 0.03428139 30.38813587
-0.00987657 0.99980711 0.01697663 -546.57942479
-0.03411707 -0.01730450 0.99926802 -12.49445819
0.00000000 0.00000000 0.00000000 1.00000000
159	159	160
0.99940464 0.00987785 0.03305744 33.19819028
-0.01044920 0.99979823 0.01715577 -556.18363831
-0.03288131 -0.01749098 0.99930620 -12.34330366
0.00000000 0.00000000 0.00000000 1.00000000
160	160	161
0.99935981 0.01048246 0.03420667 35.88442783
-0.01108385 0.99978649 0.01743892 -565.93587700
-0.03401657 -0.01780690 0.99926262 -12.17442753
0.00000000 0.00000000 0.00000000 1.00000000
161	161	162
0.99946146 0.01046010 0.03110255 38.26694527
-0.01099416 0.99979419 0.01704995 -575.09032499
-0.03091780 -0.01738272 0.99937077 -12.10888702
0.00000000 0.00000000 0.00000000 1.00000000
162	162	163
0.99933476 0.00919557 0.03529130 40.82917460
-0.00986284 0.99977499 0.01878006 -584.73556316
-0.03511067 -0.01911564 0.99920060 -11.94427417
0.00000000 0.00000000 0.00000000 1.00000000
163	163	164
0.99938161 0.00877088 0.03405105 43.45126088
-0.00941952 0.99977633 0.01893574 -594.04571328
-0.03387735 -0.01924478 0.99924069 -11.85150788
0.00000000 0.00000000 0.00000000 1.00000000
164	164	165
0.99932556 0.00871148 0.03567257 46.20389404
-0.00937304 0.99978640 0.01842036 -604.00275542
-0.03550448 -0.01874229 0.99919375 -11.72237234
0.00000000 0.00000000 0.00000000 1.00000000
165	165	166
0.99934807 0.00838764 0.03511526 49.06720702
-0.00900187 0.99980860 0.01737039 -614.10619505
-0.03496284 -0.01767517 0.99923230 -11.63386289
0.00000000 0.00000000 0.00000000 1.00000000
166	166	167
0.99925089 0.00813474 0.03783501 52.92779146
-0.00876046 0.99982710 0.01640190 -628.29115118
-0.03769504 -0.01672107 0.99914938 -11.50657434
0.00000000 0.00000000 0.00000000 1.00000000
167	167	168
0.99899649 0.00768265 0.04412479 55.11596787
-0.00855075 0.99977292 0.01951890 -638.66168805
-0.04396481 -0.01987661 0.99883533 -11.20407387
0.00000000 0.00000000 0.00000000 1.00000000
168	168	169
0.99911223 0.00819885 0.04132238 54.60264360
-0.00903077 0.99975947 0.01998611 -642.58154070
-0.04114858 -0.02034154 0.99894595 -10.98391765
0.00000000 0.00000000 0.00000000 1.00000000
169	169	170
0.99896506 0.00846413 0.04468977 53.21561760
-0.00932052 0.99977624 0.01898963 -646.06627359
-0.04451904 -0.01938651 0.99882041 -10.75977042
0.00000000 0.00000000 0.00000000 1.00000000
170	170	171
0.99903480 0.00803610 0.04318437 51.01411927
-0.00900785 0.99970951 0.02235507 -650.11588356
-0.04299218 -0.02272250 0.99881698 -10.50610021
0.00000000 0.00000000 0.00000000 1.00000000
171	171	172
0.99913238 0.00758531 0.04095058 47.55414566
-0.00858164 0.99967008 0.02420936 -654.74049790
-0.04075343 -0.02453978 0.99886784 -10.23808593
0.00000000 0.00000000 0.00000000 1.00000000
172	172	173
0.99910364 0.00917198 0.04132534 40.89663297
-0.01014490 0.99967483 0.02339496 -661.35324214
-0.04109732 -0.02379323 0.99887181 -9.68568675
0.00000000 0.00000000 0.00000000 1.00000000
173	173	174
0.99896014 0.00769050 0.04493876 21.70734804
-0.00879058 0.99966525 0.02433350 -667.18311676
-0.04473658 -0.02470324 0.99869334 -8.65941037
0.00000000 0.00000000 0.00000000 1.00000000
174	174	175
0.99897861 0.00831230 0.04441433 10.72761222
-0.00950377 0.99959877 0.02668295 -667.98962457
-0.04417472 -0.02707780 0.99865679 -8.36311068
0.00000000 0.00000000 0.00000000 1.00000000
175	175	176
0.99893596 0.00780426 0.04545370 2.22076440
-0.00892919 0.99965753 0.02459871 -668.51443393
-0.04524616 -0.02497841 0.99866354 -8.06523972
0.00000000 0.00000000 0.00000000 1.00000000
176	176	177
0.99891509 0.00771615 0.04592509 -6.93489977
-0.00880069 0.99968603 0.02346031 -668.84096780
-0.04572965 -0.02383903 0.99866936 -7.77547807
0.00000000 0.00000000 0.00000000 1.00000000
177	177	178
0.99882787 0.00722616 0.04786095 -15.36625741
-0.00830650 0.99971431 0.02241211 -669.27844681
-0.04768533 -0.02278340 0.99860254 -7.34367960
0.00000000 0.00000000 0.00000000 1.00000000
178	178	179
0.99882829 0.00700819 0.04788451 -22.06162510
-0.00808393 0.99971845 0.02230868 -670.01407952
-0.04771468 -0.02266964 0.99860372 -6.93059768
0.00000000 0.00000000 0.00000000 1.00000000
179	179	180
0.99882319 0.00702655 0.04798817 -28.46441230
-0.00809859 0.99972115 0.02218184 -671.35080069
-0.04781893 -0.02254437 0.99860157 -6.52623784
0.00000000 0.00000000 0.00000000 1.00000000
180	180	181
0.99885117 0.00674167 0.04744353 -34.90277019
-0.00777460 0.99973601 0.02162104 -673.86237423
-0.04728524 -0.02196505 0.99863990 -6.09696408
0.00000000 0.00000000 0.00000000 1.00000000
181	181	182
0.99886395 0.00664766 0.04718715 -41.82821938
-0.00769279 0.99972834 0.02200157 -677.52834501
-0.04702808 -0.02233957 0.99864373 -5.62781083
0.00000000 0.00000000 0.00000000 1.00000000
182	182	183
0.99890484 0.00686697 0.04628137 -48.90902114
-0.00789279 0.99972640 0.02201880 -683.05240508
-0.04611751 -0.02235998 0.99868574 -5.05131085
0.00000000 0.00000000 0.00000000 1.00000000
183	183	184
0.99895569 0.00511419 0.04540226 -57.45104065
-0.00611086 0.99974279 0.02184046 -695.26016975
-0.04527888 -0.02209510 0.99873001 -4.09355195
0.00000000 0.00000000 0.00000000 1.00000000
184	184	185
0.99895088 0.00577676 0.04542882 -61.07873870
-0.00671313 0.99976760 0.02048627 -706.67233867
-0.04529992 -0.02076975 0.99875750 -3.70189867
0.00000000 0.00000000 0.00000000 1.00000000
185	185	186
0.99888462 0.00560441 0.04688400 -63.37772899
-0.00654205 0.99978117 0.01986978 -717.53836176
-0.04676239 -0.02015433 0.99870270 -3.24083395
0.00000000 0.00000000 0.00000000 1.00000000
186	186	187
0.99890032 0.00540561 0.04657171 -66.02314603
-0.00629155 0.99980163 0.01889768 -729.45363309
-0.04646032 -0.01916990 0.99873618 -2.72716712
0.00000000 0.00000000 0.00000000 1.00000000
187	187	188
0.99890578 0.00428054 0.04657171 -70.62173897
-0.00526752 0.99976369 0.02109052 -747.26548146
-0.04647042 -0.02131276 0.99869228 -2.24928178
0.00000000 0.00000000 0.00000000 1.00000000
188	188	189
0.99888725 0.00457381 0.04693987 -72.13424493
-0.00561447 0.99974083 0.02206229 -753.15105976
-0.04682680 -0.02230128 0.99865405 -2.16032780
0.00000000 0.00000000 0.00000000 1.00000000
189	189	190
0.99889936 0.00495422 0.04664251 -73.63228858
-0.00590673 0.99977636 0.02030599 -758.72152052
-0.04653148 -0.02055914 0.99870523 -2.12310017
0.00000000 0.00000000 0.00000000 1.00000000
190	190	191
0.99895310 0.00406581 0.04556512 -74.92796779
-0.00492644 0.99981129 0.01879141 -763.81421416
-0.04548012 -0.01899621 0.99878461 -2.12494437
0.00000000 0.00000000 0.00000000 1.00000000
191	191	192
0.99904448 0.00372822 0.04354571 -76.11551839
-0.00451221 0.99982925 0.01791929 -768.92053299
-0.04347147 -0.01809866 0.99889072 -2.16247513
0.00000000 0.00000000 0.00000000 1.00000000
192	192	193
0.99902808 0.00326388 0.04395722 -77.35800142
-0.00403434 0.99983960 0.01745010 -774.51400622
-0.04389321 -0.01761048 0.99888100 -2.23325684
0.00000000 0.00000000 0.00000000 1.00000000
193	193	194
0.99904125 0.00407295 0.04358880 -80.94912109
-0.00485628 0.99982834 0.01788013 -788.14976646
-0.04350849 -0.01807467 0.99888954 -2.37975879
0.00000000 0.00000000 0.00000000 1.00000000
194	194	195
0.99899297 0.00355523 0.04472583 -84.08030885
-0.00436474 0.99982819 0.01801474 -795.19161974
-0.04465410 -0.01819181 0.99883686 -2.36518676
0.00000000 0.00000000 0.00000000 1.00000000
195	195	196
0.99894635 0.00280602 0.04580733 -88.23471356
-0.00357822 0.99985273 0.01678420 -801.86004464
-0.04575349 -0.01693042 0.99880928 -2.30197404
0.00000000 0.00000000 0.00000000 1.00000000
196	196	197
0.99898209 0.00328755 0.04498861 -94.56088487
-0.00412198 0.99982097 0.01846729 -809.28738312
-0.04491985 -0.01863394 0.99881679 -2.17732812
0.00000000 0.00000000 0.00000000 1.00000000
197	197	198
0.99900763 0.00225615 0.04448213 -104.49520272
-0.00305740 0.99983416 0.01795308 -816.48497364
-0.04443425 -0.01807127 0.99884885 -1.95087633
0.00000000 0.00000000 0.00000000 1.00000000
198	198	199
0.99889737 0.00207931 0.04690114 -117.42093214
-0.00294601 0.99982604 0.01841771 -820.65313624
-0.04685468 -0.01853558 0.99872973 -1.66650862
0.00000000 0.00000000 0.00000000 1.00000000
199	199	200
0.99889515 0.00177242 0.04696094 -129.25888384
-0.00261562 0.99983636 0.01789985 -822.41524646
-0.04692153 -0.01800291 0.99873633 -1.38754379
0.00000000 0.00000000 0.00000000 1.00000000
200	200	201
0.99895843 0.00197372 0.04558689 -139.93785052
-0.00278407 0.99983912 0.01771935 -823.96514755
-0.04554458 -0.01782782 0.99880321 -1.07765445
0.00000000 0.00000000 0.00000000 1.00000000
201	201	202
0.99896066 0.00161376 0.04555202 -154.21216797
-0.00245205 0.99982856 0.01835303 -826.53738848
-0.04551459 -0.01844565 0.99879336 -0.65553037
0.00000000 0.00000000 0.00000000 1.00000000
202	202	203
0.99898037 0.00164876 0.04511651 -162.14221584
-0.00250267 0.99981868 0.01887687 -828.22174706
-0.04507720 -0.01897053 0.99880337 -0.37845581
0.00000000 0.00000000 0.00000000 1.00000000
203	203	204
0.99898784 0.00161703 0.04495196 -168.00827873
-0.00251412 0.99979867 0.01990740 -829.56633914
-0.04491072 -0.02000027 0.99879078 -0.29693899
0.00000000 0.00000000 0.00000000 1.00000000
204	204	205
0.99895106 0.00167424 0.04576003 -173.83157037
-0.00260415 0.99979116 0.02026949 -830.97387307
