0	0	1
0.99714869 0.01338476 0.07426532 16.24920809
-0.01476046 0.99972891 0.01800630 -2.05646852
-0.07400418 -0.01905115 0.99707594 -27.00838606
0.00000000 0.00000000 0.00000000 1.00000000
1	1	2
0.99720833 0.01432605 0.07328235 8.80130240
-0.01565251 0.99972331 0.01755849 11.32703175
-0.07301053 -0.01865653 0.99715666 -26.73322234
0.00000000 0.00000000 0.00000000 1.00000000
2	2	3
0.99722599 0.01357231 0.07318546 4.28056373
-0.01484698 0.99974693 0.01690120 21.51501254
-0.07293755 -0.01794090 0.99717513 -26.57449642
0.00000000 0.00000000 0.00000000 1.00000000
3	3	4
0.99725217 0.01387161 0.07277153 -0.08398963
-0.01510282 0.99975151 0.01639595 30.64486736
-0.07252600 -0.01744995 0.99721386 -26.45787429
0.00000000 0.00000000 0.00000000 1.00000000
4	4	5
0.99722489 0.01357793 0.07319945 -4.60301325
-0.01487131 0.99974227 0.01715322 40.09284815
-0.07294768 -0.01819419 0.99716980 -26.40214642
0.00000000 0.00000000 0.00000000 1.00000000
5	5	6
0.99723877 0.01344912 0.07303393 -8.89543559
-0.01476585 0.99973749 0.01751922 48.96352694
-0.07277914 -0.01854925 0.99717557 -26.39596481
0.00000000 0.00000000 0.00000000 1.00000000
6	6	7
0.99716377 0.01331449 0.07407523 -13.22410754
-0.01459451 0.99975293 0.01676559 58.15171265
-0.07383370 -0.01779913 0.99711172 -26.32065276
0.00000000 0.00000000 0.00000000 1.00000000
7	7	8
0.99727924 0.01261182 0.07262959 -17.60394982
-0.01387201 0.99976141 0.01687269 67.01492481
-0.07239947 -0.01783430 0.99721625 -26.28585554
0.00000000 0.00000000 0.00000000 1.00000000
8	8	9
0.99739496 0.01396894 0.07076834 -22.08250128
-0.01537657 0.99969384 0.01938506 75.74627933
-0.07047588 -0.02042274 0.99730440 -26.16831530
0.00000000 0.00000000 0.00000000 1.00000000
9	9	10
0.99738213 0.01321653 0.07109295 -26.45447866
-0.01459009 0.99971612 0.01883615 84.36592275
-0.07082382 -0.01982409 0.99729183 -26.08857915
0.00000000 0.00000000 0.00000000 1.00000000
10	10	11
0.99745203 0.01465639 0.06981863 -30.99927274
-0.01609044 0.99967006 0.02002165 93.62341579
-0.06950215 -0.02109405 0.99735876 -25.95455405
0.00000000 0.00000000 0.00000000 1.00000000
11	11	12
0.99744795 0.01600413 0.06958060 -35.42420791
-0.01744585 0.99964451 0.02016199 102.88316011
-0.06923319 -0.02132443 0.99737257 -25.79676638
0.00000000 0.00000000 0.00000000 1.00000000
12	12	13
0.99747713 0.01690025 0.06894752 -40.30108104
-0.01829251 0.99964031 0.01961190 112.85547075
-0.06859127 -0.02082365 0.99742750 -25.57007495
0.00000000 0.00000000 0.00000000 1.00000000
13	13	14
0.99748429 0.01690181 0.06884342 -45.41908287
-0.01820397 0.99966623 0.01833148 123.23520754
-0.06851060 -0.01953858 0.99745904 -25.21142333
0.00000000 0.00000000 0.00000000 1.00000000
14	14	15
0.99748924 0.01650447 0.06886813 -50.61994094
-0.01772118 0.99969683 0.01709384 135.18724659
-0.06856513 -0.01827134 0.99747931 -25.02096706
0.00000000 0.00000000 0.00000000 1.00000000
15	15	16
0.99751088 0.01728291 0.06836183 -53.42062162
-0.01825925 0.99973965 0.01368294 146.79193907
-0.06810755 -0.01489712 0.99756676 -25.31809971
0.00000000 0.00000000 0.00000000 1.00000000
16	16	17
0.99754143 0.01711100 0.06795821 -53.15788969
-0.01796565 0.99976677 0.01198483 150.77641188
-0.06773729 -0.01317628 0.99761618 -25.46597529
0.00000000 0.00000000 0.00000000 1.00000000
17	17	18
0.99757173 0.01683707 0.06758080 -52.22721136
-0.01765595 0.99977754 0.01153812 154.24292068
-0.06737150 -0.01270330 0.99764709 -25.69649624
0.00000000 0.00000000 0.00000000 1.00000000
18	18	19
0.99761954 0.01658884 0.06693325 -50.51296046
-0.01737636 0.99978628 0.01120078 158.13654597
-0.06673314 -0.01233718 0.99769458 -25.95118427
0.00000000 0.00000000 0.00000000 1.00000000
19	19	20
0.99760300 0.01626734 0.06725797 -47.86964162
-0.01708467 0.99978681 0.01159482 163.16786623
-0.06705501 -0.01271611 0.99766824 -26.31072531
0.00000000 0.00000000 0.00000000 1.00000000
20	20	21
0.99753572 0.01713042 0.06803706 -41.13049060
-0.01802811 0.99975806 0.01260197 170.50666020
-0.06780472 -0.01379749 0.99760320 -27.34863127
0.00000000 0.00000000 0.00000000 1.00000000
21	21	22
0.99754876 0.01604852 0.06810964 -26.80325887
-0.01701008 0.99976335 0.01356132 177.76094702
-0.06787588 -0.01468663 0.99758567 -28.75307539
0.00000000 0.00000000 0.00000000 1.00000000
22	22	23
0.99753159 0.01679684 0.06818058 -16.88678260
-0.01780711 0.99974007 0.01423691 181.60811162
-0.06792372 -0.01541586 0.99757141 -29.68294030
0.00000000 0.00000000 0.00000000 1.00000000
23	23	24
0.99758546 0.01687936 0.06736717 -7.65198198
-0.01789827 0.99973394 0.01454997 184.82084330
-0.06710365 -0.01572059 0.99762215 -30.40280741
0.00000000 0.00000000 0.00000000 1.00000000
24	24	25
0.99758237 0.01721804 0.06732722 1.68827484
-0.01830831 0.99971052 0.01561020 188.23036350
-0.06703895 -0.01680511 0.99760882 -31.25149633
0.00000000 0.00000000 0.00000000 1.00000000
25	25	26
0.99758553 0.01731455 0.06725558 11.75532237
-0.01844250 0.99969889 0.01618647 191.76021145
-0.06695506 -0.01738775 0.99760447 -32.14083207
0.00000000 0.00000000 0.00000000 1.00000000
26	26	27
0.99756559 0.01741108 0.06752584 21.63321474
-0.01859481 0.99968356 0.01694126 195.31674129
-0.06720951 -0.01815565 0.99757368 -32.96594876
0.00000000 0.00000000 0.00000000 1.00000000
27	27	28
0.99751735 0.01693303 0.06835503 31.40879810
-0.01812312 0.99969414 0.01682796 198.82611234
-0.06804917 -0.01802498 0.99751913 -33.76732890
0.00000000 0.00000000 0.00000000 1.00000000
28	28	29
0.99745481 0.01644679 0.06937865 40.80005920
-0.01769678 0.99969127 0.01744085 202.27399396
-0.06907039 -0.01862424 0.99743793 -34.54679346
0.00000000 0.00000000 0.00000000 1.00000000
29	29	30
0.99735171 0.01527110 0.07110813 50.79735254
-0.01659398 0.99969937 0.01805034 205.82774058
-0.07081110 -0.01918250 0.99730528 -35.35547336
0.00000000 0.00000000 0.00000000 1.00000000
30	30	31
0.99733121 0.01378221 0.07169736 61.06406590
-0.01510874 0.99972396 0.01799242 209.44490794
-0.07142959 -0.01902766 0.99726414 -36.06052781
0.00000000 0.00000000 0.00000000 1.00000000
31	31	32
0.99725872 0.01238927 0.07294899 72.24510956
-0.01372904 0.99974564 0.01789304 212.93378166
-0.07270875 -0.01884551 0.99717515 -36.70371286
0.00000000 0.00000000 0.00000000 1.00000000
32	32	33
0.99722027 0.01154107 0.07361065 80.41247129
-0.01290057 0.99975440 0.01802009 213.88475322
-0.07338460 -0.01891961 0.99712424 -36.90861567
0.00000000 0.00000000 0.00000000 1.00000000
33	33	34
0.99712596 0.01068329 0.07500453 85.07421101
-0.01196662 0.99978924 0.01668153 212.91062271
-0.07481051 -0.01753114 0.99704365 -37.00748210
0.00000000 0.00000000 0.00000000 1.00000000
34	34	35
0.99702358 0.01031268 0.07640435 89.12895778
-0.01159719 0.99979846 0.01638743 211.16756103
-0.07621996 -0.01722473 0.99694224 -37.13409741
0.00000000 0.00000000 0.00000000 1.00000000
35	35	36
0.99702145 0.01065275 0.07638553 93.78478844
-0.01195891 0.99978965 0.01666249 208.48498217
-0.07619196 -0.01752635 0.99693912 -37.31505118
0.00000000 0.00000000 0.00000000 1.00000000
36	36	37
0.99696775 0.01064032 0.07708492 99.55871522
-0.01204981 0.99976819 0.01784281 204.30761121
-0.07687720 -0.01871756 0.99686486 -37.54165658
0.00000000 0.00000000 0.00000000 1.00000000
37	37	38
0.99696328 0.01175250 0.07698110 107.76607924
-0.01329782 0.99971962 0.01959230 193.58734855
-0.07672926 -0.02055649 0.99684003 -37.54990244
0.00000000 0.00000000 0.00000000 1.00000000
38	38	39
0.99693423 0.01341612 0.07708535 109.87602095
-0.01504888 0.99967372 0.02063951 182.63624543
-0.07678330 -0.02173628 0.99681084 -37.46972305
0.00000000 0.00000000 0.00000000 1.00000000
39	39	40
0.99690467 0.01429963 0.07730852 110.97665268
-0.01593141 0.99966226 0.02053198 173.36372022
-0.07698881 -0.02170006 0.99679578 -37.34205930
0.00000000 0.00000000 0.00000000 1.00000000
40	40	41
0.99690326 0.01463347 0.07726418 112.11137662
-0.01628497 0.99965127 0.02078804 164.42495011
-0.07693304 -0.02198191 0.99679391 -37.17959533
0.00000000 0.00000000 0.00000000 1.00000000
41	41	42
0.99686424 0.01584762 0.07752762 113.46831693
-0.01754889 0.99961884 0.02131215 154.37220060
-0.07716032 -0.02260584 0.99676239 -36.93178920
0.00000000 0.00000000 0.00000000 1.00000000
42	42	43
0.99686187 0.01623718 0.07747747 115.12499552
-0.01801803 0.99958801 0.02234198 143.31725813
-0.07708278 -0.02366786 0.99674374 -36.61727584
0.00000000 0.00000000 0.00000000 1.00000000
43	43	44
0.99684653 0.01690028 0.07753301 116.44879673
-0.01871531 0.99956615 0.02274313 132.72842509
-0.07711501 -0.02412247 0.99673035 -36.37838928
0.00000000 0.00000000 0.00000000 1.00000000
44	44	45
0.99684114 0.01756907 0.07745369 117.87860285
-0.01947417 0.99952442 0.02391019 121.61380147
-0.07699677 -0.02534301 0.99670920 -36.17903082
0.00000000 0.00000000 0.00000000 1.00000000
45	45	46
0.99684891 0.01842645 0.07715384 119.22609718
-0.02039090 0.99948565 0.02475156 110.65068501
-0.07665808 -0.02624681 0.99671192 -35.96138249
0.00000000 0.00000000 0.00000000 1.00000000
46	46	47
0.99685844 0.01942967 0.07678378 120.40624391
-0.02143558 0.99944786 0.02538676 99.95753815
-0.07624812 -0.02695291 0.99672452 -35.61122663
0.00000000 0.00000000 0.00000000 1.00000000
47	47	48
0.99687944 0.02017274 0.07631809 122.00745819
-0.02220779 0.99941754 0.02591136 88.25725644
-0.07575094 -0.02752535 0.99674678 -35.16261041
0.00000000 0.00000000 0.00000000 1.00000000
48	48	49
0.99687045 0.02116895 0.07616544 125.52547476
-0.02322306 0.99938732 0.02618525 70.60444886
-0.07556446 -0.02787210 0.99675130 -34.91597092
0.00000000 0.00000000 0.00000000 1.00000000
49	49	50
0.99681220 0.02084358 0.07701285 126.97959866
-0.02294624 0.99938491 0.02651932 63.05752487
-0.07641272 -0.02820194 0.99667735 -35.00607083
0.00000000 0.00000000 0.00000000 1.00000000
50	50	51
0.99681509 0.02146474 0.07680452 127.96507689
-0.02364361 0.99934014 0.02757297 56.73297236
-0.07616199 -0.02930109 0.99666484 -34.96975818
0.00000000 0.00000000 0.00000000 1.00000000
51	51	52
0.99679226 0.02160040 0.07706240 128.80866790
-0.02388219 0.99929951 0.02881189 50.91397424
-0.07638607 -0.03055989 0.99660988 -34.98331191
0.00000000 0.00000000 0.00000000 1.00000000
52	52	53
0.99682045 0.02159775 0.07669767 129.79137930
-0.02389807 0.99928781 0.02920197 45.91760069
-0.07601235 -0.03094205 0.99662667 -35.04385556
0.00000000 0.00000000 0.00000000 1.00000000
53	53	54
0.99686852 0.02208616 0.07592997 130.83762506
-0.02427161 0.99931374 0.02798106 40.29964479
-0.07525987 -0.02973638 0.99672047 -35.06470727
0.00000000 0.00000000 0.00000000 1.00000000
54	54	55
0.99694312 0.02205894 0.07495205 132.31353608
-0.02417497 0.99933101 0.02744271 28.30864370
-0.07429655 -0.02917078 0.99680945 -35.03581800
0.00000000 0.00000000 0.00000000 1.00000000
55	55	56
0.99701154 0.02117972 0.07429266 133.47351658
-0.02336051 0.99931768 0.02860889 17.02704509
-0.07363604 -0.03025891 0.99682603 -34.67833938
0.00000000 0.00000000 0.00000000 1.00000000
56	56	57
0.99709060 0.01849462 0.07394783 134.92330297
-0.02079308 0.99932048 0.03043401 5.75095068
-0.07333471 -0.03188307 0.99679762 -34.38148446
0.00000000 0.00000000 0.00000000 1.00000000
57	57	58
0.99702396 0.01716058 0.07515811 136.46395266
-0.01958679 0.99930663 0.03166418 -6.15911963
-0.07456263 -0.03304205 0.99666877 -33.94890482
0.00000000 0.00000000 0.00000000 1.00000000
58	58	59
0.99704764 0.01601580 0.07509655 137.23370767
-0.01840616 0.99934220 0.03124713 -16.63495817
-0.07454670 -0.03253711 0.99668657 -33.53386129
0.00000000 0.00000000 0.00000000 1.00000000
59	59	60
0.99706636 0.01526160 0.07500508 137.90846244
-0.01768862 0.99933768 0.03180103 -27.02133275
-0.07447007 -0.03303447 0.99667594 -33.27568446
0.00000000 0.00000000 0.00000000 1.00000000
60	60	61
0.99709379 0.01496285 0.07469999 138.25202926
-0.01738185 0.99934187 0.03183850 -37.30139413
-0.07417444 -0.03304440 0.99669766 -33.08078051
0.00000000 0.00000000 0.00000000 1.00000000
61	61	62
0.99709209 0.01459627 0.07479518 139.15860780
-0.01703277 0.99934138 0.03204194 -47.30337821
-0.07427823 -0.03322273 0.99668400 -32.74621743
0.00000000 0.00000000 0.00000000 1.00000000
62	62	63
0.99706887 0.01493202 0.07503797 140.00608955
-0.01736695 0.99934010 0.03190224 -57.83946063
-0.07451209 -0.03311191 0.99667023 -32.36555810
0.00000000 0.00000000 0.00000000 1.00000000
63	63	64
0.99709823 0.01547242 0.07453678 141.02540669
-0.01776635 0.99938562 0.03021172 -68.43276388
-0.07402353 -0.03144830 0.99676051 -32.03988924
0.00000000 0.00000000 0.00000000 1.00000000
64	64	65
0.99705879 0.01570556 0.07501398 141.65375236
-0.01794881 0.99940878 0.02932452 -78.46419134
-0.07450907 -0.03058468 0.99675121 -31.93132125
0.00000000 0.00000000 0.00000000 1.00000000
65	65	66
0.99709812 0.01625676 0.07437109 142.31575238
-0.01849072 0.99939525 0.02944867 -88.40375854
-0.07384737 -0.03073839 0.99679572 -31.72850874
0.00000000 0.00000000 0.00000000 1.00000000
66	66	67
0.99709295 0.01623603 0.07444493 143.51567759
-0.01840416 0.99942347 0.02853110 -98.21363850
-0.07393878 -0.02981826 0.99681690 -31.38089257
0.00000000 0.00000000 0.00000000 1.00000000
67	67	68
0.99711293 0.01626792 0.07416974 144.11300163
-0.01836284 0.99944896 0.02765107 -107.80222334
-0.07367904 -0.02893321 0.99686221 -31.18487051
0.00000000 0.00000000 0.00000000 1.00000000
68	68	69
0.99709430 0.01597328 0.07448360 144.88527129
-0.01789558 0.99952192 0.02521268 -118.25015605
-0.07404526 -0.02647235 0.99690346 -31.04914646
0.00000000 0.00000000 0.00000000 1.00000000
69	69	70
0.99711517 0.01638272 0.07411435 145.63244188
-0.01815397 0.99956394 0.02328854 -128.72683459
-0.07370050 -0.02456683 0.99697779 -30.93365371
0.00000000 0.00000000 0.00000000 1.00000000
70	70	71
0.99710279 0.01656216 0.07424096 146.73587732
-0.01825546 0.99958713 0.02218783 -138.37506069
-0.07384283 -0.02347885 0.99699347 -30.62596952
0.00000000 0.00000000 0.00000000 1.00000000
71	71	72
0.99710021 0.01687291 0.07420569 147.83981202
-0.01846158 0.99961370 0.02077547 -148.32881923
-0.07382648 -0.02208518 0.99702653 -30.38860555
0.00000000 0.00000000 0.00000000 1.00000000
72	72	73
0.99709377 0.01676535 0.07431650 148.82774144
-0.01824310 0.99964824 0.01925038 -158.87827204
-0.07396762 -0.02055019 0.99704889 -30.23580884
0.00000000 0.00000000 0.00000000 1.00000000
73	73	74
0.99711080 0.01632813 0.07418525 150.26429293
-0.01783176 0.99964786 0.01965158 -168.94873110
-0.07383825 -0.02091765 0.99705083 -30.09176207
0.00000000 0.00000000 0.00000000 1.00000000
74	74	75
0.99713816 0.01465357 0.07416711 151.88324899
-0.01633985 0.99962044 0.02218076 -179.69563696
-0.07381393 -0.02332916 0.99699912 -29.97406535
0.00000000 0.00000000 0.00000000 1.00000000
75	75	76
0.99708669 0.01449658 0.07488643 153.21771309
-0.01622193 0.99961561 0.02248289 -190.47599808
-0.07453171 -0.02363219 0.99693859 -29.81942550
0.00000000 0.00000000 0.00000000 1.00000000
76	76	77
0.99702046 0.01438389 0.07578457 154.42822792
-0.01621241 0.99959076 0.02356822 -201.17873837
-0.07541455 -0.02472665 0.99684564 -29.66440184
0.00000000 0.00000000 0.00000000 1.00000000
77	77	78
0.99699589 0.01453830 0.07607776 155.93967870
-0.01637861 0.99958678 0.02362205 -217.55775293
-0.07570290 -0.02479713 0.99682204 -29.38317252
0.00000000 0.00000000 0.00000000 1.00000000
78	78	79
0.99693582 0.01358758 0.07703471 156.75601073
-0.01548654 0.99958942 0.02410720 -228.43221723
-0.07667552 -0.02522633 0.99673692 -29.16052350
0.00000000 0.00000000 0.00000000 1.00000000
79	79	80
0.99690224 0.01226279 0.07768877 156.91692957
-0.01425683 0.99958166 0.02516461 -233.76731278
-0.07734768 -0.02619425 0.99666002 -28.99077839
0.00000000 0.00000000 0.00000000 1.00000000
80	80	81
0.99684160 0.01149139 0.07857967 156.96538002
-0.01360599 0.99955812 0.02642801 -238.59079771
-0.07824125 -0.02741370 0.99655747 -28.85789964
0.00000000 0.00000000 0.00000000 1.00000000
81	81	82
0.99688063 0.01093168 0.07816340 157.06655532
-0.01306901 0.99955309 0.02688542 -243.21290477
-0.07783456 -0.02782308 0.99657797 -28.73689133
0.00000000 0.00000000 0.00000000 1.00000000
82	82	83
0.99689979 0.01059285 0.07796542 157.14182628
-0.01277376 0.99953943 0.02752740 -247.85473672
-0.07763792 -0.02843797 0.99657596 -28.61960263
0.00000000 0.00000000 0.00000000 1.00000000
83	83	84
0.99691772 0.01067711 0.07772421 157.16787970
-0.01291017 0.99951652 0.02828505 -256.41875200
-0.07738463 -0.02920130 0.99657358 -28.40647765
0.00000000 0.00000000 0.00000000 1.00000000
84	84	85
0.99693496 0.01100465 0.07745701 157.12497845
-0.01327394 0.99949579 0.02884376 -273.67866323
-0.07710054 -0.02978351 0.99657837 -27.92017957
0.00000000 0.00000000 0.00000000 1.00000000
85	85	86
0.99697004 0.01200745 0.07685409 157.17043754
-0.01420666 0.99950323 0.02813289 -286.06475025
-0.07647811 -0.02913949 0.99664537 -27.69885406
0.00000000 0.00000000 0.00000000 1.00000000
86	86	87
0.99698141 0.01229856 0.07666039 156.99281820
-0.01446925 0.99950809 0.02782476 -297.68197601
-0.07628048 -0.02884999 0.99666894 -27.38309836
0.00000000 0.00000000 0.00000000 1.00000000
87	87	88
0.99702081 0.01316350 0.07600146 156.34702662
-0.01534378 0.99948523 0.02817505 -308.23241553
-0.07559145 -0.02925726 0.99670956 -26.96628950
0.00000000 0.00000000 0.00000000 1.00000000
88	88	89
0.99705404 0.01230202 0.07570936 155.73871951
-0.01440539 0.99952351 0.02729906 -318.32110598
-0.07533745 -0.02830926 0.99675617 -26.55811423
0.00000000 0.00000000 0.00000000 1.00000000
89	89	90
0.99710670 0.01153992 0.07513366 155.08753098
-0.01369746 0.99950663 0.02826425 -328.72125374
-0.07477043 -0.02921161 0.99677283 -25.86340867
0.00000000 0.00000000 0.00000000 1.00000000
90	90	91
0.99712122 0.01165337 0.07492306 154.25045375
-0.01376510 0.99952064 0.02773098 -339.38777933
-0.07456399 -0.02868247 0.99680366 -25.25984756
0.00000000 0.00000000 0.00000000 1.00000000
91	91	92
0.99711662 0.01169427 0.07497797 153.56640031
-0.01380477 0.99952117 0.02769206 -349.28159009
-0.07461823 -0.02864726 0.99680061 -24.86938183
0.00000000 0.00000000 0.00000000 1.00000000
92	92	93
0.99710710 0.01193069 0.07506727 153.35736337
-0.01402562 0.99952499 0.02744232 -359.27637708
-0.07470420 -0.02841580 0.99680079 -24.49304652
0.00000000 0.00000000 0.00000000 1.00000000
93	93	94
0.99709668 0.01219899 0.07516243 154.04154690
-0.01428551 0.99952561 0.02728526 -369.69925918
-0.07479392 -0.02827978 0.99679794 -24.15154482
0.00000000 0.00000000 0.00000000 1.00000000
94	94	95
0.99707935 0.01246835 0.07534796 155.01797717
-0.01453634 0.99953082 0.02696006 -379.40773487
-0.07497646 -0.02797660 0.99679278 -23.88236667
0.00000000 0.00000000 0.00000000 1.00000000
95	95	96
0.99701531 0.01368596 0.07598137 156.16865128
-0.01570755 0.99953663 0.02607294 -389.67802057
-0.07558933 -0.02718861 0.99676829 -23.84185640
0.00000000 0.00000000 0.00000000 1.00000000
96	96	97
0.99708500 0.01489275 0.07483126 158.10345656
-0.01680383 0.99954686 0.02497408 -400.63523395
-0.07442542 -0.02615873 0.99688343 -23.72232847
0.00000000 0.00000000 0.00000000 1.00000000
97	97	98
0.99709077 0.01542061 0.07464714 160.18248051
-0.01725264 0.99956403 0.02396024 -410.91552159
-0.07424511 -0.02517839 0.99692212 -23.56981129
0.00000000 0.00000000 0.00000000 1.00000000
98	98	99
0.99711626 0.01521708 0.07434784 161.79366640
-0.01700439 0.99958000 0.02346625 -422.07660010
-0.07395952 -0.02466282 0.99695623 -23.46389230
0.00000000 0.00000000 0.00000000 1.00000000
99	99	100
0.99716767 0.01480919 0.07373829 161.26541063
-0.01642097 0.99963827 0.02130000 -439.38958231
-0.07339618 -0.02245053 0.99705014 -23.13400871
0.00000000 0.00000000 0.00000000 1.00000000
100	100	101
0.99714070 0.01437826 0.07418689 159.03400052
-0.01598955 0.99964799 0.02117134 -444.51339222
-0.07385637 -0.02229702 0.99701960 -23.08879442
0.00000000 0.00000000 0.00000000 1.00000000
101	101	102
0.99721179 0.01500939 0.07309834 157.03851001
-0.01655793 0.99965017 0.02062459 -448.28235340
-0.07276321 -0.02177744 0.99711146 -23.04641790
0.00000000 0.00000000 0.00000000 1.00000000
102	102	103
0.99727309 0.01479042 0.07230237 154.93240213
-0.01632305 0.99965345 0.02065276 -451.64694646
-0.07197185 -0.02177664 0.99716891 -22.91532899
0.00000000 0.00000000 0.00000000 1.00000000
103	103	104
0.99722421 0.01481524 0.07296842 151.82250061
-0.01639914 0.99964169 0.02115553 -455.45269092
-0.07262885 -0.02229343 0.99710985 -22.71711990
0.00000000 0.00000000 0.00000000 1.00000000
104	104	105
0.99714578 0.01479514 0.07403649 147.41379410
-0.01639006 0.99964551 0.02098133 -458.50054663
-0.07369983 -0.02213491 0.99703479 -22.42767583
0.00000000 0.00000000 0.00000000 1.00000000
105	105	106
0.99724572 0.01598189 0.07242623 134.27715583
-0.01748814 0.99964278 0.02021076 -464.64115081
-0.07207735 -0.02142170 0.99716898 -21.78380605
0.00000000 0.00000000 0.00000000 1.00000000
106	106	107
0.99733349 0.01847868 0.07060060 122.44587557
-0.02011747 0.99954280 0.02257185 -469.85280965
-0.07015122 -0.02393197 0.99724925 -20.86552952
0.00000000 0.00000000 0.00000000 1.00000000
107	107	108
0.99754961 0.01951394 0.06718619 111.02443813
-0.02125652 0.99945338 0.02532001 -474.15389945
-0.06665538 -0.02668611 0.99741913 -19.89610198
0.00000000 0.00000000 0.00000000 1.00000000
108	108	109
0.99764588 0.02033072 0.06549316 100.96079876
-0.02208551 0.99941320 0.02618179 -477.76525636
-0.06492243 -0.02756661 0.99750948 -19.14935167
0.00000000 0.00000000 0.00000000 1.00000000
109	109	110
0.99733156 0.02152958 0.06975836 90.53371645
-0.02303614 0.99951688 0.02086481 -481.45440493
-0.06927545 -0.02241609 0.99734569 -18.44327814
0.00000000 0.00000000 0.00000000 1.00000000
110	110	111
0.99741688 0.02236266 0.06826040 81.13888740
-0.02391085 0.99947313 0.02194852 -484.64931187
-0.06773361 -0.02352399 0.99742608 -17.80520429
0.00000000 0.00000000 0.00000000 1.00000000
111	111	112
0.99738746 0.02273521 0.06856654 71.57015969
-0.02424684 0.99947917 0.02129505 -488.03904658
-0.06804669 -0.02290194 0.99741924 -17.13874567
0.00000000 0.00000000 0.00000000 1.00000000
112	112	113
0.99742282 0.02209482 0.06826078 61.98844922
-0.02371122 0.99945514 0.02296089 -491.56823232
-0.06771627 -0.02452026 0.99740326 -16.36420350
0.00000000 0.00000000 0.00000000 1.00000000
113	113	114
0.99751031 0.02032942 0.06752703 49.80201110
-0.02196455 0.99948109 0.02356088 -496.14148801
-0.06701301 -0.02498542 0.99743921 -15.21827767
0.00000000 0.00000000 0.00000000 1.00000000
114	114	115
0.99767735 0.02063596 0.06491578 44.62390239
-0.02224307 0.99946129 0.02413238 -496.77265230
-0.06438281 -0.02552026 0.99759890 -14.75735834
0.00000000 0.00000000 0.00000000 1.00000000
115	115	116
0.99770819 0.01920435 0.06488107 40.81349367
-0.02071014 0.99952969 0.02261610 -496.24401414
-0.06441622 -0.02390796 0.99763669 -14.45585887
0.00000000 0.00000000 0.00000000 1.00000000
116	116	117
0.99768262 0.01738906 0.06577995 36.76748164
-0.01892197 0.99956204 0.02275282 -495.14011660
-0.06535549 -0.02394478 0.99757471 -14.13870027
0.00000000 0.00000000 0.00000000 1.00000000
117	117	118
0.99770142 0.01739102 0.06549379 31.68536375
-0.01886449 0.99958114 0.02194697 -493.45639770
-0.06508468 -0.02313203 0.99761159 -13.76771008
0.00000000 0.00000000 0.00000000 1.00000000
118	118	119
0.99754555 0.01600660 0.06816641 24.63597373
-0.01779305 0.99951182 0.02568113 -490.57142681
-0.06772207 -0.02683098 0.99734338 -13.22351820
0.00000000 0.00000000 0.00000000 1.00000000
119	119	120
0.99734367 0.01315805 0.07164126 14.72652991
-0.01502147 0.99956109 0.02553398 -476.86504792
-0.07127384 -0.02654231 0.99710358 -12.75370849
0.00000000 0.00000000 0.00000000 1.00000000
120	120	121
0.99704883 0.01240731 0.07576080 11.41629085
-0.01458165 0.99949552 0.02821476 -465.45105207
-0.07537251 -0.02923621 0.99672676 -12.87077677
0.00000000 0.00000000 0.00000000 1.00000000
121	121	122
0.99703649 0.01251807 0.07590474 8.51279187
-0.01464893 0.99951222 0.02758136 -454.91160870
-0.07552245 -0.02861155 0.99673353 -12.96619494
0.00000000 0.00000000 0.00000000 1.00000000
122	122	123
0.99697308 0.01139142 0.07690841 5.42490295
-0.01332023 0.99960830 0.02461317 -443.96173219
-0.07659791 -0.02556311 0.99673431 -13.08505049
0.00000000 0.00000000 0.00000000 1.00000000
123	123	124
0.99724259 0.01106096 0.07338163 1.95172178
-0.01289252 0.99961589 0.02453283 -431.66207110
-0.07308209 -0.02541125 0.99700214 -13.24750826
0.00000000 0.00000000 0.00000000 1.00000000
124	124	125
0.99730724 0.01157798 0.07241696 1.10461016
-0.01323240 0.99966134 0.02240776 -423.20262560
-0.07213300 -0.02330567 0.99712270 -13.45927158
0.00000000 0.00000000 0.00000000 1.00000000
125	125	126
0.99721037 0.01249098 0.07358979 1.70955795
-0.01413263 0.99966181 0.02182972 -417.30119083
-0.07329222 -0.02280884 0.99704965 -13.62152671
0.00000000 0.00000000 0.00000000 1.00000000
126	126	127
0.99705017 0.01218186 0.07577970 3.49466310
-0.01387730 0.99966413 0.02188708 -410.69760789
-0.07548762 -0.02287413 0.99688434 -13.90849836
0.00000000 0.00000000 0.00000000 1.00000000
127	127	128
0.99703035 0.01236165 0.07601102 6.70709715
-0.01395722 0.99969251 0.02049602 -403.15062891
-0.07573428 -0.02149605 0.99689630 -14.29933361
0.00000000 0.00000000 0.00000000 1.00000000
128	128	129
0.99692256 0.01214403 0.07744634 10.23449924
-0.01360815 0.99973800 0.01840532 -396.37648500
-0.07720254 -0.01940258 0.99682662 -14.77005046
0.00000000 0.00000000 0.00000000 1.00000000
129	129	130
0.99686831 0.01163471 0.07821895 12.72010024
-0.01309124 0.99974985 0.01813424 -390.49259771
-0.07798839 -0.01910143 0.99677126 -15.12198380
0.00000000 0.00000000 0.00000000 1.00000000
130	130	131
0.99685281 0.01160492 0.07842070 14.67199873
-0.01313897 0.99973174 0.01907420 -384.43217190
-0.07817831 -0.02004454 0.99673786 -15.43555409
0.00000000 0.00000000 0.00000000 1.00000000
131	131	132
0.99681284 0.01182632 0.07889424 15.79835775
-0.01345924 0.99970540 0.02019803 -377.72563625
-0.07863213 -0.02119551 0.99667835 -15.69368528
0.00000000 0.00000000 0.00000000 1.00000000
132	132	133
0.99676364 0.01171789 0.07952952 14.57133690
-0.01338250 0.99970172 0.02043006 -373.39297927
-0.07926640 -0.02142825 0.99662313 -15.72686622
0.00000000 0.00000000 0.00000000 1.00000000
133	133	134
0.99665618 0.01222948 0.08078926 11.56459580
-0.01405660 0.99965725 0.02208593 -372.72238621
-0.08049147 -0.02314771 0.99648648 -15.53663897
0.00000000 0.00000000 0.00000000 1.00000000
134	134	135
0.99649992 0.01376883 0.08245202 8.64355561
-0.01572574 0.99960874 0.02313170 -372.23047400
-0.08210126 -0.02434736 0.99632655 -15.33267175
0.00000000 0.00000000 0.00000000 1.00000000
135	135	136
0.99644965 0.01493041 0.08285640 5.67962987
-0.01693724 0.99957868 0.02357082 -372.69866833
-0.08246957 -0.02489050 0.99628271 -15.10389658
0.00000000 0.00000000 0.00000000 1.00000000
136	136	137
0.99642686 0.01470963 0.08316934 3.04434751
-0.01674725 0.99957514 0.02385525 -374.31911233
-0.08278310 -0.02516287 0.99624986 -14.85204075
0.00000000 0.00000000 0.00000000 1.00000000
137	137	138
0.99642198 0.01394605 0.08335909 1.21681122
-0.01601518 0.99957873 0.02420501 -376.64672656
-0.08298641 -0.02545342 0.99622557 -14.65052954
0.00000000 0.00000000 0.00000000 1.00000000
138	138	139
0.99640216 0.01476937 0.08345418 0.05649814
-0.01686743 0.99955773 0.02449135 -379.34577049
-0.08305555 -0.02581089 0.99621061 -14.49247017
0.00000000 0.00000000 0.00000000 1.00000000
139	139	140
0.99642215 0.01421695 0.08331133 -0.64378552
-0.01632853 0.99956107 0.02471933 -382.33025733
-0.08292333 -0.02599124 0.99621693 -14.37165513
0.00000000 0.00000000 0.00000000 1.00000000
140	140	141
0.99740950 0.01713228 0.06986250 -23.01760232
-0.01932726 0.99933670 0.03086457 -371.67869486
-0.06928738 -0.03213486 0.99707904 -13.52692683
0.00000000 0.00000000 0.00000000 1.00000000
141	141	142
0.99740947 0.01734140 0.06981141 -21.88342568
-0.01954921 0.99932610 0.03106720 -385.29933748
-0.06922562 -0.03235148 0.99707632 -13.49848931
0.00000000 0.00000000 0.00000000 1.00000000
142	142	143
0.99751808 0.01792241 0.06809165 -17.22412918
-0.02003027 0.99933708 0.03040060 -395.14439698
-0.06750166 -0.03168904 0.99721579 -13.75659562
0.00000000 0.00000000 0.00000000 1.00000000
143	143	144
0.99754319 0.01697792 0.06796572 -12.97517153
-0.01903748 0.99937544 0.02977085 -403.14245899
-0.06741783 -0.03099160 0.99724338 -13.96398729
0.00000000 0.00000000 0.00000000 1.00000000
144	144	145
0.99748392 0.01608336 0.06904463 -8.73383423
-0.01810033 0.99942455 0.02868690 -410.88183192
-0.06854352 -0.02986445 0.99720103 -14.14334513
0.00000000 0.00000000 0.00000000 1.00000000
145	145	146
0.99750440 0.01660970 0.06862286 -4.31246473
-0.01843540 0.99949044 0.02605761 -418.97068765
-0.06815508 -0.02725767 0.99730231 -14.37625234
0.00000000 0.00000000 0.00000000 1.00000000
146	146	147
0.99767313 0.01610157 0.06624996 0.09093860
-0.01780357 0.99952437 0.02518079 -428.18551220
-0.06581300 -0.02630169 0.99748527 -14.50290910
0.00000000 0.00000000 0.00000000 1.00000000
147	147	148
0.99773034 0.01458389 0.06573793 4.13223682
-0.01625265 0.99955727 0.02492215 -438.81688394
-0.06534536 -0.02593401 0.99752564 -14.31711412
0.00000000 0.00000000 0.00000000 1.00000000
148	148	149
0.99782162 0.01438686 0.06438187 7.43633230
-0.01597746 0.99957801 0.02425946 -449.96332418
-0.06400568 -0.02523527 0.99763042 -14.15933447
0.00000000 0.00000000 0.00000000 1.00000000
149	149	150
0.99772225 0.01416839 0.06595119 10.20570395
-0.01574548 0.99960089 0.02345498 -459.54782898
-0.06559255 -0.02443999 0.99754714 -14.02443465
0.00000000 0.00000000 0.00000000 1.00000000
150	150	151
0.99779041 0.01333952 0.06508734 12.87272273
-0.01478849 0.99965229 0.02183113 -469.10509413
-0.06477349 -0.02274544 0.99764074 -13.88475918
0.00000000 0.00000000 0.00000000 1.00000000
151	151	152
0.99787519 0.01249182 0.06394572 15.24154338
-0.01380363 0.99970240 0.02011395 -478.39503047
-0.06367543 -0.02095389 0.99775066 -13.79634676
0.00000000 0.00000000 0.00000000 1.00000000
152	152	153
0.99785900 0.01247082 0.06420202 17.89220980
-0.01371844 0.99972482 0.01902861 -488.50909805
-0.06394705 -0.01986862 0.99775549 -13.67002614
0.00000000 0.00000000 0.00000000 1.00000000
153	153	154
0.99787639 0.01298110 0.06382951 20.30375165
-0.01420813 0.99972217 0.01880732 -498.09140586
-0.06356763 -0.01967428 0.99778358 -13.58305268
0.00000000 0.00000000 0.00000000 1.00000000
154	154	155
0.99778983 0.01266992 0.06522986 22.92914992
-0.01382194 0.99975584 0.01724008 -508.19178859
-0.06499550 -0.01810358 0.99772133 -13.51313206
0.00000000 0.00000000 0.00000000 1.00000000
155	155	156
0.99780990 0.01265221 0.06492550 25.55932713
-0.01358068 0.99981145 0.01387919 -518.07398450
-0.06473765 -0.01473052 0.99779359 -13.46320549
0.00000000 0.00000000 0.00000000 1.00000000
156	156	157
0.99781262 0.01285343 0.06484409 28.24600374
-0.01370261 0.99982587 0.01266797 -527.76211023
-0.06466997 -0.01352879 0.99781500 -13.43241716
0.00000000 0.00000000 0.00000000 1.00000000
157	157	158
0.99788013 0.01239720 0.06388702 31.05443030
-0.01304263 0.99986793 0.00969556 -537.19947787
-0.06375839 -0.01050826 0.99791004 -13.35196211
0.00000000 0.00000000 0.00000000 1.00000000
158	158	159
0.99777832 0.01293832 0.06535301 33.94971835
-0.01359830 0.99986084 0.00966410 -547.44978962
-0.06521888 -0.01053132 0.99781541 -13.37947187
0.00000000 0.00000000 0.00000000 1.00000000
159	159	160
0.99792953 0.01331100 0.06292431 36.72159885
-0.01390151 0.99986326 0.00895589 -557.04619239
-0.06279649 -0.00981209 0.99797812 -13.38781349
0.00000000 0.00000000 0.00000000 1.00000000
160	160	161
0.99791574 0.01395605 0.06300323 39.36961525
-0.01452117 0.99985826 0.00852073 -566.79169163
-0.06287538 -0.00941785 0.99797695 -13.38044191
0.00000000 0.00000000 0.00000000 1.00000000
161	161	162
0.99815139 0.01387921 0.05917073 41.71383724
-0.01434992 0.99986862 0.00753758 -575.94069742
-0.05905834 -0.00837274 0.99821942 -13.46515733
0.00000000 0.00000000 0.00000000 1.00000000
162	162	163
0.99795601 0.01250738 0.06266865 44.23871717
-0.01307389 0.99987722 0.00863789 -585.58110971
-0.06255292 -0.00943956 0.99799701 -13.46464981
0.00000000 0.00000000 0.00000000 1.00000000
163	163	164
0.99806272 0.01194370 0.06105858 46.82501798
-0.01248211 0.99988644 0.00844414 -594.89081556
-0.06095079 -0.00918992 0.99809847 -13.53778654
0.00000000 0.00000000 0.00000000 1.00000000
164	164	165
0.99797384 0.01168778 0.06254291 49.54227644
-0.01218482 0.99989709 0.00757163 -604.84629898
-0.06244798 -0.00831837 0.99801355 -13.58783268
0.00000000 0.00000000 0.00000000 1.00000000
165	165	166
0.99804869 0.01104275 0.06145622 52.37795369
-0.01142224 0.99991778 0.00582714 -614.94808226
-0.06138682 -0.00651774 0.99809277 -13.69016262
0.00000000 0.00000000 0.00000000 1.00000000
166	166	167
0.99804837 0.01084154 0.06149732 56.20249428
-0.01102239 0.99993587 0.00260229 -629.13054468
-0.06146517 -0.00327506 0.99810386 -13.84044991
0.00000000 0.00000000 0.00000000 1.00000000
167	167	168
0.99779947 0.01062291 0.06544746 58.36737776
-0.01093552 0.99993044 0.00442014 -639.49915047
-0.06539596 -0.00512611 0.99784623 -13.74789946
0.00000000 0.00000000 0.00000000 1.00000000
168	168	169
0.99808906 0.01141168 0.06072895 57.84790151
-0.01168374 0.99992323 0.00412659 -643.40897633
-0.06067719 -0.00482824 0.99814576 -13.58771850
0.00000000 0.00000000 0.00000000 1.00000000
169	169	170
0.99794285 0.01207409 0.06296256 56.45399737
-0.01226492 0.99992128 0.00264510 -646.88152251
-0.06292566 -0.00341189 0.99801238 -13.40077511
0.00000000 0.00000000 0.00000000 1.00000000
170	170	171
0.99810873 0.01180642 0.06032881 54.26538749
-0.01223060 0.99990298 0.00666666 -650.91662815
-0.06024425 -0.00739191 0.99815630 -13.17363104
0.00000000 0.00000000 0.00000000 1.00000000
171	171	172
0.99829174 0.01205056 0.05716986 50.81947618
-0.01258445 0.99988042 0.00898776 -655.51924452
-0.05705471 -0.00969186 0.99832401 -12.92344794
0.00000000 0.00000000 0.00000000 1.00000000
172	172	173
0.99827018 0.01556591 0.05669517 44.17700280
-0.01608194 0.99983320 0.00865696 -662.08904824
-0.05655096 -0.00955375 0.99835400 -12.37178703
0.00000000 0.00000000 0.00000000 1.00000000
173	173	174
0.99810745 0.01702646 0.05908989 25.01437040
-0.01764001 0.99979561 0.00987722 -667.76523338
-0.05890964 -0.01090087 0.99820380 -11.15066927
0.00000000 0.00000000 0.00000000 1.00000000
174	174	175
0.99815589 0.01930985 0.05754954 14.08342913
-0.02010758 0.99970916 0.01331490 -668.44798363
-0.05727569 -0.01444753 0.99825386 -10.72767193
0.00000000 0.00000000 0.00000000 1.00000000
175	175	176
0.99813696 0.01974493 0.05772988 5.61090821
-0.02045372 0.99972219 0.01171252 -668.86660720
-0.05748258 -0.01287149 0.99826353 -10.33802701
0.00000000 0.00000000 0.00000000 1.00000000
176	176	177
0.99813722 0.02005852 0.05761727 -3.52041888
-0.02073653 0.99972231 0.01119380 -669.08029181
-0.05737674 -0.01236773 0.99827599 -9.95041704
0.00000000 0.00000000 0.00000000 1.00000000
177	177	178
0.99805135 0.01981961 0.05916653 -11.93131708
-0.02047125 0.99973606 0.01042793 -669.41135749
-0.05894424 -0.01161883 0.99819366 -9.43283444
0.00000000 0.00000000 0.00000000 1.00000000
178	178	179
0.99807466 0.01949373 0.05888092 -18.61611642
-0.02013276 0.99974447 0.01027913 -670.06032921
-0.05866549 -0.01144477 0.99821209 -8.95648659
0.00000000 0.00000000 0.00000000 1.00000000
179	179	180
0.99808430 0.01918422 0.05881917 -25.01817300
-0.01981149 0.99975272 0.01009981 -671.31473740
-0.05861086 -0.01124576 0.99821756 -8.50019226
0.00000000 0.00000000 0.00000000 1.00000000
180	180	181
0.99812436 0.01855190 0.05834021 -31.47062500
-0.01914580 0.99977025 0.00963745 -673.74568123
-0.05814801 -0.01073634 0.99825024 -8.03380059
0.00000000 0.00000000 0.00000000 1.00000000
181	181	182
0.99813916 0.01788696 0.05829474 -38.42116828
-0.01850677 0.99977762 0.01010980 -677.32746899
-0.05810094 -0.01116984 0.99824822 -7.53411762
0.00000000 0.00000000 0.00000000 1.00000000
182	182	183
0.99817453 0.01754989 0.05778938 -45.54748194
-0.01816951 0.99978275 0.01021399 -682.77076652
-0.05759757 -0.01124535 0.99827655 -6.94426522
0.00000000 0.00000000 0.00000000 1.00000000
183	183	184
0.99821700 0.01533924 0.05768466 -54.19712535
-0.01599428 0.99981255 0.01091098 -694.89262576
-0.05750648 -0.01181415 0.99827523 -6.02077765
0.00000000 0.00000000 0.00000000 1.00000000
184	184	185
0.99815852 0.01588086 0.05854368 -57.92724196
-0.01649869 0.99981303 0.01008500 -706.26391467
-0.05837258 -0.01103233 0.99823391 -5.69543029
0.00000000 0.00000000 0.00000000 1.00000000
185	185	186
0.99796375 0.01573490 0.06181233 -60.33674387
-0.01638699 0.99981515 0.01005672 -717.10937247
-0.06164266 -0.01104916 0.99803712 -5.29338368
0.00000000 0.00000000 0.00000000 1.00000000
186	186	187
0.99785522 0.01571801 0.06354446 -63.10304974
-0.01637713 0.99981722 0.00986494 -728.99937680
-0.06337779 -0.01088446 0.99793025 -4.83128866
0.00000000 0.00000000 0.00000000 1.00000000
187	187	188
0.99784476 0.01407500 0.06409155 -67.88113511
-0.01498693 0.99979287 0.01377008 -746.77355830
-0.06388446 -0.01470094 0.99784902 -4.40927716
0.00000000 0.00000000 0.00000000 1.00000000
188	188	189
0.99778669 0.01407719 0.06498884 -69.45277468
-0.01512874 0.99976203 0.01571670 -752.64848737
-0.06475212 -0.01666511 0.99776221 -4.32517578
0.00000000 0.00000000 0.00000000 1.00000000
189	189	190
0.99774580 0.01425776 0.06557465 -71.00888964
-0.01526869 0.99977179 0.01494119 -758.20680554
-0.06534665 -0.01590875 0.99773580 -4.28832493
0.00000000 0.00000000 0.00000000 1.00000000
190	190	191
0.99776104 0.01316543 0.06557116 -72.35769922
-0.01413294 0.99979768 0.01431321 -763.28858980
-0.06536945 -0.01520788 0.99774524 -4.28435452
0.00000000 0.00000000 0.00000000 1.00000000
191	191	192
0.99778570 0.01250582 0.06532464 -73.60312653
-0.01346874 0.99980673 0.01432089 -768.38529888
-0.06513293 -0.01516902 0.99776130 -4.31736742
0.00000000 0.00000000 0.00000000 1.00000000
192	192	193
0.99770542 0.01183281 0.06666237 -74.90134871
-0.01282912 0.99981202 0.01453736 -773.96673287
-0.06647782 -0.01535922 0.99766968 -4.37542953
0.00000000 0.00000000 0.00000000 1.00000000
193	193	194
0.99766008 0.01250616 0.06721575 -78.61926793
-0.01356561 0.99979048 0.01532854 -787.56811929
-0.06700996 -0.01620449 0.99762071 -4.46656431
0.00000000 0.00000000 0.00000000 1.00000000
194	194	195
0.99752972 0.01185406 0.06923830 -81.81403371
-0.01296280 0.99979450 0.01558606 -794.58045108
-0.06903931 -0.01644508 0.99747839 -4.38851552
0.00000000 0.00000000 0.00000000 1.00000000
195	195	196
0.99740687 0.01107210 0.07111219 -86.02656488
-0.01213596 0.99982056 0.01454566 -801.21164500
-0.07093838 -0.01537095 0.99736226 -4.22882488
0.00000000 0.00000000 0.00000000 1.00000000
196	196	197
0.99743386 0.01142046 0.07067717 -92.41270162
-0.01260263 0.99978767 0.01630304 -808.58333186
-0.07047598 -0.01715192 0.99736601 -3.95187908
0.00000000 0.00000000 0.00000000 1.00000000
197	197	198
0.99746366 0.01008997 0.07045877 -102.39856630
-0.01122787 0.99981256 0.01577252 -815.69418446
-0.07028642 -0.01652362 0.99738999 -3.48068982
0.00000000 0.00000000 0.00000000 1.00000000
198	198	199
0.99727992 0.00940770 0.07310441 -115.34420244
-0.01062041 0.99981208 0.01621779 -819.75676694
-0.07293810 -0.01695007 0.99719242 -2.86552357
0.00000000 0.00000000 0.00000000 1.00000000
199	199	200
0.99727042 0.00856138 0.07333768 -127.18096956
-0.00972106 0.99983307 0.01547056 -821.43000516
-0.07319299 -0.01614125 0.99718717 -2.27833361
0.00000000 0.00000000 0.00000000 1.00000000
200	200	201
0.99737547 0.00815663 0.07194192 -137.85585956
-0.00926595 0.99984306 0.01509940 -822.91006602
-0.07180747 -0.01572639 0.99729452 -1.68875932
0.00000000 0.00000000 0.00000000 1.00000000
201	201	202
0.99741790 0.00726289 0.07144779 -152.12859351
-0.00838790 0.99984533 0.01545849 -825.39185172
-0.07132447 -0.01601787 0.99732455 -0.89754628
0.00000000 0.00000000 0.00000000 1.00000000
202	202	203
0.99750665 0.00695399 0.07022907 -160.05381538
-0.00806725 0.99984607 0.01558068 -827.02636090
-0.07010991 -0.01610839 0.99740920 -0.41785569
0.00000000 0.00000000 0.00000000 1.00000000
203	203	204
0.99756114 0.00670254 0.06947554 -165.92009697
-0.00786061 0.99983447 0.01640878 -828.33614107
-0.06935406 -0.01691488 0.99744870 -0.19067249
0.00000000 0.00000000 0.00000000 1.00000000
204	204	205
0.99756382 0.00653858 0.06945272 -171.74159255
-0.00770944 0.99983243 0.01660361 -829.71060652
