24	1265	1770
0.99990600 -0.00034600 0.01369000 1.10063800
0.00029900 0.99999400 0.00342000 0.50948700
-0.01369100 -0.00341600 0.99990000 -0.02446000
0.00000000 0.00000000 0.00000000 1.00000000
781	983	1770
0.99990800 -0.01359600 0.00018300 0.32924300
0.01359500 0.99990000 0.00387800 0.37325700
-0.00023600 -0.00387500 0.99999200 -0.00941400
0.00000000 0.00000000 0.00000000 1.00000000
42	1722	1770
0.99998300 0.00414400 -0.00405700 0.26964300
-0.00407600 0.99985600 0.01647600 -1.65047600
0.00412500 -0.01646000 0.99985600 0.06989900
0.00000000 0.00000000 0.00000000 1.00000000
20	1269	1770
0.99996000 0.00887600 -0.00145300 -2.95248800
-0.00887400 0.99995900 0.00151300 -0.59832400
0.00146700 -0.00150000 0.99999800 -0.01103200
0.00000000 0.00000000 0.00000000 1.00000000
1119	1121	1770
0.99998300 -0.00487800 -0.00319600 14.10884000
0.00488100 0.99998800 0.00100700 4.35530300
0.00319100 -0.00102300 0.99999400 0.23905500
0.00000000 0.00000000 0.00000000 1.00000000
27	1262	1770
0.99991900 -0.00512000 0.01161200 0.25950200
0.00503700 0.99996200 0.00712500 0.28396800
-0.01164800 -0.00706600 0.99990700 -0.01710300
0.00000000 0.00000000 0.00000000 1.00000000
848	920	1770
0.99999100 -0.00416800 -0.00007000 4.07483600
0.00416600 0.99977200 -0.02092300 9.65871400
0.00015700 0.02092300 0.99978100 0.06314700
0.00000000 0.00000000 0.00000000 1.00000000
779	985	1770
0.99993000 -0.01168200 -0.00202300 1.32506100
0.01168700 0.99992900 0.00214300 -0.45548600
0.00199800 -0.00216600 0.99999600 -0.01564000
0.00000000 0.00000000 0.00000000 1.00000000
1118	1122	1770
0.99993100 -0.01086900 -0.00450800 22.31836100
0.01088400 0.99993500 0.00331900 7.02516200
0.00447100 -0.00336800 0.99998400 0.44107400
0.00000000 0.00000000 0.00000000 1.00000000
782	982	1770
0.99992500 -0.01217000 -0.00115300 0.01114900
0.01217500 0.99991600 0.00436600 0.62614400
0.00110000 -0.00437900 0.99999000 -0.02226300
0.00000000 0.00000000 0.00000000 1.00000000
64	1700	1770
0.99999800 0.00198000 -0.00044200 0.12195700
-0.00197600 0.99996800 0.00771800 0.62334400
0.00045800 -0.00771700 0.99997000 0.00869200
0.00000000 0.00000000 0.00000000 1.00000000
775	989	1770
0.99981700 -0.00283500 -0.01893500 2.37926900
0.00310300 0.99989500 0.01417400 -1.32105100
0.01889300 -0.01423000 0.99972000 -0.14246200
0.00000000 0.00000000 0.00000000 1.00000000
25	1739	1770
0.99998000 -0.00519200 0.00370700 -0.83918900
0.00517400 0.99997500 0.00491700 -0.39229800
-0.00373300 -0.00489800 0.99998100 0.06439700
0.00000000 0.00000000 0.00000000 1.00000000
86	1678	1770
0.99998400 0.00551700 0.00079200 0.46588900
-0.00551000 0.99994600 -0.00883100 -0.02118200
-0.00084100 0.00882700 0.99996100 -0.05088000
0.00000000 0.00000000 0.00000000 1.00000000
828	1696	1770
0.99999400 0.00151800 -0.00308700 -0.00624500
-0.00150400 0.99998700 0.00481700 -2.76271700
0.00309400 -0.00481300 0.99998400 -0.05953700
0.00000000 0.00000000 0.00000000 1.00000000
736	1028	1770
0.99990200 -0.00238700 0.01381400 0.40570800
0.00225900 0.99995500 0.00926700 0.22664800
-0.01383500 -0.00923500 0.99986200 -0.00075300
0.00000000 0.00000000 0.00000000 1.00000000
24	1740	1770
0.99999200 -0.00106200 0.00381000 -0.28373700
0.00105800 0.99999900 0.00123300 -0.24113200
-0.00381100 -0.00122900 0.99999200 0.00959200
0.00000000 0.00000000 0.00000000 1.00000000
1265	1740	1770
0.99995100 -0.00194800 -0.00966200 -1.36294000
0.00190000 0.99998600 -0.00489400 -0.71424200
0.00967100 0.00487600 0.99994100 0.00688700
0.00000000 0.00000000 0.00000000 1.00000000
549	1215	1770
0.99999300 0.00005900 0.00364500 -1.34004600
-0.00005900 1.00000000 -0.00003500 1.78401800
-0.00364500 0.00003400 0.99999300 0.04862700
0.00000000 0.00000000 0.00000000 1.00000000
92	1672	1770
0.99998500 0.00533500 0.00127700 0.30784500
-0.00532100 0.99993500 -0.01013100 1.05550300
-0.00133100 0.01012400 0.99994800 -0.00420000
0.00000000 0.00000000 0.00000000 1.00000000
19	1745	1770
0.99954200 0.00117100 0.03024800 -1.38749200
-0.00243700 0.99912100 0.04185100 -2.29027300
-0.03017200 -0.04190500 0.99866600 0.11685000
0.00000000 0.00000000 0.00000000 1.00000000
91	1673	1770
0.99998700 0.00487800 0.00155900 0.21102600
-0.00485400 0.99987300 -0.01515200 0.74887300
-0.00163300 0.01514400 0.99988400 0.10344000
0.00000000 0.00000000 0.00000000 1.00000000
806	958	1770
0.99970100 -0.00187800 0.02436400 1.27589900
0.00235700 0.99980400 -0.01965900 -0.33885000
-0.02432200 0.01971100 0.99951000 -0.16253000
0.00000000 0.00000000 0.00000000 1.00000000
737	1027	1770
0.99990900 -0.00338100 0.01303100 0.78293300
0.00337100 0.99999400 0.00079600 0.33471000
-0.01303300 -0.00075200 0.99991500 0.03309700
0.00000000 0.00000000 0.00000000 1.00000000
63	1701	1770
0.99999900 0.00130200 0.00055100 0.20733500
-0.00130300 0.99999700 0.00227400 0.61351200
-0.00054800 -0.00227400 0.99999700 -0.00723800
0.00000000 0.00000000 0.00000000 1.00000000
658	1106	1770
0.99997100 -0.00133400 0.00745600 -2.70157300
0.00130600 0.99999200 0.00375500 -1.70738000
-0.00746000 -0.00374500 0.99996500 -0.06729800
0.00000000 0.00000000 0.00000000 1.00000000
807	957	1770
0.99971400 -0.00153200 0.02386900 3.43223700
0.00204200 0.99977000 -0.02134000 0.48088300
-0.02383100 0.02138300 0.99948700 -0.16593400
0.00000000 0.00000000 0.00000000 1.00000000
732	1032	1770
0.99983300 -0.00326500 0.01798700 0.39095700
0.00307400 0.99993800 0.01067400 0.29525100
-0.01802100 -0.01061700 0.99978100 -0.05901900
0.00000000 0.00000000 0.00000000 1.00000000
817	947	1770
0.99998600 -0.00521600 -0.00056200 0.17141900
0.00520500 0.99981800 -0.01835000 -2.45937100
0.00065700 0.01834700 0.99983100 -0.09856100
0.00000000 0.00000000 0.00000000 1.00000000
69	1695	1770
0.99999900 -0.00089400 -0.00046100 0.30278600
0.00090100 0.99985600 0.01693200 -0.55947700
0.00044600 -0.01693200 0.99985700 0.01479600
0.00000000 0.00000000 0.00000000 1.00000000
29	1260	1770
0.99998300 -0.00210700 0.00543300 0.18068600
0.00209400 0.99999500 0.00241300 0.41717600
-0.00543800 -0.00240100 0.99998200 -0.00711600
0.00000000 0.00000000 0.00000000 1.00000000
233	1530	1770
0.99998500 0.00549000 0.00036400 0.50503700
-0.00548800 0.99997000 -0.00543800 -1.84258200
-0.00039400 0.00543600 0.99998500 -0.00454000
0.00000000 0.00000000 0.00000000 1.00000000
25	1264	1770
0.99988000 -0.00092200 0.01543700 0.35191700
0.00082300 0.99997900 0.00642500 0.21404900
-0.01544200 -0.00641100 0.99986000 0.00731500
0.00000000 0.00000000 0.00000000 1.00000000
66	1698	1770
0.99999800 0.00008700 -0.00194000 0.13028300
-0.00008600 1.00000000 0.00059400 0.32452000
0.00194000 -0.00059400 0.99999800 -0.03350900
0.00000000 0.00000000 0.00000000 1.00000000
84	1680	1770
0.99996700 0.00803600 -0.00121400 0.54868700
-0.00804400 0.99994600 -0.00659100 -3.50201700
0.00116100 0.00660100 0.99997800 -0.04126000
0.00000000 0.00000000 0.00000000 1.00000000
99	1665	1770
0.99999800 0.00078400 -0.00154500 1.17563900
-0.00078500 1.00000000 -0.00010300 5.44917100
0.00154500 0.00010400 0.99999900 -0.17869100
0.00000000 0.00000000 0.00000000 1.00000000
849	915	1770
0.99996900 -0.00751200 0.00252800 -1.48665000
0.00754800 0.99986400 -0.01465100 -14.23493400
-0.00241700 0.01466900 0.99988900 0.09343700
0.00000000 0.00000000 0.00000000 1.00000000
58	1706	1770
0.99999100 0.00191600 0.00384600 0.34229800
-0.00189300 0.99998100 -0.00593200 -0.18644600
-0.00385800 0.00592400 0.99997500 -0.01858300
0.00000000 0.00000000 0.00000000 1.00000000
778	986	1770
0.99991300 -0.01310900 0.00132600 1.70824500
0.01310700 0.99991300 0.00167600 -0.63239300
-0.00134700 -0.00165900 0.99999800 -0.05241000
0.00000000 0.00000000 0.00000000 1.00000000
26	1738	1770
0.99995300 -0.00399900 0.00888400 -1.18172900
0.00395000 0.99997700 0.00550800 -0.50146900
-0.00890600 -0.00547200 0.99994500 0.06583500
0.00000000 0.00000000 0.00000000 1.00000000
1264	1739	1770
0.99995400 -0.00297500 -0.00912400 -1.23427800
0.00292500 0.99998000 -0.00557200 -0.59250600
0.00914000 0.00554500 0.99994300 -0.00197400
0.00000000 0.00000000 0.00000000 1.00000000
1270	1745	1770
0.99998700 0.00473300 0.00172900 -0.51982500
-0.00475700 0.99988800 0.01419700 -4.17901600
-0.00166100 -0.01420500 0.99989800 0.04548200
0.00000000 0.00000000 0.00000000 1.00000000
596	1168	1770
0.99981000 -0.00997900 0.01676400 -3.27028600
0.01034500 0.99970600 -0.02192300 2.94009300
-0.01654100 0.02209200 0.99961900 0.04617800
0.00000000 0.00000000 0.00000000 1.00000000
728	1036	1770
0.99991300 -0.00860800 0.00995400 1.22329100
0.00858300 0.99996000 0.00262200 0.40137500
-0.00997600 -0.00253700 0.99994700 -0.05939600
0.00000000 0.00000000 0.00000000 1.00000000
31	1258	1770
0.99997500 0.00430100 0.00569300 -1.53236400
-0.00431500 0.99998800 0.00250300 -0.12261800
-0.00568200 -0.00252700 0.99998100 -0.09606000
0.00000000 0.00000000 0.00000000 1.00000000
549	1214	1770
0.99999400 0.00251200 0.00252000 1.31202600
-0.00251500 0.99999600 0.00085500 -2.41856100
-0.00251800 -0.00086100 0.99999600 0.06169600
0.00000000 0.00000000 0.00000000 1.00000000
98	1666	1770
0.99999500 0.00321200 0.00035100 1.10311300
-0.00321200 0.99999500 -0.00061300 3.83938600
-0.00035300 0.00061200 1.00000000 0.00645500
0.00000000 0.00000000 0.00000000 1.00000000
784	980	1770
0.99994700 -0.00868400 -0.00552200 -0.29409700
0.00871400 0.99994700 0.00544500 1.12306700
0.00547400 -0.00549300 0.99997000 -0.02609500
0.00000000 0.00000000 0.00000000 1.00000000
550	1214	1770
0.99999200 0.00227200 0.00325300 -0.12451900
-0.00226900 0.99999700 -0.00107600 1.27236100
-0.00325600 0.00106800 0.99999400 0.00135800
0.00000000 0.00000000 0.00000000 1.00000000
558	1206	1770
0.99999000 -0.00017200 -0.00451500 3.35813200
0.00016600 0.99999900 -0.00149300 1.00939900
0.00451600 0.00149200 0.99998900 0.05844900
0.00000000 0.00000000 0.00000000 1.00000000
740	1024	1770
0.99997900 -0.00655500 0.00011300 1.88187600
0.00655500 0.99997700 0.00173000 0.50416200
-0.00012500 -0.00172900 0.99999800 0.00215100
0.00000000 0.00000000 0.00000000 1.00000000
831	1693	1770
0.99999300 -0.00187400 -0.00309000 -0.05917000
0.00192400 0.99986700 0.01618700 -2.61955800
0.00306000 -0.01619200 0.99986400 -0.01343100
0.00000000 0.00000000 0.00000000 1.00000000
55	1709	1770
0.99995600 -0.00808900 0.00481500 1.34081600
0.00812800 0.99993400 -0.00806700 -3.16447600
-0.00475000 0.00810600 0.99995600 0.05801600
0.00000000 0.00000000 0.00000000 1.00000000
27	1737	1770
0.99993600 -0.00293500 0.01089700 -1.06737500
0.00285200 0.99996700 0.00758500 -0.39262200
-0.01091900 -0.00755300 0.99991200 0.04041100
0.00000000 0.00000000 0.00000000 1.00000000
59	1705	1770
0.99998900 0.00210400 0.00428100 0.31139600
-0.00208200 0.99998500 -0.00514100 0.15672500
-0.00429100 0.00513200 0.99997800 -0.00296400
0.00000000 0.00000000 0.00000000 1.00000000
742	1022	1770
0.99993800 -0.00162500 0.01097800 2.04359000
0.00165800 0.99999400 -0.00292900 0.49774000
-0.01097300 0.00294700 0.99993500 0.04636400
0.00000000 0.00000000 0.00000000 1.00000000
823	941	1770
0.99999000 -0.00380700 0.00235400 0.42374600
0.00383300 0.99993300 -0.01091500 0.53168200
-0.00231300 0.01092400 0.99993800 -0.03085000
0.00000000 0.00000000 0.00000000 1.00000000
816	948	1770
0.99996700 -0.00747300 0.00322600 1.05281800
0.00753900 0.99975300 -0.02091500 -9.72976800
-0.00306900 0.02093800 0.99977600 -0.03761300
0.00000000 0.00000000 0.00000000 1.00000000
881	885	1770
0.99995500 0.00795600 -0.00511300 -2.48104200
-0.00807600 0.99968200 -0.02390400 -5.61565700
0.00492200 0.02394400 0.99970100 0.07164900
0.00000000 0.00000000 0.00000000 1.00000000
67	1697	1770
0.99999700 0.00135000 -0.00215600 0.14727800
-0.00135400 0.99999800 -0.00157600 0.07289700
0.00215400 0.00157900 0.99999600 0.00239500
0.00000000 0.00000000 0.00000000 1.00000000
848	1680	1770
0.99999000 0.00335900 -0.00297100 4.58722200
-0.00341000 0.99984000 -0.01756000 8.58445300
0.00291200 0.01757000 0.99984100 0.09946200
0.00000000 0.00000000 0.00000000 1.00000000
730	1034	1770
0.99989900 -0.00365600 0.01373600 0.24041900
0.00353000 0.99995100 0.00923800 -0.04930500
-0.01376900 -0.00918800 0.99986300 -0.02609700
0.00000000 0.00000000 0.00000000 1.00000000
612	1152	1770
0.99994700 -0.01018400 -0.00179400 -0.97138000
0.01018800 0.99994500 0.00237600 1.71733800
0.00177000 -0.00239400 0.99999600 -0.05154500
0.00000000 0.00000000 0.00000000 1.00000000
733	1031	1770
0.99977000 -0.00315000 0.02120200 0.30551400
0.00287700 0.99991300 0.01287400 0.21708100
-0.02124000 -0.01281000 0.99969200 -0.01561600
0.00000000 0.00000000 0.00000000 1.00000000
76	1688	1770
0.99999800 0.00105000 0.00180300 0.22940100
-0.00105500 0.99999500 0.00295100 2.76966900
-0.00180000 -0.00295300 0.99999400 0.06961700
0.00000000 0.00000000 0.00000000 1.00000000
19	1270	1770
0.99988300 -0.00038700 0.01530400 -0.84246900
-0.00005800 0.99957900 0.02901600 2.01356600
-0.01530900 -0.02901300 0.99946200 -0.18162800
0.00000000 0.00000000 0.00000000 1.00000000
96	1668	1770
0.99999600 0.00224100 0.00149100 0.71584200
-0.00223800 0.99999700 -0.00141000 2.08498000
-0.00149400 0.00140600 0.99999800 -0.03681100
0.00000000 0.00000000 0.00000000 1.00000000
787	977	1770
0.99998900 -0.00456000 -0.00083900 0.31364400
0.00456500 0.99997500 0.00546600 0.17019900
0.00081400 -0.00547000 0.99998500 -0.04042400
0.00000000 0.00000000 0.00000000 1.00000000
811	953	1770
0.99998000 -0.00023200 0.00625400 -0.69800200
0.00053300 0.99883800 -0.04818800 7.81062300
-0.00623500 0.04819000 0.99881900 -0.84739800
0.00000000 0.00000000 0.00000000 1.00000000
760	1004	1770
1.00000000 0.00025100 0.00021600 0.42447100
-0.00025400 0.99991000 0.01340700 -1.53793500
-0.00021200 -0.01340700 0.99991000 0.01223000
0.00000000 0.00000000 0.00000000 1.00000000
85	1679	1770
0.99997700 0.00672800 0.00109500 0.63475000
-0.00672100 0.99995700 -0.00642200 -1.26690700
-0.00113800 0.00641500 0.99997900 -0.06997900
0.00000000 0.00000000 0.00000000 1.00000000
643	1119	1770
0.99966800 -0.01454300 0.02127800 -11.02953800
0.01477300 0.99983300 -0.01073200 -3.39890100
-0.02111800 0.01104200 0.99971600 -0.26119600
0.00000000 0.00000000 0.00000000 1.00000000
310	1454	1770
0.99991200 0.01024100 0.00837600 5.09416600
-0.01017300 0.99991600 -0.00806000 -2.84569000
-0.00845800 0.00797400 0.99993200 -0.01342200
0.00000000 0.00000000 0.00000000 1.00000000
916	1680	1770
0.99991100 0.01329800 0.00097300 6.03163100
-0.01330000 0.99990900 0.00214800 22.21818000
-0.00094500 -0.00216100 0.99999700 -0.19431800
0.00000000 0.00000000 0.00000000 1.00000000
1262	1737	1770
1.00000000 0.00056300 0.00038500 -1.30663500
-0.00056100 0.99999600 -0.00273400 -0.64722800
-0.00038600 0.00273400 0.99999600 0.01953200
0.00000000 0.00000000 0.00000000 1.00000000
84	916	1770
0.99999700 0.00218300 -0.00132100 -5.46125900
-0.00219900 0.99992400 -0.01211900 -25.79205500
0.00129500 0.01212200 0.99992600 -0.10216400
0.00000000 0.00000000 0.00000000 1.00000000
1292	1295	1770
0.99999400 -0.00301200 -0.00195500 -23.69746500
0.00301500 0.99999400 0.00160900 -17.60524000
0.00195000 -0.00161500 0.99999700 0.18064500
0.00000000 0.00000000 0.00000000 1.00000000
879	881	1770
0.99999900 -0.00118500 -0.00044600 4.94305300
0.00118400 0.99999900 -0.00111800 5.11426500
0.00044800 0.00111700 0.99999900 0.27276900
0.00000000 0.00000000 0.00000000 1.00000000
656	1108	1770
0.99994600 -0.00735700 0.00736800 -2.50690600
0.00735200 0.99997300 0.00078600 -1.71082700
-0.00737300 -0.00073100 0.99997300 -0.03586800
0.00000000 0.00000000 0.00000000 1.00000000
22	1267	1770
0.99998600 0.00300900 0.00443300 -0.76370400
-0.00302900 0.99998600 0.00437000 -0.24537200
-0.00442000 -0.00438300 0.99998100 0.03218200
0.00000000 0.00000000 0.00000000 1.00000000
860	904	1770
0.99998600 -0.00531200 -0.00023700 -0.06096800
0.00531500 0.99984200 0.01697200 -1.25909000
0.00014700 -0.01697300 0.99985600 -0.01843100
0.00000000 0.00000000 0.00000000 1.00000000
234	1529	1770
0.99996500 0.00831900 0.00067200 2.09516100
-0.00831600 0.99995300 -0.00507400 -3.89293300
-0.00071400 0.00506900 0.99998700 -0.21395600
0.00000000 0.00000000 0.00000000 1.00000000
826	938	1770
0.99998300 -0.00587700 0.00036700 0.42289000
0.00587900 0.99997500 -0.00391500 0.59528600
-0.00034400 0.00391700 0.99999200 -0.04071400
0.00000000 0.00000000 0.00000000 1.00000000
46	1718	1770
0.99997100 0.00745600 0.00157300 -0.11528200
-0.00749900 0.99955800 0.02875900 1.55634400
-0.00135800 -0.02877000 0.99958500 -0.14156100
0.00000000 0.00000000 0.00000000 1.00000000
643	1121	1770
0.99987500 -0.01420100 0.00693500 3.08643900
0.01417800 0.99989400 0.00334900 1.17267600
-0.00698100 -0.00325000 0.99997000 -0.07456200
0.00000000 0.00000000 0.00000000 1.00000000
726	1038	1770
0.99885700 -0.00562200 -0.04746500 -1.11447900
0.00572300 0.99998200 0.00201100 -4.54098100
0.04745300 -0.00228000 0.99887100 -0.13331200
0.00000000 0.00000000 0.00000000 1.00000000
57	1707	1770
0.99999800 -0.00133900 0.00136400 0.37958900
0.00134900 0.99997400 -0.00714100 -0.74602700
-0.00135400 0.00714300 0.99997400 -0.03239100
0.00000000 0.00000000 0.00000000 1.00000000
80	1684	1770
0.99998700 0.00490000 -0.00115700 0.08793700
-0.00490200 0.99998700 -0.00148400 0.89097000
0.00114900 0.00149000 0.99999800 0.04452000
0.00000000 0.00000000 0.00000000 1.00000000
545	1219	1770
0.99998600 -0.00018200 0.00527900 -1.79838400
0.00020900 0.99998700 -0.00506300 1.88781700
-0.00527800 0.00506400 0.99997300 0.08532700
0.00000000 0.00000000 0.00000000 1.00000000
84	848	1770
0.99999100 0.00309900 0.00291100 -4.11533300
-0.00312400 0.99995600 0.00882000 -12.02278000
-0.00288400 -0.00882900 0.99995700 -0.10107800
0.00000000 0.00000000 0.00000000 1.00000000
744	1020	1770
0.99995200 -0.00049200 0.00976600 2.06560400
0.00042600 0.99997700 0.00678100 0.63317000
-0.00976900 -0.00677600 0.99992900 -0.05640400
0.00000000 0.00000000 0.00000000 1.00000000
628	1136	1770
1.00000000 -0.00061800 0.00050500 -1.15816500
0.00061900 0.99999800 -0.00203700 3.10838900
-0.00050400 0.00203800 0.99999800 0.07055400
0.00000000 0.00000000 0.00000000 1.00000000
783	981	1770
0.99993300 -0.01140900 -0.00212000 -0.37785900
0.01141900 0.99992300 0.00491500 1.08478500
0.00206400 -0.00493900 0.99998600 -0.01825400
0.00000000 0.00000000 0.00000000 1.00000000
622	1142	1770
0.99998600 -0.00531700 -0.00044100 -0.55253700
0.00531500 0.99997300 -0.00510100 3.34884500
0.00046800 0.00509800 0.99998700 0.08033900
0.00000000 0.00000000 0.00000000 1.00000000
829	1695	1770
0.99999700 0.00218600 -0.00147300 0.10176300
-0.00217000 0.99994200 0.01052700 -3.00921200
0.00149600 -0.01052400 0.99994400 -0.01860700
0.00000000 0.00000000 0.00000000 1.00000000
478	1286	1770
0.99986400 -0.01419500 0.00840000 -1.59195100
0.01413500 0.99987400 0.00725300 -1.13953500
-0.00850200 -0.00713300 0.99993800 0.06176900
0.00000000 0.00000000 0.00000000 1.00000000
639	1125	1770
0.99996500 -0.00784500 0.00282300 2.30287200
0.00785200 0.99996500 -0.00276600 1.57450800
-0.00280100 0.00278800 0.99999200 -0.07761400
0.00000000 0.00000000 0.00000000 1.00000000
861	903	1770
0.99998200 -0.00523300 -0.00306700 0.14739800
0.00525700 0.99995500 0.00788800 -1.13620300
0.00302600 -0.00790400 0.99996400 -0.00502700
0.00000000 0.00000000 0.00000000 1.00000000
93	1671	1770
0.99998200 0.00604400 0.00054500 0.34098500
-0.00604000 0.99995900 -0.00673900 1.52188700
-0.00058600 0.00673500 0.99997700 -0.03265800
0.00000000 0.00000000 0.00000000 1.00000000
36	1728	1770
0.99959500 0.02304300 -0.01670500 -3.67783900
-0.02289300 0.99969600 0.00911800 3.34198800
0.01691000 -0.00873200 0.99981900 -0.11730800
0.00000000 0.00000000 0.00000000 1.00000000
683	1081	1770
0.99974900 -0.01269800 0.01847000 -2.21440800
0.01223500 0.99961200 0.02501300 -0.22105100
-0.01878100 -0.02478000 0.99951600 0.21396800
0.00000000 0.00000000 0.00000000 1.00000000
788	976	1770
0.99999100 -0.00403300 -0.00143400 0.38487200
0.00404000 0.99997900 0.00514100 -0.04808700
0.00141400 -0.00514600 0.99998600 -0.02782200
0.00000000 0.00000000 0.00000000 1.00000000
20	1744	1770
0.99995700 0.00818100 0.00427400 -2.70348400
-0.00820500 0.99995100 0.00559100 -2.03093500
-0.00422800 -0.00562600 0.99997500 -0.04755100
0.00000000 0.00000000 0.00000000 1.00000000
309	1455	1770
0.99988700 0.00906100 0.01200300 3.96628200
-0.00905800 0.99995900 -0.00034300 -3.01403000
-0.01200600 0.00023500 0.99992800 -0.01552400
0.00000000 0.00000000 0.00000000 1.00000000
90	1674	1770
0.99998600 0.00537100 0.00014500 0.18234100
-0.00536900 0.99994000 -0.00954000 -0.03086100
-0.00019600 0.00953900 0.99995400 0.02385700
0.00000000 0.00000000 0.00000000 1.00000000
920	1680	1770
0.99996400 0.00781900 -0.00328300 0.50661000
-0.00781800 0.99996900 0.00020100 -1.05161900
0.00328500 -0.00017500 0.99999500 0.04156300
0.00000000 0.00000000 0.00000000 1.00000000
770	994	1770
0.99998500 -0.00393000 -0.00374000 -1.30899100
0.00399400 0.99984500 0.01715900 2.31840900
0.00367200 -0.01717400 0.99984600 0.10925900
0.00000000 0.00000000 0.00000000 1.00000000
777	987	1770
0.99992500 -0.01224900 -0.00060000 1.89205800
0.01225000 0.99992400 0.00160200 -0.83426400
0.00058000 -0.00161000 0.99999900 -0.07789500
0.00000000 0.00000000 0.00000000 1.00000000
647	1116	1770
0.99676400 -0.01900900 -0.07810500 7.33722600
0.01714700 0.99955400 -0.02445200 2.82074900
0.07853500 0.02303400 0.99664500 -0.89051300
0.00000000 0.00000000 0.00000000 1.00000000
118	120	1770
0.99997100 -0.00370300 0.00665500 -13.61618900
0.00366200 0.99997400 0.00617000 24.77247500
-0.00667800 -0.00614500 0.99995900 0.03301900
0.00000000 0.00000000 0.00000000 1.00000000
83	1681	1770
0.99995500 0.00942100 -0.00108900 0.35146200
-0.00942500 0.99994900 -0.00368000 -10.96569400
0.00105400 0.00369000 0.99999300 -0.07047800
0.00000000 0.00000000 0.00000000 1.00000000
190	1574	1770
0.99995500 -0.00729800 -0.00598100 -0.45246800
0.00717500 0.99976700 -0.02034300 -2.30941100
0.00612800 0.02029900 0.99977500 -0.11496500
0.00000000 0.00000000 0.00000000 1.00000000
1246	1721	1770
0.99998800 0.00491800 -0.00054500 -0.59988300
-0.00491100 0.99991900 0.01175300 2.55175300
0.00060300 -0.01175000 0.99993100 -0.06269500
0.00000000 0.00000000 0.00000000 1.00000000
642	1118	1770
0.92254400 -0.38548400 0.01774200 -21.89496800
0.38523500 0.92268100 0.01594900 -14.97727200
-0.02251900 -0.00787900 0.99971500 0.07254900
0.00000000 0.00000000 0.00000000 1.00000000
1263	1738	1770
0.99998400 -0.00194600 -0.00535800 -1.37089400
0.00191000 0.99997500 -0.00678100 -0.65753800
0.00537100 0.00677100 0.99996300 0.00242200
0.00000000 0.00000000 0.00000000 1.00000000
413	1351	1770
0.99999900 0.00080000 0.00125900 0.38050300
-0.00077100 0.99974100 -0.02273100 -2.31229700
-0.00127700 0.02273000 0.99974100 -0.05374100
0.00000000 0.00000000 0.00000000 1.00000000
182	1581	1770
0.99987000 0.00959600 0.01292600 -6.19181800
-0.00962300 0.99995200 0.00199200 -7.69953700
-0.01290600 -0.00211600 0.99991400 0.15011100
0.00000000 0.00000000 0.00000000 1.00000000
65	1699	1770
0.99999700 0.00040700 -0.00227100 0.09912800
-0.00039700 0.99999000 0.00436600 0.51599500
0.00227300 -0.00436500 0.99998800 0.01253200
0.00000000 0.00000000 0.00000000 1.00000000
840	924	1770
0.99999600 -0.00281800 -0.00010200 -0.14022600
0.00281700 0.99990800 -0.01330300 1.34066500
0.00014000 0.01330300 0.99991200 -0.03036600
0.00000000 0.00000000 0.00000000 1.00000000
761	1003	1770
0.99989500 0.01273100 -0.00685700 0.37972300
-0.01265200 0.99985500 0.01139300 -1.33349500
0.00700100 -0.01130500 0.99991200 -0.04062100
0.00000000 0.00000000 0.00000000 1.00000000
84	920	1770
0.99999900 -0.00069000 0.00127100 -0.02164900
0.00069800 0.99998000 -0.00629700 -2.48211500
-0.00126600 0.00629800 0.99997900 -0.09228400
0.00000000 0.00000000 0.00000000 1.00000000
649	651	1770
0.99922700 -0.00081900 0.03930300 -0.66833200
0.00078400 0.99999900 0.00092000 -6.88200300
-0.03930400 -0.00088800 0.99922700 -0.63465300
0.00000000 0.00000000 0.00000000 1.00000000
26	501	1770
0.99995500 -0.00598900 0.00731600 3.57179400
0.00598300 0.99998200 0.00083700 1.13855400
-0.00732100 -0.00079300 0.99997300 -0.00184200
0.00000000 0.00000000 0.00000000 1.00000000
824	940	1770
0.99999400 -0.00334900 0.00037200 0.58293500
0.00335200 0.99997100 -0.00678700 0.48024400
-0.00035000 0.00678800 0.99997700 -0.02513000
0.00000000 0.00000000 0.00000000 1.00000000
455	1309	1770
0.99998700 0.00263500 0.00437100 -0.39123200
-0.00270100 0.99988300 0.01508700 -1.09424600
-0.00433100 -0.01509900 0.99987700 -0.10126800
0.00000000 0.00000000 0.00000000 1.00000000
521	1243	1770
0.99999200 -0.00355200 0.00170100 1.86665200
0.00356500 0.99996400 -0.00770100 -0.56660700
-0.00167400 0.00770700 0.99996900 0.06514200
0.00000000 0.00000000 0.00000000 1.00000000
121	1645	1770
0.99997000 0.00551900 -0.00535600 7.93064200
-0.00546900 0.99994100 0.00940000 -26.58285600
0.00540700 -0.00937100 0.99994100 0.40749000
0.00000000 0.00000000 0.00000000 1.00000000
473	1291	1770
0.99995000 0.00808300 -0.00591700 -1.49402200
-0.00815800 0.99988500 -0.01274700 -1.27730100
0.00581300 0.01279500 0.99990100 -0.06997500
0.00000000 0.00000000 0.00000000 1.00000000
413	1350	1770
0.99998500 0.00431500 0.00346200 -1.98769300
-0.00422500 0.99966400 -0.02556700 9.98111100
-0.00357200 0.02555200 0.99966700 0.29363300
0.00000000 0.00000000 0.00000000 1.00000000
97	1667	1770
0.99999500 0.00312000 0.00026400 0.78958900
-0.00311900 0.99999000 -0.00334700 2.59049200
-0.00027400 0.00334600 0.99999400 -0.00167300
0.00000000 0.00000000 0.00000000 1.00000000
596	1167	1770
0.99990000 -0.01299700 0.00548400 7.74961200
0.01311600 0.99966400 -0.02235000 -6.64336500
-0.00519200 0.02242000 0.99973500 0.01645400
0.00000000 0.00000000 0.00000000 1.00000000
18	1271	1770
0.99994100 -0.00429400 0.00999100 -0.45660500
0.00404500 0.99968300 0.02483800 2.11584300
-0.01009400 -0.02479600 0.99964200 0.02617200
0.00000000 0.00000000 0.00000000 1.00000000
379	1385	1770
0.99997000 0.00668400 0.00402100 -0.56619100
-0.00672600 0.99992200 0.01056800 -2.01754400
-0.00395000 -0.01059400 0.99993600 -0.06196800
0.00000000 0.00000000 0.00000000 1.00000000
594	1170	1770
0.99979100 -0.00899900 0.01835600 -3.63646100
0.00921000 0.99989200 -0.01142500 0.82797400
-0.01825200 0.01159200 0.99976600 0.02751300
0.00000000 0.00000000 0.00000000 1.00000000
160	1603	1770
0.99999500 0.00068000 0.00301600 1.24989500
-0.00067600 0.99999900 -0.00120500 -4.16606900
-0.00301700 0.00120300 0.99999500 0.05708400
0.00000000 0.00000000 0.00000000 1.00000000
643	645	1770
0.99998900 -0.00021300 0.00468600 -13.65910300
0.00021100 1.00000000 0.00045800 -5.06962100
-0.00468600 -0.00045700 0.99998900 0.00535200
0.00000000 0.00000000 0.00000000 1.00000000
589	1175	1770
0.99988000 0.01501900 0.00387500 -2.39467900
-0.01502400 0.99988700 0.00108600 -0.77278500
-0.00385800 -0.00114400 0.99999200 0.07931500
0.00000000 0.00000000 0.00000000 1.00000000
841	1683	1770
0.99999600 -0.00082700 0.00273500 0.40267000
0.00083900 0.99999100 -0.00417500 -2.97034200
-0.00273100 0.00417700 0.99998800 -0.06581700
0.00000000 0.00000000 0.00000000 1.00000000
759	1005	1770
0.99995000 -0.00931200 -0.00357500 0.48744200
0.00934200 0.99992000 0.00847700 -1.56844000
0.00349600 -0.00851000 0.99995800 0.01969600
0.00000000 0.00000000 0.00000000 1.00000000
659	1105	1770
0.99999600 0.00268800 -0.00064300 -1.99021100
-0.00269000 0.99999400 -0.00219100 -1.31686500
0.00063800 0.00219200 0.99999700 -0.01686900
0.00000000 0.00000000 0.00000000 1.00000000
502	1262	1770
0.99997000 0.00307900 0.00714900 -3.21652600
-0.00311400 0.99998400 0.00476500 -0.86395600
-0.00713400 -0.00478700 0.99996300 -0.02575300
0.00000000 0.00000000 0.00000000 1.00000000
83	921	1770
0.99999700 0.00146000 -0.00188500 -0.15063400
-0.00147200 0.99998000 -0.00621700 -8.88997700
0.00187600 0.00622000 0.99997900 -0.11568000
0.00000000 0.00000000 0.00000000 1.00000000
820	944	1770
0.99999000 -0.00382600 0.00237000 0.50828500
0.00385300 0.99992700 -0.01148500 0.03909900
-0.00232600 0.01149400 0.99993100 -0.05293000
0.00000000 0.00000000 0.00000000 1.00000000
68	1696	1770
0.99999700 0.00152500 0.00206900 0.19799100
-0.00154100 0.99997000 0.00761600 -0.36941700
-0.00205700 -0.00762000 0.99996900 -0.07834400
0.00000000 0.00000000 0.00000000 1.00000000
642	1122	1770
0.99986300 -0.01454600 0.00786800 3.01150800
0.01454600 0.99989400 0.00012400 1.47248800
-0.00786900 -0.00000900 0.99996900 -0.04194400
0.00000000 0.00000000 0.00000000 1.00000000
68	828	1770
0.99999800 0.00176700 0.00047000 0.22736300
-0.00177000 0.99997900 0.00615700 2.33914200
-0.00045900 -0.00615700 0.99998100 -0.01188400
0.00000000 0.00000000 0.00000000 1.00000000
556	1208	1770
0.99999600 0.00260900 0.00129200 1.87739700
-0.00260900 0.99999700 -0.00033900 0.17846100
-0.00129300 0.00033600 0.99999900 -0.00369800
0.00000000 0.00000000 0.00000000 1.00000000
1266	1741	1770
0.99999700 0.00024000 -0.00261300 -0.89039100
-0.00024300 0.99999900 -0.00119300 -0.47930600
0.00261300 0.00119300 0.99999600 -0.00695300
0.00000000 0.00000000 0.00000000 1.00000000
81	1683	1770
0.99996400 0.00849800 -0.00057100 0.19390600
-0.00849900 0.99995900 -0.00316100 -4.71780300
0.00054400 0.00316600 0.99999500 0.01141700
0.00000000 0.00000000 0.00000000 1.00000000
637	1127	1770
0.99999100 0.00329400 -0.00273600 2.90303100
-0.00330200 0.99999000 -0.00295500 2.04824000
0.00272600 0.00296400 0.99999200 -0.10371200
0.00000000 0.00000000 0.00000000 1.00000000
33	1256	1770
0.99987300 0.01502600 -0.00534000 -3.43206200
-0.01495200 0.99979400 0.01371300 0.21477600
0.00554500 -0.01363200 0.99989200 -0.17357100
0.00000000 0.00000000 0.00000000 1.00000000
26	1263	1770
0.99988200 -0.00421500 0.01478500 0.19743400
0.00407700 0.99994800 0.00931400 0.15517400
-0.01482400 -0.00925300 0.99984700 0.01875000
0.00000000 0.00000000 0.00000000 1.00000000
576	1188	1770
0.99995900 0.00140200 -0.00891000 -1.92141500
-0.00127300 0.99989400 0.01449100 1.71931200
0.00892900 -0.01447900 0.99985500 0.07808000
0.00000000 0.00000000 0.00000000 1.00000000
501	1737	1770
0.99997500 0.00260200 0.00658700 5.08202500
-0.00258900 0.99999500 -0.00186800 2.15720800
-0.00659200 0.00185100 0.99997700 -0.03599400
0.00000000 0.00000000 0.00000000 1.00000000
79	1685	1770
0.99999200 0.00388900 -0.00015000 -0.01666200
-0.00388900 0.99998900 0.00245500 6.22044300
0.00015900 -0.00245500 0.99999700 -0.00565800
0.00000000 0.00000000 0.00000000 1.00000000
773	991	1770
0.99964300 0.00702500 -0.02577300 0.29915700
-0.00627900 0.99956200 0.02892900 0.21281000
0.02596500 -0.02875700 0.99924900 -0.02934800
0.00000000 0.00000000 0.00000000 1.00000000
863	901	1770
0.99998300 -0.00538200 -0.00225000 0.19702100
0.00538100 0.99998500 -0.00020100 -1.30316600
0.00225100 0.00018900 0.99999700 -0.03212300
0.00000000 0.00000000 0.00000000 1.00000000
536	1228	1770
0.99999200 -0.00044100 -0.00385900 -0.62298100
0.00046100 0.99998700 0.00516000 1.54145500
0.00385600 -0.00516100 0.99997900 0.03848100
0.00000000 0.00000000 0.00000000 1.00000000
120	1643	1770
0.99997700 0.00565300 -0.00377400 -1.75914800
-0.00565300 0.99998400 0.00004100 6.66496600
0.00377400 -0.00002000 0.99999300 0.04598900
0.00000000 0.00000000 0.00000000 1.00000000
294	1469	1770
0.99935300 0.03594800 0.00091300 -5.05893300
-0.03594200 0.99933300 -0.00651500 8.68745500
-0.00114700 0.00647800 0.99997800 -0.05777900
0.00000000 0.00000000 0.00000000 1.00000000
731	1033	1770
0.99985600 -0.00303200 0.01668000 0.37204700
0.00288700 0.99995800 0.00870700 0.17427400
-0.01670500 -0.00865800 0.99982300 0.00983200
0.00000000 0.00000000 0.00000000 1.00000000
561	1203	1770
0.99996500 0.00010700 -0.00840200 4.28286800
-0.00013900 0.99999300 -0.00373700 1.74403800
0.00840200 0.00373800 0.99995800 -0.01685100
0.00000000 0.00000000 0.00000000 1.00000000
444	1320	1770
0.99996400 -0.00591300 0.00605000 1.70496200
0.00596300 0.99994800 -0.00825000 -1.93838500
-0.00600100 0.00828600 0.99994800 0.05424600
0.00000000 0.00000000 0.00000000 1.00000000
1291	1293	1770
0.99998800 0.00075100 -0.00480200 -15.75767200
-0.00072900 0.99998800 0.00476700 -11.75729700
0.00480600 -0.00476300 0.99997700 0.04752600
0.00000000 0.00000000 0.00000000 1.00000000
748	1016	1770
0.99992300 -0.00452000 0.01154100 4.82682000
0.00451500 0.99999000 0.00046700 -0.58992700
-0.01154300 -0.00041500 0.99993300 -0.21496800
0.00000000 0.00000000 0.00000000 1.00000000
61	1703	1770
0.99999600 0.00102300 0.00271500 0.20834600
-0.00098800 0.99992000 -0.01260700 0.73978400
-0.00272700 0.01260400 0.99991700 0.01672700
0.00000000 0.00000000 0.00000000 1.00000000
729	1035	1770
0.99998100 -0.00253700 0.00562800 0.22413700
0.00245400 0.99988800 0.01473200 -0.21545700
-0.00566500 -0.01471800 0.99987600 -0.06526700
0.00000000 0.00000000 0.00000000 1.00000000
309	1454	1770
0.99994200 0.00789700 0.00732000 -4.38128500
-0.00786600 0.99996000 -0.00415300 1.43769700
-0.00735300 0.00409600 0.99996500 0.01547700
0.00000000 0.00000000 0.00000000 1.00000000
473	1292	1770
0.99996000 0.00529800 -0.00725400 -9.16906400
-0.00537800 0.99992400 -0.01105700 -6.96546700
0.00719500 0.01109500 0.99991300 -0.10160300
0.00000000 0.00000000 0.00000000 1.00000000
23	1266	1770
0.99993300 -0.00064600 0.01155900 0.52415800
0.00060200 0.99999300 0.00381400 0.26898000
-0.01156100 -0.00380700 0.99992600 -0.00187400
0.00000000 0.00000000 0.00000000 1.00000000
543	1221	1770
0.99999900 -0.00010000 0.00163000 -1.72611500
0.00010400 0.99999700 -0.00242500 1.98708700
-0.00163000 0.00242500 0.99999600 0.06694200
0.00000000 0.00000000 0.00000000 1.00000000
177	1586	1770
0.99949500 -0.02167800 0.02323000 -6.31400000
0.02199800 0.99966500 -0.01361100 -0.78723300
-0.02292700 0.01411500 0.99963700 0.05985900
0.00000000 0.00000000 0.00000000 1.00000000
515	1249	1770
0.99999600 0.00267800 -0.00001800 0.00538800
-0.00267800 0.99999500 -0.00140700 -0.69681300
0.00001400 0.00140700 0.99999900 0.10357100
0.00000000 0.00000000 0.00000000 1.00000000
839	925	1770
0.99999300 -0.00241900 0.00285900 -0.34937100
0.00246600 0.99985800 -0.01669400 2.80976300
-0.00281800 0.01670000 0.99985700 0.00670500
0.00000000 0.00000000 0.00000000 1.00000000
24	499	1770
0.99997800 0.00091100 0.00664000 4.59189300
-0.00092400 0.99999800 0.00198100 1.65005600
-0.00663900 -0.00198700 0.99997600 -0.03564300
0.00000000 0.00000000 0.00000000 1.00000000
829	935	1770
0.99999100 -0.00406800 -0.00079400 0.72123800
0.00406800 0.99999200 0.00052500 0.42074400
0.00079200 -0.00052800 1.00000000 0.02427100
0.00000000 0.00000000 0.00000000 1.00000000
494	1745	1770
0.99993300 0.00560100 0.01011300 -1.24749900
-0.00566400 0.99996400 0.00626700 -3.72676300
-0.01007700 -0.00632400 0.99992900 0.11919200
0.00000000 0.00000000 0.00000000 1.00000000
1260	1735	1770
0.99997400 0.00473000 0.00545600 -1.43198100
-0.00473800 0.99998800 0.00144700 -0.62190900
-0.00544900 -0.00147300 0.99998400 -0.03620900
0.00000000 0.00000000 0.00000000 1.00000000
796	968	1770
0.99999500 -0.00319600 0.00063900 0.31815800
0.00319600 0.99999500 0.00036100 -1.89505700
-0.00064000 -0.00035900 1.00000000 -0.06232500
0.00000000 0.00000000 0.00000000 1.00000000
1254	1729	1770
0.99994500 -0.00063400 -0.01043200 -1.17712500
0.00072900 0.99995800 0.00912100 0.26652200
0.01042600 -0.00912800 0.99990400 0.03663200
0.00000000 0.00000000 0.00000000 1.00000000
769	995	1770
0.99997300 -0.00486200 -0.00554500 0.12389300
0.00492900 0.99991400 0.01216800 -0.44606200
0.00548500 -0.01219500 0.99991100 -0.00208700
0.00000000 0.00000000 0.00000000 1.00000000
818	946	1770
0.99999100 -0.00373500 0.00204600 0.20656800
0.00376100 0.99990900 -0.01296100 -1.45159500
-0.00199700 0.01296900 0.99991400 -0.14950200
0.00000000 0.00000000 0.00000000 1.00000000
785	979	1770
0.99997100 -0.00677600 -0.00352700 -0.17431400
0.00680000 0.99995300 0.00685500 0.89890000
0.00348100 -0.00687800 0.99997000 0.01727000
0.00000000 0.00000000 0.00000000 1.00000000
463	1301	1770
0.99997700 0.00126000 -0.00665400 -3.17364500
-0.00133100 0.99994200 -0.01064600 -2.49970800
0.00664100 0.01065500 0.99992100 -0.04838500
0.00000000 0.00000000 0.00000000 1.00000000
28	1261	1770
0.99992800 -0.00398700 0.01131700 0.26593100
0.00390700 0.99996700 0.00709000 0.36367800
-0.01134500 -0.00704500 0.99991100 -0.09467700
0.00000000 0.00000000 0.00000000 1.00000000
335	1428	1770
0.99999900 0.00160800 0.00023400 -4.88398100
-0.00160800 0.99999700 -0.00164200 -0.48378400
-0.00023600 0.00164200 0.99999900 0.09633700
0.00000000 0.00000000 0.00000000 1.00000000
21	1743	1770
0.99996000 0.00510700 0.00736600 -1.96917200
-0.00511900 0.99998600 0.00162900 -0.96847600
-0.00735800 -0.00166700 0.99997200 0.05416200
0.00000000 0.00000000 0.00000000 1.00000000
45	1719	1770
0.99996500 0.00776200 0.00314900 -0.06991000
-0.00781900 0.99979700 0.01856700 1.18714100
-0.00300400 -0.01859100 0.99982300 -0.00699400
0.00000000 0.00000000 0.00000000 1.00000000
346	1418	1770
0.99994700 -0.00175100 0.01015300 -0.65292900
0.00176300 0.99999800 -0.00110700 -2.00593200
-0.01015100 0.00112500 0.99994800 1.72231100
0.00000000 0.00000000 0.00000000 1.00000000
189	1575	1770
0.99996500 -0.00627800 -0.00559900 0.03032600
0.00618300 0.99984000 -0.01681100 -0.99646500
0.00570300 0.01677500 0.99984300 -0.02761200
0.00000000 0.00000000 0.00000000 1.00000000
1112	1114	1770
0.98049800 0.00672100 0.19641300 -1.60336700
0.01411200 0.99442700 -0.10447500 8.73563400
-0.19602100 0.10521000 0.97493900 -1.02052400
0.00000000 0.00000000 0.00000000 1.00000000
1408	1552	1770
0.99990300 -0.00583700 -0.01268000 -1.80106300
0.00698100 0.99572100 0.09214900 1.93719200
0.01208800 -0.09222900 0.99566400 0.00715100
0.00000000 0.00000000 0.00000000 1.00000000
557	1207	1770
0.99999500 0.00321700 -0.00030800 2.85195100
-0.00321700 0.99999300 -0.00165400 0.58964200
0.00030200 0.00165500 0.99999900 0.03491200
0.00000000 0.00000000 0.00000000 1.00000000
844	920	1770
0.99999500 -0.00290400 -0.00081800 0.09040400
0.00289300 0.99991100 -0.01301300 -5.49554300
0.00085600 0.01301100 0.99991500 -0.09343700
0.00000000 0.00000000 0.00000000 1.00000000
226	1538	1770
0.99996500 -0.00399400 -0.00733100 -2.11960000
0.00413800 0.99979700 0.01973100 11.90796000
0.00725100 -0.01976000 0.99977800 0.27068800
0.00000000 0.00000000 0.00000000 1.00000000
601	1163	1770
0.99939400 0.03345600 -0.00963500 -0.60985300
-0.03309300 0.99881700 0.03563400 2.28514400
0.01081500 -0.03529400 0.99931800 -0.26233600
0.00000000 0.00000000 0.00000000 1.00000000
232	1531	1770
0.99996500 0.00610200 0.00572400 0.48249300
-0.00606600 0.99996200 -0.00627000 -3.13475600
-0.00576200 0.00623500 0.99996400 0.01039400
0.00000000 0.00000000 0.00000000 1.00000000
499	1265	1770
0.99993900 -0.00248200 0.01075900 -3.46389100
0.00247100 0.99999600 0.00098600 -1.12882800
-0.01076100 -0.00095900 0.99994200 -0.02429300
0.00000000 0.00000000 0.00000000 1.00000000
1269	1744	1770
0.99999500 0.00206600 0.00225600 0.21358600
-0.00206800 0.99999800 0.00082100 -1.39784100
-0.00225500 -0.00082600 0.99999700 -0.04404900
0.00000000 0.00000000 0.00000000 1.00000000
486	1278	1770
0.99994800 0.00362800 0.00958000 -5.94558300
-0.00376200 0.99989600 0.01394100 -3.40188400
-0.00952800 -0.01397600 0.99985700 -0.02178600
0.00000000 0.00000000 0.00000000 1.00000000
641	1117	1770
0.99971100 -0.00876700 0.02236800 -25.83919800
0.00887000 0.99995000 -0.00455000 -7.44029900
-0.02232700 0.00474700 0.99973900 0.01611700
