1119	1121	1770
0.99998300 -0.00487800 -0.00319600 14.10884000
0.00488100 0.99998800 0.00100700 4.35530300
0.00319100 -0.00102300 0.99999400 0.23905500
0.00000000 0.00000000 0.00000000 1.00000000
848	920	1770
0.99999100 -0.00416800 -0.00007000 4.07483600
0.00416600 0.99977200 -0.02092300 9.65871400
0.00015700 0.02092300 0.99978100 0.06314700
0.00000000 0.00000000 0.00000000 1.00000000
1118	1122	1770
0.99993100 -0.01086900 -0.00450800 22.31836100
0.01088400 0.99993500 0.00331900 7.02516200
0.00447100 -0.00336800 0.99998400 0.44107400
0.00000000 0.00000000 0.00000000 1.00000000
1265	1740	1770
0.99995100 -0.00194800 -0.00966200 -1.36294000
0.00190000 0.99998600 -0.00489400 -0.71424200
0.00967100 0.00487600 0.99994100 0.00688700
0.00000000 0.00000000 0.00000000 1.00000000
849	915	1770
0.99996900 -0.00751200 0.00252800 -1.48665000
0.00754800 0.99986400 -0.01465100 -14.23493400
-0.00241700 0.01466900 0.99988900 0.09343700
0.00000000 0.00000000 0.00000000 1.00000000
1264	1739	1770
0.99995400 -0.00297500 -0.00912400 -1.23427800
0.00292500 0.99998000 -0.00557200 -0.59250600
0.00914000 0.00554500 0.99994300 -0.00197400
0.00000000 0.00000000 0.00000000 1.00000000
1270	1745	1770
0.99998700 0.00473300 0.00172900 -0.51982500
-0.00475700 0.99988800 0.01419700 -4.17901600
-0.00166100 -0.01420500 0.99989800 0.04548200
0.00000000 0.00000000 0.00000000 1.00000000
881	885	1770
0.99995500 0.00795600 -0.00511300 -2.48104200
-0.00807600 0.99968200 -0.02390400 -5.61565700
0.00492200 0.02394400 0.99970100 0.07164900
0.00000000 0.00000000 0.00000000 1.00000000
1262	1737	1770
1.00000000 0.00056300 0.00038500 -1.30663500
-0.00056100 0.99999600 -0.00273400 -0.64722800
-0.00038600 0.00273400 0.99999600 0.01953200
0.00000000 0.00000000 0.00000000 1.00000000
1292	1295	1770
0.99999400 -0.00301200 -0.00195500 -23.69746500
0.00301500 0.99999400 0.00160900 -17.60524000
0.00195000 -0.00161500 0.99999700 0.18064500
0.00000000 0.00000000 0.00000000 1.00000000
879	881	1770
0.99999900 -0.00118500 -0.00044600 4.94305300
0.00118400 0.99999900 -0.00111800 5.11426500
0.00044800 0.00111700 0.99999900 0.27276900
0.00000000 0.00000000 0.00000000 1.00000000
860	904	1770
0.99998600 -0.00531200 -0.00023700 -0.06096800
0.00531500 0.99984200 0.01697200 -1.25909000
0.00014700 -0.01697300 0.99985600 -0.01843100
0.00000000 0.00000000 0.00000000 1.00000000
861	903	1770
0.99998200 -0.00523300 -0.00306700 0.14739800
0.00525700 0.99995500 0.00788800 -1.13620300
0.00302600 -0.00790400 0.99996400 -0.00502700
0.00000000 0.00000000 0.00000000 1.00000000
118	120	1770
0.99997100 -0.00370300 0.00665500 -13.61618900
0.00366200 0.99997400 0.00617000 24.77247500
-0.00667800 -0.00614500 0.99995900 0.03301900
0.00000000 0.00000000 0.00000000 1.00000000
1246	1721	1770
0.99998800 0.00491800 -0.00054500 -0.59988300
-0.00491100 0.99991900 0.01175300 2.55175300
0.00060300 -0.01175000 0.99993100 -0.06269500
0.00000000 0.00000000 0.00000000 1.00000000
1263	1738	1770
0.99998400 -0.00194600 -0.00535800 -1.37089400
0.00191000 0.99997500 -0.00678100 -0.65753800
0.00537100 0.00677100 0.99996300 0.00242200
0.00000000 0.00000000 0.00000000 1.00000000
840	924	1770
0.99999600 -0.00281800 -0.00010200 -0.14022600
0.00281700 0.99990800 -0.01330300 1.34066500
0.00014000 0.01330300 0.99991200 -0.03036600
0.00000000 0.00000000 0.00000000 1.00000000
649	651	1770
0.99922700 -0.00081900 0.03930300 -0.66833200
0.00078400 0.99999900 0.00092000 -6.88200300
-0.03930400 -0.00088800 0.99922700 -0.63465300
0.00000000 0.00000000 0.00000000 1.00000000
643	645	1770
0.99998900 -0.00021300 0.00468600 -13.65910300
0.00021100 1.00000000 0.00045800 -5.06962100
-0.00468600 -0.00045700 0.99998900 0.00535200
0.00000000 0.00000000 0.00000000 1.00000000
1266	1741	1770
0.99999700 0.00024000 -0.00261300 -0.89039100
-0.00024300 0.99999900 -0.00119300 -0.47930600
0.00261300 0.00119300 0.99999600 -0.00695300
0.00000000 0.00000000 0.00000000 1.00000000
863	901	1770
0.99998300 -0.00538200 -0.00225000 0.19702100
0.00538100 0.99998500 -0.00020100 -1.30316600
0.00225100 0.00018900 0.99999700 -0.03212300
0.00000000 0.00000000 0.00000000 1.00000000
1291	1293	1770
0.99998800 0.00075100 -0.00480200 -15.75767200
-0.00072900 0.99998800 0.00476700 -11.75729700
0.00480600 -0.00476300 0.99997700 0.04752600
0.00000000 0.00000000 0.00000000 1.00000000
839	925	1770
0.99999300 -0.00241900 0.00285900 -0.34937100
0.00246600 0.99985800 -0.01669400 2.80976300
-0.00281800 0.01670000 0.99985700 0.00670500
0.00000000 0.00000000 0.00000000 1.00000000
1260	1735	1770
0.99997400 0.00473000 0.00545600 -1.43198100
-0.00473800 0.99998800 0.00144700 -0.62190900
-0.00544900 -0.00147300 0.99998400 -0.03620900
0.00000000 0.00000000 0.00000000 1.00000000
1254	1729	1770
0.99994500 -0.00063400 -0.01043200 -1.17712500
0.00072900 0.99995800 0.00912100 0.26652200
0.01042600 -0.00912800 0.99990400 0.03663200
0.00000000 0.00000000 0.00000000 1.00000000
335	1428	1770
0.99999900 0.00160800 0.00023400 -4.88398100
-0.00160800 0.99999700 -0.00164200 -0.48378400
-0.00023600 0.00164200 0.99999900 0.09633700
0.00000000 0.00000000 0.00000000 1.00000000
844	920	1770
0.99999500 -0.00290400 -0.00081800 0.09040400
0.00289300 0.99991100 -0.01301300 -5.49554300
0.00085600 0.01301100 0.99991500 -0.09343700
0.00000000 0.00000000 0.00000000 1.00000000
1269	1744	1770
0.99999500 0.00206600 0.00225600 0.21358600
-0.00206800 0.99999800 0.00082100 -1.39784100
-0.00225500 -0.00082600 0.99999700 -0.04404900
0.00000000 0.00000000 0.00000000 1.00000000
1263	1265	1770
1.00000000 -0.00036000 0.00005100 -19.04349100
0.00036000 1.00000000 0.00010700 -7.18944200
-0.00005100 -0.00010700 1.00000000 -0.03734400
0.00000000 0.00000000 0.00000000 1.00000000
1167	1169	1770
0.99999900 0.00138900 0.00044200 -16.87490100
-0.00138900 0.99999900 -0.00043500 11.63947200
-0.00044300 0.00043500 1.00000000 -0.58940400
0.00000000 0.00000000 0.00000000 1.00000000
121	150	1770
0.99603800 -0.00686600 -0.08866700 3.77742100
0.00421500 0.99954000 -0.03004600 -14.56182800
0.08883200 0.02955300 0.99560800 -0.05542300
0.00000000 0.00000000 0.00000000 1.00000000
844	848	1770
1.00000000 0.00032200 -0.00093900 -3.97032700
-0.00032000 0.99999900 0.00130900 -15.00070000
0.00094000 -0.00130900 0.99999900 -0.17258800
0.00000000 0.00000000 0.00000000 1.00000000
1643	1645	1770
0.99997600 0.00164900 0.00676700 6.77049200
-0.00168200 0.99998600 0.00497100 -22.79282700
-0.00675900 -0.00498200 0.99996500 0.16753700
0.00000000 0.00000000 0.00000000 1.00000000
549	551	1770
1.00000000 -0.00006100 -0.00087200 1.08185500
0.00006200 1.00000000 0.00018000 -5.97193300
0.00087200 -0.00018000 1.00000000 0.08301100
0.00000000 0.00000000 0.00000000 1.00000000
24	26	1770
1.00000000 0.00052000 -0.00069100 19.87201200
-0.00052100 0.99999900 -0.00121600 7.47833600
0.00069100 0.00121700 0.99999900 -0.26223200
0.00000000 0.00000000 0.00000000 1.00000000
1252	1727	1770
0.99999400 0.00292200 0.00190800 -1.46412200
-0.00293300 0.99998200 0.00528700 3.38152300
-0.00189200 -0.00529300 0.99998400 -0.01586800
0.00000000 0.00000000 0.00000000 1.00000000
879	885	1770
0.99996500 -0.00444400 0.00705700 2.20939100
0.00444500 0.99999000 -0.00016400 -0.18463000
-0.00705600 0.00019600 0.99997500 0.04816000
0.00000000 0.00000000 0.00000000 1.00000000
1245	1720	1770
0.99996400 0.00773100 -0.00357000 -0.88640900
-0.00771300 0.99995700 0.00509200 1.35561600
0.00360900 -0.00506400 0.99998100 -0.09685200
0.00000000 0.00000000 0.00000000 1.00000000
121	149	1770
0.99568700 -0.00399300 -0.09269100 0.97305100
0.00139300 0.99960400 -0.02809600 -5.15051600
0.09276700 0.02784600 0.99529800 -0.03199900
0.00000000 0.00000000 0.00000000 1.00000000
1119	1122	1770
0.99997100 0.00257900 -0.00711800 24.44049500
-0.00256400 0.99999400 0.00211000 6.25217800
0.00712400 -0.00209100 0.99997200 0.36427100
0.00000000 0.00000000 0.00000000 1.00000000
846	918	1770
0.99996000 -0.00861500 -0.00252100 -0.71454400
0.00855500 0.99970300 -0.02280300 -10.29868700
0.00271700 0.02278100 0.99973700 -0.41003200
0.00000000 0.00000000 0.00000000 1.00000000
1263	1740	1770
0.99990800 -0.00215900 -0.01341300 -20.34906700
0.00204000 0.99995800 -0.00891400 -7.80790500
0.01343200 0.00888500 0.99987000 -0.11283400
0.00000000 0.00000000 0.00000000 1.00000000
1265	1738	1770
0.99993200 -0.00108000 -0.01158300 17.65477300
0.00104600 0.99999500 -0.00288000 6.44859500
0.01158600 0.00286800 0.99992900 0.16678700
0.00000000 0.00000000 0.00000000 1.00000000
847	917	1770
0.99996900 -0.00777900 -0.00128900 -1.18374900
0.00775500 0.99982100 -0.01727800 -12.90477800
0.00142300 0.01726700 0.99985000 -0.25455300
0.00000000 0.00000000 0.00000000 1.00000000
650	653	1770
0.99995100 -0.00800400 -0.00579300 34.15935300
0.00797200 0.99995300 -0.00554700 9.76407500
0.00583700 0.00550100 0.99996800 0.38766000
0.00000000 0.00000000 0.00000000 1.00000000
1120	1122	1770
0.99999800 -0.00174600 -0.00029400 21.78916500
0.00174400 0.99997500 -0.00688000 4.18169900
0.00030600 0.00688000 0.99997600 0.06939900
0.00000000 0.00000000 0.00000000 1.00000000
1293	1295	1770
0.99999900 -0.00081100 -0.00134700 -15.74032300
0.00081400 0.99999700 0.00235700 -11.69270000
0.00134500 -0.00235800 0.99999600 0.12127200
0.00000000 0.00000000 0.00000000 1.00000000
471	473	1770
0.99999900 0.00070300 -0.00072100 15.87159900
-0.00070100 0.99999600 0.00278200 11.81070100
0.00072300 -0.00278200 0.99999600 -0.03792400
0.00000000 0.00000000 0.00000000 1.00000000
1261	1736	1770
0.99999100 0.00377100 0.00183200 -1.39024300
-0.00377000 0.99999300 -0.00026400 -0.67621300
-0.00183300 0.00025700 0.99999800 0.02275000
0.00000000 0.00000000 0.00000000 1.00000000
848	916	1770
0.99999200 -0.00387100 0.00017500 -1.32098700
0.00387400 0.99973500 -0.02267500 -13.45735300
-0.00008700 0.02267500 0.99974300 -0.16929100
0.00000000 0.00000000 0.00000000 1.00000000
651	653	1770
0.99999500 -0.00313300 0.00004300 21.96587000
0.00313300 0.99999100 0.00270800 6.89871900
-0.00005100 -0.00270800 0.99999600 0.28700500
0.00000000 0.00000000 0.00000000 1.00000000
335	1429	1770
0.99999900 0.00130900 0.00081500 5.54435000
-0.00130700 0.99999600 -0.00256500 0.33784400
-0.00081900 0.00256400 0.99999600 0.08665900
0.00000000 0.00000000 0.00000000 1.00000000
327	1434	1770
0.99999600 -0.00288800 -0.00063900 -23.74970400
0.00289200 0.99997600 0.00625900 -2.73127400
0.00062100 -0.00626000 0.99998000 -0.10853500
0.00000000 0.00000000 0.00000000 1.00000000
831	933	1770
0.99998700 -0.00473900 -0.00200000 0.69204400
0.00473500 0.99998800 -0.00158700 0.88504800
0.00200700 0.00157800 0.99999700 -0.03343600
0.00000000 0.00000000 0.00000000 1.00000000
1253	1728	1770
0.99997900 -0.00106400 -0.00642800 -2.25505600
0.00111200 0.99997100 0.00756300 0.90697400
0.00642000 -0.00757000 0.99995100 -0.01304400
0.00000000 0.00000000 0.00000000 1.00000000
1293	1296	1770
0.99999400 0.00308900 0.00155400 -23.96731800
-0.00308400 0.99998800 -0.00370100 -17.71578600
-0.00156500 0.00369600 0.99999200 0.14389100
0.00000000 0.00000000 0.00000000 1.00000000
845	918	1770
0.99996300 -0.00775400 -0.00375600 -2.22683100
0.00764000 0.99953700 -0.02946600 -17.30829700
0.00398300 0.02943600 0.99955900 -0.62490100
0.00000000 0.00000000 0.00000000 1.00000000
845	919	1770
0.99998600 -0.00479100 -0.00243900 0.30997000
0.00473100 0.99969300 -0.02431200 -4.24919700
0.00255500 0.02430000 0.99970100 -0.14515400
0.00000000 0.00000000 0.00000000 1.00000000
1258	1733	1770
0.99998700 0.00486800 -0.00129100 -1.51559400
-0.00486900 0.99998800 -0.00023100 -0.32297900
0.00129000 0.00023700 0.99999900 -0.05347400
0.00000000 0.00000000 0.00000000 1.00000000
500	502	1770
1.00000000 -0.00005400 0.00071600 19.45473400
0.00005400 1.00000000 0.00015100 7.39765700
-0.00071600 -0.00015100 1.00000000 -0.09992200
0.00000000 0.00000000 0.00000000 1.00000000
862	902	1770
0.99999600 -0.00253800 0.00121100 0.16018800
0.00253300 0.99999000 0.00361500 -1.25619100
-0.00122000 -0.00361200 0.99999300 -0.05776900
0.00000000 0.00000000 0.00000000 1.00000000
916	920	1770
0.99999800 0.00183800 0.00072700 5.44325400
-0.00183900 0.99999800 0.00122200 23.21894600
-0.00072500 -0.00122300 0.99999900 -0.28559900
0.00000000 0.00000000 0.00000000 1.00000000
308	310	1770
1.00000000 -0.00005000 -0.00097900 -18.41497300
0.00004900 0.99999900 -0.00156200 8.81283200
0.00097900 0.00156200 0.99999800 -0.03655900
0.00000000 0.00000000 0.00000000 1.00000000
1262	1739	1770
0.99996700 -0.00084300 -0.00808800 -20.61175100
0.00080800 0.99999000 -0.00444800 -7.92227900
0.00809200 0.00444100 0.99995700 -0.04401700
0.00000000 0.00000000 0.00000000 1.00000000
1738	1740	1770
0.99999900 -0.00101000 -0.00066500 -18.98303800
0.00100800 0.99999500 -0.00291100 -7.04988900
0.00066800 0.00291000 0.99999600 0.05822900
0.00000000 0.00000000 0.00000000 1.00000000
1265	1739	1770
0.99993600 -0.00143400 -0.01119300 8.08716100
0.00135800 0.99997600 -0.00675800 2.83568600
0.01120200 0.00674300 0.99991500 0.03946000
0.00000000 0.00000000 0.00000000 1.00000000
1206	1208	1770
0.99999900 0.00042300 0.00157400 19.43915900
-0.00042100 0.99999900 -0.00126500 7.04469400
-0.00157500 0.00126500 0.99999800 -0.08291900
0.00000000 0.00000000 0.00000000 1.00000000
833	931	1770
0.99999700 -0.00227300 -0.00116800 -0.44247500
0.00228000 0.99998000 0.00584700 1.84763200
0.00115500 -0.00585000 0.99998200 0.11161800
0.00000000 0.00000000 0.00000000 1.00000000
1613	1615	1770
0.99998900 -0.00055500 0.00457800 -5.49035800
0.00055100 0.99999900 0.00102700 18.64090300
-0.00457900 -0.00102400 0.99998900 0.12205000
0.00000000 0.00000000 0.00000000 1.00000000
324	1440	1770
0.99999700 0.00258300 -0.00050300 5.12648400
-0.00258500 0.99999400 -0.00232500 -0.51732300
0.00049700 0.00232600 0.99999700 0.02636900
0.00000000 0.00000000 0.00000000 1.00000000
855	909	1770
0.99998000 -0.00393600 -0.00492700 -1.71861900
0.00402400 0.99983100 0.01793300 -2.08245100
0.00485600 -0.01795300 0.99982700 -0.02064800
0.00000000 0.00000000 0.00000000 1.00000000
1413	1416	1770
0.99999800 -0.00154100 0.00121900 -16.47148600
0.00154000 0.99999800 0.00091900 -5.39687400
-0.00122000 -0.00091700 0.99999900 0.00130900
0.00000000 0.00000000 0.00000000 1.00000000
878	886	1770
0.99999500 0.00108500 0.00284700 3.76281700
-0.00105900 0.99995900 -0.00895400 -5.34500600
-0.00285700 0.00895100 0.99995600 0.07962900
0.00000000 0.00000000 0.00000000 1.00000000
1737	1739	1770
0.99999900 -0.00158700 0.00012000 -19.43012100
0.00158700 0.99999800 -0.00069900 -7.33715500
-0.00011900 0.00069900 1.00000000 0.01027300
0.00000000 0.00000000 0.00000000 1.00000000
467	471	1770
0.99993900 0.00439700 -0.01017200 32.88905300
-0.00446400 0.99996900 -0.00652400 24.75955700
0.01014300 0.00656900 0.99992700 -0.42152200
0.00000000 0.00000000 0.00000000 1.00000000
1614	1645	1770
0.99320300 -0.00664200 0.11620800 5.54750400
0.00269400 0.99941500 0.03410000 -16.92233300
-0.11636600 -0.03355500 0.99263900 -0.09193200
0.00000000 0.00000000 0.00000000 1.00000000
320	1443	1770
0.99995600 0.00828700 -0.00443500 -4.48880500
-0.00828400 0.99996500 0.00086300 -0.10613000
0.00444200 -0.00082600 0.99999000 -0.05050500
0.00000000 0.00000000 0.00000000 1.00000000
841	923	1770
0.99997900 -0.00643700 0.00023700 -0.13027500
0.00643800 0.99994700 -0.00802200 -0.32468800
-0.00018500 0.00802300 0.99996800 -0.08430300
0.00000000 0.00000000 0.00000000 1.00000000
650	652	1770
0.99998700 0.00162800 0.00479700 24.95084000
-0.00159600 0.99997700 -0.00655000 6.51411400
-0.00480800 0.00654200 0.99996700 0.13946100
0.00000000 0.00000000 0.00000000 1.00000000
118	121	1770
0.99996800 -0.00754800 -0.00282500 -16.77152300
0.00753400 0.99996000 -0.00472100 35.36876900
0.00286000 0.00470000 0.99998500 0.14083600
0.00000000 0.00000000 0.00000000 1.00000000
1268	1743	1770
0.99999200 0.00225900 0.00337500 6.69210000
-0.00226400 0.99999600 0.00145000 2.62603500
-0.00337100 -0.00145800 0.99999300 -0.10436400
0.00000000 0.00000000 0.00000000 1.00000000
1247	1722	1770
0.99998400 0.00462200 -0.00337500 -0.78201900
-0.00457800 0.99990500 0.01297100 3.31943900
0.00343400 -0.01295500 0.99991000 -0.09587200
0.00000000 0.00000000 0.00000000 1.00000000
846	919	1770
0.99997600 -0.00689700 0.00000900 1.75465700
0.00689600 0.99978600 -0.01953000 2.71518300
0.00012600 0.01952900 0.99980900 0.00680600
0.00000000 0.00000000 0.00000000 1.00000000
852	912	1770
0.99988300 -0.00479600 -0.01449900 0.23057800
0.00530800 0.99935700 0.03546500 -3.13764800
0.01431900 -0.03553800 0.99926600 -0.16890400
0.00000000 0.00000000 0.00000000 1.00000000
158	160	1770
0.99999900 0.00023100 0.00145200 5.68313900
-0.00022200 0.99998400 -0.00572700 -19.38276300
-0.00145400 0.00572700 0.99998300 0.13036300
0.00000000 0.00000000 0.00000000 1.00000000
859	905	1770
0.99998600 -0.00417600 -0.00334800 -0.13403600
0.00421500 0.99992100 0.01183000 -1.55722200
0.00329900 -0.01184400 0.99992400 -0.07722100
0.00000000 0.00000000 0.00000000 1.00000000
332	1431	1770
0.99999400 -0.00210900 -0.00261000 -3.84368200
0.00210900 0.99999800 -0.00011800 -0.25882800
0.00261000 0.00011200 0.99999700 0.00273300
0.00000000 0.00000000 0.00000000 1.00000000
25	27	1770
0.99999900 0.00075100 -0.00072400 19.57262000
-0.00074900 0.99999800 0.00190500 7.42460700
0.00072600 -0.00190400 0.99999800 -0.16592400
0.00000000 0.00000000 0.00000000 1.00000000
858	906	1770
0.99997900 -0.00344300 -0.00557800 -0.57493500
0.00355100 0.99980500 0.01943000 -1.53424300
0.00551000 -0.01944900 0.99979600 -0.02833300
0.00000000 0.00000000 0.00000000 1.00000000
545	548	1770
1.00000000 -0.00029200 -0.00039500 22.41051000
0.00029300 0.99999900 0.00125000 -20.23598700
0.00039500 -0.00125000 0.99999900 -0.26931200
0.00000000 0.00000000 0.00000000 1.00000000
319	1444	1770
0.99993300 0.00847100 -0.00790100 -3.80556800
-0.00847500 0.99996400 -0.00043300 -0.05367000
0.00789700 0.00050000 0.99996900 -0.03382600
0.00000000 0.00000000 0.00000000 1.00000000
315	1448	1770
1.00000000 0.00059400 0.00050400 -4.01313900
-0.00059400 1.00000000 -0.00072300 1.09601900
-0.00050400 0.00072300 1.00000000 -0.04220900
0.00000000 0.00000000 0.00000000 1.00000000
341	1422	1770
0.99981600 0.01584400 0.01081900 0.70785400
-0.01579600 0.99986500 -0.00451100 1.45008700
-0.01088900 0.00433900 0.99993100 -0.03052300
0.00000000 0.00000000 0.00000000 1.00000000
1384	1386	1770
0.99999800 -0.00207100 0.00032200 -5.20114500
0.00207200 0.99999500 -0.00258400 -19.42012900
-0.00031700 0.00258500 0.99999700 -0.52571800
0.00000000 0.00000000 0.00000000 1.00000000
1118	1120	1770
0.99999400 -0.00302600 -0.00176800 0.39040600
0.00302800 0.99999400 0.00152700 2.71033600
0.00176300 -0.00153200 0.99999700 0.18023600
0.00000000 0.00000000 0.00000000 1.00000000
1615	1645	1770
0.99558600 -0.00076600 0.09385200 8.40631600
-0.00169500 0.99965700 0.02613100 -26.50789600
-0.09383900 -0.02617500 0.99524300 0.02858700
0.00000000 0.00000000 0.00000000 1.00000000
1262	1738	1770
0.99999900 0.00135700 -0.00077700 -11.17644100
-0.00136100 0.99998900 -0.00441600 -4.38654900
0.00077100 0.00441700 0.99999000 0.01291100
0.00000000 0.00000000 0.00000000 1.00000000
1109	1111	1770
0.99999800 -0.00109900 0.00169200 -17.93849900
0.00110000 0.99999900 -0.00040700 -7.04832300
-0.00169200 0.00040900 0.99999800 -0.09812300
0.00000000 0.00000000 0.00000000 1.00000000
1413	1415	1770
0.99999700 -0.00159300 0.00177600 -10.77804500
0.00159400 0.99999900 -0.00035800 -3.52800500
-0.00177600 0.00036100 0.99999800 -0.01368700
0.00000000 0.00000000 0.00000000 1.00000000
864	900	1770
0.99997800 -0.00659700 0.00013900 0.29967200
0.00659700 0.99997600 -0.00200000 -1.47621200
-0.00012500 0.00200100 0.99999800 -0.01698500
0.00000000 0.00000000 0.00000000 1.00000000
870	894	1770
0.99998100 -0.00560200 -0.00268100 1.17365800
0.00561000 0.99998000 0.00286600 -1.09153900
0.00266500 -0.00288100 0.99999200 -0.01540000
0.00000000 0.00000000 0.00000000 1.00000000
468	471	1770
0.99999600 -0.00262900 -0.00140700 25.57406700
0.00263400 0.99999000 0.00371100 19.34631500
0.00139700 -0.00371400 0.99999200 -0.55246100
0.00000000 0.00000000 0.00000000 1.00000000
642	646	1770
0.99996900 0.00334200 0.00707000 -22.17431100
-0.00331200 0.99998500 -0.00436900 -7.76171700
-0.00708500 0.00434600 0.99996500 -0.03844000
0.00000000 0.00000000 0.00000000 1.00000000
878	881	1770
0.99999800 -0.00179400 -0.00119200 3.49222900
0.00179100 0.99999700 -0.00191200 15.93940900
0.00119500 0.00191000 0.99999700 0.31261100
0.00000000 0.00000000 0.00000000 1.00000000
21	25	1770
0.99996500 -0.00058300 0.00828800 38.39186300
0.00055800 0.99999500 0.00302500 14.69860500
-0.00828900 -0.00302100 0.99996100 -0.73910200
0.00000000 0.00000000 0.00000000 1.00000000
880	884	1770
0.99988300 0.00295700 0.01500400 1.97995200
-0.00313400 0.99992600 0.01176100 0.27026800
-0.01496800 -0.01180700 0.99981800 0.22690400
0.00000000 0.00000000 0.00000000 1.00000000
740	743	1770
0.99999700 0.00121200 -0.00224700 -27.87333800
-0.00120800 0.99999700 0.00206000 -11.07736600
0.00225000 -0.00205700 0.99999500 0.33447600
0.00000000 0.00000000 0.00000000 1.00000000
1602	1604	1770
0.99999900 0.00035500 -0.00140100 -5.10589200
-0.00035500 1.00000000 -0.00016400 18.55127000
0.00140100 0.00016400 0.99999900 -0.15596000
0.00000000 0.00000000 0.00000000 1.00000000
325	1438	1770
0.99999300 -0.00317000 -0.00179600 -5.16401500
0.00317600 0.99998900 0.00355800 -1.43897900
0.00178400 -0.00356400 0.99999200 -0.01237000
0.00000000 0.00000000 0.00000000 1.00000000
1262	1264	1770
1.00000000 0.00015200 0.00015400 -19.50080100
-0.00015100 0.99999900 -0.00134600 -7.47484100
-0.00015400 0.00134600 0.99999900 -0.09576400
0.00000000 0.00000000 0.00000000 1.00000000
204	363	1770
0.99977600 0.01681700 -0.01281500 2.53209100
-0.01766300 0.99745900 -0.06901600 -2.34576600
0.01162100 0.06922600 0.99753300 -0.35383800
0.00000000 0.00000000 0.00000000 1.00000000
878	885	1770
0.99997000 0.00546700 0.00546800 1.01180000
-0.00543000 0.99996300 -0.00662300 10.20335700
-0.00550400 0.00659300 0.99996300 0.13372200
0.00000000 0.00000000 0.00000000 1.00000000
1255	1730	1770
0.99995900 -0.00319200 -0.00851000 -0.82912200
0.00325400 0.99996800 0.00731300 0.27920300
0.00848700 -0.00734100 0.99993700 0.03860100
0.00000000 0.00000000 0.00000000 1.00000000
675	677	1770
0.99999900 -0.00093500 -0.00115600 20.90927800
0.00093400 0.99999900 -0.00071200 -0.69954200
0.00115700 0.00071100 0.99999900 0.39896400
0.00000000 0.00000000 0.00000000 1.00000000
832	932	1770
0.99998100 -0.00615000 -0.00062400 0.12785700
0.00615100 0.99997900 0.00201300 1.38988200
0.00061100 -0.00201700 0.99999800 0.08270400
0.00000000 0.00000000 0.00000000 1.00000000
1118	1121	1770
0.99999800 -0.00221400 0.00015300 11.82618800
0.00221400 0.99999700 -0.00071700 4.93184800
-0.00015100 0.00071700 1.00000000 0.26774900
0.00000000 0.00000000 0.00000000 1.00000000
1122	1124	1770
0.99999700 -0.00200700 0.00165700 19.17744700
0.00201000 0.99999700 -0.00166800 4.61991500
-0.00165400 0.00167200 0.99999700 -0.00128900
0.00000000 0.00000000 0.00000000 1.00000000
21	24	1770
1.00000000 -0.00015700 0.00079300 28.40706000
0.00015600 1.00000000 0.00048200 10.96186000
-0.00079300 -0.00048200 1.00000000 -0.43165100
0.00000000 0.00000000 0.00000000 1.00000000
874	890	1770
0.99996400 -0.00276900 -0.00806300 0.88085800
0.00280600 0.99998600 0.00451700 -0.26904700
0.00805100 -0.00453900 0.99995700 0.11135200
0.00000000 0.00000000 0.00000000 1.00000000
150	152	1770
0.99999400 -0.00192100 -0.00305100 5.29754800
0.00191400 0.99999600 -0.00219700 -19.43353400
0.00305500 0.00219100 0.99999300 0.12344300
0.00000000 0.00000000 0.00000000 1.00000000
1230	1232	1770
1.00000000 -0.00067500 -0.00024500 -10.08748700
0.00067500 1.00000000 0.00005500 17.24519800
0.00024500 -0.00005500 1.00000000 -0.01550300
0.00000000 0.00000000 0.00000000 1.00000000
1267	1742	1770
0.99999500 0.00078400 0.00321700 -0.22697700
-0.00077500 0.99999600 -0.00280900 -0.25795500
-0.00321900 0.00280700 0.99999100 0.00926100
0.00000000 0.00000000 0.00000000 1.00000000
118	150	1770
0.99581400 -0.00788300 -0.09106000 -12.86262900
0.00534900 0.99959300 -0.02803500 20.86976600
0.09124400 0.02743100 0.99545100 0.03598900
0.00000000 0.00000000 0.00000000 1.00000000
119	121	1770
0.99999900 -0.00145900 -0.00075300 -6.49204200
0.00145400 0.99998100 -0.00596100 21.83280500
0.00076100 0.00596000 0.99998200 -0.01001100
0.00000000 0.00000000 0.00000000 1.00000000
1264	1738	1770
0.99997600 -0.00198200 -0.00670100 8.38340300
0.00194300 0.99998200 -0.00570700 3.04073800
0.00671200 0.00569300 0.99996100 0.05963600
0.00000000 0.00000000 0.00000000 1.00000000
1111	1113	1770
0.99999200 0.00034800 0.00390200 -21.78664700
-0.00034000 0.99999800 -0.00206000 -6.28521100
-0.00390200 0.00205900 0.99999000 -0.09774900
0.00000000 0.00000000 0.00000000 1.00000000
1253	1727	1770
0.99999100 0.00374300 -0.00181200 9.46557300
-0.00373700 0.99998700 0.00334500 -9.24122900
0.00182500 -0.00333800 0.99999300 0.44953500
0.00000000 0.00000000 0.00000000 1.00000000
352	354	1770
0.99999700 0.00034800 0.00253500 18.96030800
-0.00034400 0.99999900 -0.00150900 5.28870100
-0.00253500 0.00150800 0.99999600 -0.30432000
0.00000000 0.00000000 0.00000000 1.00000000
1117	1120	1770
0.99999800 -0.00171300 0.00140500 -2.84080300
0.00171300 0.99999800 0.00052200 2.39512700
-0.00140600 -0.00051900 0.99999900 0.25148500
0.00000000 0.00000000 0.00000000 1.00000000
1262	1740	1770
0.99981600 -0.00088300 -0.01917900 -30.10868100
0.00076600 0.99998100 -0.00610700 -11.56587600
0.01918400 0.00609100 0.99979700 -0.20212200
0.00000000 0.00000000 0.00000000 1.00000000
320	1444	1770
0.99996200 0.00604700 -0.00620300 5.07912100
-0.00604100 0.99998100 0.00097700 -0.79886200
0.00620900 -0.00093900 0.99998000 0.00939100
0.00000000 0.00000000 0.00000000 1.00000000
1740	1743	1770
0.99999900 0.00136100 0.00006600 -30.16588400
-0.00136100 0.99999800 -0.00136900 -11.77739100
-0.00006800 0.00136900 0.99999900 0.25700900
0.00000000 0.00000000 0.00000000 1.00000000
1264	1740	1770
0.99992800 -0.00081400 -0.01194800 -10.68800000
0.00075600 0.99998800 -0.00481500 -4.16521900
0.01195200 0.00480600 0.99991700 -0.01313200
0.00000000 0.00000000 0.00000000 1.00000000
1427	1429	1770
0.99998600 0.00529500 -0.00073900 20.82960300
-0.00529600 0.99998500 -0.00148800 1.50437300
0.00073200 0.00149200 0.99999900 -0.02127600
0.00000000 0.00000000 0.00000000 1.00000000
1265	1737	1770
0.99994400 0.00215000 -0.01038000 27.57261000
-0.00223800 0.99996100 -0.00850100 10.26130300
0.01036200 0.00852300 0.99991000 0.32045900
0.00000000 0.00000000 0.00000000 1.00000000
1213	1215	1770
1.00000000 -0.00084700 0.00001800 -2.60262800
0.00084700 0.99999900 0.00108600 6.32865400
-0.00001800 -0.00108600 0.99999900 -0.06771700
0.00000000 0.00000000 0.00000000 1.00000000
1263	1737	1770
0.99999900 0.00043200 -0.00145800 8.46372500
-0.00043700 0.99999400 -0.00339800 3.10219000
0.00145700 0.00339900 0.99999300 0.09475000
0.00000000 0.00000000 0.00000000 1.00000000
1668	1670	1770
0.99999900 -0.00065800 -0.00153700 -3.71472800
0.00065900 1.00000000 0.00062100 20.53409400
0.00153700 -0.00062200 0.99999900 0.09183400
0.00000000 0.00000000 0.00000000 1.00000000
1262	1265	1770
0.99999900 0.00009600 0.00110600 -28.80860000
-0.00009600 1.00000000 0.00028700 -10.95256300
-0.00110600 -0.00028700 0.99999900 -0.06641400
0.00000000 0.00000000 0.00000000 1.00000000
1246	1720	1770
0.99997400 0.00710900 -0.00069600 1.01962900
-0.00710300 0.99993700 0.00865200 -7.62158000
0.00075700 -0.00864700 0.99996200 -0.03074500
0.00000000 0.00000000 0.00000000 1.00000000
1428	1430	1770
1.00000000 0.00042500 -0.00004400 21.09932100
-0.00042500 1.00000000 0.00051400 1.67620900
0.00004400 -0.00051400 1.00000000 -0.06423700
0.00000000 0.00000000 0.00000000 1.00000000
866	898	1770
0.99998400 -0.00552800 -0.00130500 0.49180500
0.00553200 0.99998000 0.00303600 -1.67833900
0.00128800 -0.00304400 0.99999500 0.01144000
0.00000000 0.00000000 0.00000000 1.00000000
1264	1737	1770
0.99997100 0.00156800 -0.00749200 18.27318000
-0.00162400 0.99997100 -0.00747700 6.81195400
0.00748000 0.00748900 0.99994400 0.19759400
0.00000000 0.00000000 0.00000000 1.00000000
317	1446	1770
0.99996200 0.00809900 0.00319700 -3.46186300
-0.00810800 0.99996300 0.00289100 0.50974700
-0.00317300 -0.00291600 0.99999100 0.05538700
0.00000000 0.00000000 0.00000000 1.00000000
20	24	1770
0.99999900 0.00113000 0.00036700 42.63872300
-0.00113100 0.99999600 0.00255400 18.42645500
-0.00036400 -0.00255400 0.99999700 -0.79601700
0.00000000 0.00000000 0.00000000 1.00000000
149	152	1770
0.99999200 -0.00131800 -0.00369500 8.11913200
0.00130100 0.99998900 -0.00454300 -28.98286800
0.00370000 0.00453800 0.99998300 0.17749100
0.00000000 0.00000000 0.00000000 1.00000000
1265	1743	1770
0.99997100 0.00500000 -0.00569000 -31.62442900
-0.00499600 0.99998700 0.00064800 -12.60133500
0.00569300 -0.00062000 0.99998400 -0.01961000
0.00000000 0.00000000 0.00000000 1.00000000
635	660	1770
0.99938400 0.01101200 0.03331500 -2.40963900
-0.00790400 0.99572500 -0.09203300 -3.95131500
-0.03418600 0.09171300 0.99519900 0.08093000
0.00000000 0.00000000 0.00000000 1.00000000
1283	1285	1770
1.00000000 -0.00004800 0.00012000 -15.13116700
0.00004800 0.99999900 -0.00133100 -10.49011000
-0.00012000 0.00133100 0.99999900 -0.04501700
0.00000000 0.00000000 0.00000000 1.00000000
1737	1740	1770
0.99999700 -0.00231900 0.00025600 -28.83946600
0.00231900 0.99999700 -0.00070600 -10.84983600
-0.00025400 0.00070700 1.00000000 0.08015200
0.00000000 0.00000000 0.00000000 1.00000000
1263	1739	1770
0.99997800 -0.00017300 -0.00662600 -10.93821900
0.00012600 0.99997500 -0.00708800 -4.25895500
0.00662700 0.00708700 0.99995300 -0.03209300
0.00000000 0.00000000 0.00000000 1.00000000
869	895	1770
0.99995600 -0.00771000 -0.00525100 1.18357600
0.00774100 0.99995300 0.00591900 -1.45110000
0.00520500 -0.00596000 0.99996900 -0.00481700
0.00000000 0.00000000 0.00000000 1.00000000
1616	1641	1770
0.99607100 -0.00127600 0.08855300 -1.07407200
-0.00115500 0.99962400 0.02740500 6.00191800
-0.08855500 -0.02740000 0.99569400 0.09546400
0.00000000 0.00000000 0.00000000 1.00000000
1297	1299	1770
0.99998300 -0.00124400 -0.00575700 -15.56236100
0.00126600 0.99999200 0.00383300 -11.68409500
0.00575200 -0.00384000 0.99997600 -0.00706200
0.00000000 0.00000000 0.00000000 1.00000000
475	480	1770
0.99955500 0.02409200 -0.01758700 40.51137200
-0.02419100 0.99969300 -0.00541800 29.01948800
0.01745100 0.00584100 0.99983100 0.23793600
0.00000000 0.00000000 0.00000000 1.00000000
313	1450	1770
0.99999500 0.00255400 0.00189400 -4.06422600
-0.00255100 0.99999600 -0.00131000 1.48606600
-0.00189800 0.00130500 0.99999700 -0.02869200
0.00000000 0.00000000 0.00000000 1.00000000
1109	1112	1770
0.99997600 0.00265600 0.00642500 -28.28246200
-0.00267000 0.99999400 0.00209900 -10.18934100
-0.00642000 -0.00211600 0.99997700 -0.12593000
0.00000000 0.00000000 0.00000000 1.00000000
495	499	1770
0.99992800 0.00290500 0.01160700 42.88737600
-0.00293400 0.99999300 0.00250700 17.86781300
-0.01159900 -0.00254100 0.99992900 -0.91621200
0.00000000 0.00000000 0.00000000 1.00000000
556	558	1770
0.99999700 -0.00201400 0.00133900 -20.82624100
0.00201600 0.99999600 -0.00189900 -7.74826700
-0.00133500 0.00190200 0.99999700 -0.05885200
0.00000000 0.00000000 0.00000000 1.00000000
313	1451	1770
0.99998400 0.00310600 0.00477900 4.98855300
-0.00310500 0.99999500 -0.00013100 -2.32099800
-0.00477900 0.00011700 0.99998900 0.01196000
0.00000000 0.00000000 0.00000000 1.00000000
1743	1745	1770
0.99999800 0.00176600 0.00011200 -20.28621000
-0.00176600 0.99999800 0.00010100 -16.29282000
-0.00011200 -0.00010100 1.00000000 0.14158100
0.00000000 0.00000000 0.00000000 1.00000000
331	1432	1770
0.99999900 -0.00036700 -0.00158800 -3.87218300
0.00036600 1.00000000 -0.00056200 -0.39022500
0.00158800 0.00056100 0.99999900 -0.01602000
0.00000000 0.00000000 0.00000000 1.00000000
655	658	1770
0.99999500 -0.00235200 -0.00213600 27.35916100
0.00235800 0.99999300 0.00284700 14.60755100
0.00212900 -0.00285200 0.99999400 0.01412100
0.00000000 0.00000000 0.00000000 1.00000000
314	1449	1770
0.99999400 0.00040500 0.00345700 -4.04662200
-0.00041000 0.99999900 0.00149000 1.31399100
-0.00345700 -0.00149200 0.99999300 0.03357200
0.00000000 0.00000000 0.00000000 1.00000000
333	1431	1770
0.99999900 -0.00071900 -0.00113700 6.48726300
0.00071600 0.99999600 -0.00276600 0.54265100
0.00113900 0.00276500 0.99999600 -0.00974800
0.00000000 0.00000000 0.00000000 1.00000000
1270	1743	1770
0.99999600 0.00269000 -0.00032300 19.82352500
-0.00269000 0.99999500 0.00162500 12.19914100
0.00032800 -0.00162400 0.99999900 -0.26279800
0.00000000 0.00000000 0.00000000 1.00000000
635	659	1770
0.99947000 0.00369000 0.03235600 -11.08333600
-0.00038100 0.99481500 -0.10169800 -9.65123300
-0.03256400 0.10163200 0.99428900 -0.08448000
0.00000000 0.00000000 0.00000000 1.00000000
867	896	1770
0.99997800 -0.00529600 -0.00405100 -2.59400000
0.00533800 0.99992900 0.01067400 7.81290900
0.00399400 -0.01069500 0.99993500 0.15416500
0.00000000 0.00000000 0.00000000 1.00000000
1246	1722	1770
0.99999000 0.00414200 -0.00188500 -2.01490700
-0.00411900 0.99991500 0.01240400 11.55002400
0.00193600 -0.01239600 0.99992100 -0.06981800
0.00000000 0.00000000 0.00000000 1.00000000
119	150	1770
0.99585000 -0.00898500 -0.09056400 -2.66216200
0.00621100 0.99950400 -0.03086300 7.18626900
0.09079700 0.03017200 0.99541200 -0.08279800
0.00000000 0.00000000 0.00000000 1.00000000
868	896	1770
0.99998200 -0.00527100 -0.00281800 0.91561500
0.00529800 0.99993800 0.00977900 -1.72943700
0.00276600 -0.00979400 0.99994800 0.03064700
0.00000000 0.00000000 0.00000000 1.00000000
1102	1131	1770
0.99979700 -0.01561400 -0.01274900 -2.07827800
0.01655700 0.99685100 0.07755300 4.01041800
0.01149800 -0.07774900 0.99690700 -0.53610200
0.00000000 0.00000000 0.00000000 1.00000000
1121	1124	1770
0.99999900 -0.00009400 -0.00160000 29.51790300
0.00009500 1.00000000 0.00097300 6.53077700
0.00160000 -0.00097400 0.99999800 0.09616400
0.00000000 0.00000000 0.00000000 1.00000000
159	161	1770
0.99999800 -0.00160200 0.00148300 5.26558000
0.00160200 0.99999900 -0.00032200 -18.84190000
-0.00148300 0.00032400 0.99999900 0.05696700
0.00000000 0.00000000 0.00000000 1.00000000
1258	1732	1770
0.99998200 0.00578100 -0.00166000 5.74935000
-0.00578100 0.99998300 -0.00008300 1.27747400
0.00166000 0.00009300 0.99999900 0.21704600
0.00000000 0.00000000 0.00000000 1.00000000
1106	1127	1770
0.99925700 -0.01027700 -0.03715800 0.66098400
0.01347500 0.99612900 0.08686100 4.07967100
0.03612200 -0.08729700 0.99552700 -0.29786600
0.00000000 0.00000000 0.00000000 1.00000000
470	472	1770
0.99998900 0.00169400 -0.00433400 15.66343300
-0.00166900 0.99998200 0.00581800 11.68931500
0.00434300 -0.00581100 0.99997400 -0.11965800
0.00000000 0.00000000 0.00000000 1.00000000
843	921	1770
0.99998800 -0.00402900 -0.00287400 -0.09349000
0.00399600 0.99992800 -0.01130300 -3.44518200
0.00291900 0.01129100 0.99993200 -0.10828800
0.00000000 0.00000000 0.00000000 1.00000000
1588	1590	1770
0.99999700 -0.00058200 0.00238300 22.00830000
0.00058700 0.99999800 -0.00185900 1.74972800
-0.00238200 0.00186000 0.99999500 0.46831900
0.00000000 0.00000000 0.00000000 1.00000000
471	474	1770
0.99999500 0.00218700 0.00214000 24.43181200
-0.00217800 0.99998800 -0.00434000 18.12376100
-0.00215000 0.00433600 0.99998800 0.00964400
0.00000000 0.00000000 0.00000000 1.00000000
844	916	1770
0.99953700 -0.03034600 0.00209100 -4.74955300
0.03037700 0.99940000 -0.01665900 -28.43117400
-0.00158400 0.01671500 0.99985900 -0.20982900
0.00000000 0.00000000 0.00000000 1.00000000
740	744	1770
0.99998000 0.00333200 -0.00545400 -37.40007200
-0.00329600 0.99997300 0.00661500 -14.88182100
0.00547600 -0.00659700 0.99996300 0.29759500
0.00000000 0.00000000 0.00000000 1.00000000
1167	1170	1770
0.99999700 -0.00239100 -0.00099300 -22.08068700
0.00239100 0.99999700 0.00078000 12.47364800
0.00099100 -0.00078200 0.99999900 -0.75923800
0.00000000 0.00000000 0.00000000 1.00000000
497	499	1770
0.99999900 0.00078200 0.00066200 19.48048500
-0.00078200 0.99999900 -0.00073200 7.40143600
-0.00066300 0.00073100 1.00000000 -0.18681700
0.00000000 0.00000000 0.00000000 1.00000000
325	1439	1770
0.99999600 -0.00204700 -0.00183000 5.45342900
0.00205300 0.99999200 0.00348400 -0.58939300
0.00182300 -0.00348800 0.99999200 0.02631600
0.00000000 0.00000000 0.00000000 1.00000000
1657	1659	1770
0.99999600 0.00058900 -0.00291900 24.05022600
-0.00058300 0.99999800 0.00207000 10.43663600
0.00292000 -0.00206800 0.99999400 0.07129900
0.00000000 0.00000000 0.00000000 1.00000000
546	548	1770
1.00000000 -0.00038700 -0.00058500 15.48074600
0.00038700 0.99999900 0.00094800 -13.65197600
0.00058500 -0.00094800 0.99999900 -0.21192900
0.00000000 0.00000000 0.00000000 1.00000000
1285	1289	1770
0.99995300 0.00930700 0.00285300 -33.79185300
-0.00931900 0.99994800 0.00422300 -24.53970400
-0.00281400 -0.00424900 0.99998700 -0.01763100
0.00000000 0.00000000 0.00000000 1.00000000
1106	1109	1770
0.99998800 0.00232900 0.00435300 -26.87246300
-0.00233900 0.99999500 0.00218600 -14.16954300
-0.00434800 -0.00219600 0.99998800 -0.10770900
0.00000000 0.00000000 0.00000000 1.00000000
637	657	1770
0.99977200 0.01649300 0.01357000 -4.02392500
-0.01523000 0.99596600 -0.08843200 -5.47123700
-0.01497300 0.08820500 0.99599000 -0.32011300
0.00000000 0.00000000 0.00000000 1.00000000
1667	1669	1770
1.00000000 0.00065000 -0.00015800 -4.53962700
-0.00065000 0.99999900 0.00118200 20.20794900
0.00015900 -0.00118200 0.99999900 -0.08768600
0.00000000 0.00000000 0.00000000 1.00000000
328	1434	1770
0.99999900 -0.00023400 -0.00152200 -14.61929000
0.00024000 0.99999200 0.00402000 -1.68407400
0.00152100 -0.00402100 0.99999100 -0.14376100
0.00000000 0.00000000 0.00000000 1.00000000
315	1451	1770
0.99996400 -0.00196000 0.00824900 22.74020400
0.00198900 0.99999200 -0.00348300 -8.46796500
-0.00824200 0.00349900 0.99996000 -0.02850700
0.00000000 0.00000000 0.00000000 1.00000000
319	1443	1770
0.99990800 0.01069800 -0.00832500 -13.52756300
-0.01067600 0.99993900 0.00272200 0.61469000
0.00835400 -0.00263300 0.99996200 -0.13178700
0.00000000 0.00000000 0.00000000 1.00000000
639	652	1770
0.99958300 0.00043800 0.02886300 -30.03458900
0.00240900 0.99513200 -0.09851900 -16.76994800
-0.02876500 0.09854800 0.99471700 -0.91027600
0.00000000 0.00000000 0.00000000 1.00000000
1739	1743	1770
0.99996900 -0.00061900 -0.00785700 -39.56486100
0.00060200 0.99999700 -0.00221000 -15.27470700
0.00785800 0.00220500 0.99996700 0.16766800
0.00000000 0.00000000 0.00000000 1.00000000
1438	1440	1770
0.99999900 0.00048800 0.00088800 21.41312200
-0.00048800 1.00000000 0.00027100 1.60946700
-0.00088800 -0.00027100 1.00000000 0.01762200
0.00000000 0.00000000 0.00000000 1.00000000
1020	1022	1770
1.00000000 -0.00019700 -0.00090200 19.11635200
0.00019300 0.99999100 -0.00432400 7.58911800
0.00090300 0.00432400 0.99999000 -0.05033300
0.00000000 0.00000000 0.00000000 1.00000000
1249	1724	1770
0.99999800 0.00176400 -0.00105400 -1.39774500
-0.00175300 0.99994900 0.00996400 6.09736200
0.00107200 -0.00996200 0.99995000 -0.21480700
0.00000000 0.00000000 0.00000000 1.00000000
314	1448	1770
0.99999400 0.00078300 0.00344400 -12.91091900
-0.00076600 0.99998700 -0.00505000 4.02750700
