24	1265	1770
200.000000	0.000000	0.000000	0.000000	997.632156	-2224.590644
0.000000	200.000000	0.000000	-997.632156	0.000000	854.237055
0.000000	0.000000	200.000000	2224.590644	-854.237055	0.000000
0.000000	-997.632156	2224.590644	105531.549224	-56010.786534	1298.543745
997.632156	0.000000	-854.237055	-56010.786534	140494.818934	-9079.025779
-2224.590644	854.237055	0.000000	1298.543745	-9079.025779	225753.817572
781	983	1770
200.000000	0.000000	0.000000	0.000000	1527.370944	1681.769092
0.000000	200.000000	0.000000	-1527.370944	0.000000	-1430.491055
0.000000	0.000000	200.000000	-1681.769092	1430.491055	0.000000
0.000000	-1527.370944	-1681.769092	154064.208644	-4475.819115	24574.864040
1527.370944	0.000000	1430.491055	-4475.819115	165284.262224	16681.391271
1681.769092	-1430.491055	0.000000	24574.864040	16681.391271	283520.139419
42	1722	1770
200.000000	0.000000	0.000000	0.000000	995.894006	-801.805014
0.000000	200.000000	0.000000	-995.894006	0.000000	-26.638728
0.000000	0.000000	200.000000	801.805014	26.638728	0.000000
0.000000	-995.894006	801.805014	187253.811893	-10554.741528	-1902.582384
995.894006	0.000000	26.638728	-10554.741528	79977.282439	-7756.510511
-801.805014	-26.638728	0.000000	-1902.582384	-7756.510511	242731.563051
20	1269	1770
200.000000	0.000000	0.000000	0.000000	1091.331381	-1470.978827
0.000000	200.000000	0.000000	-1091.331381	0.000000	273.043135
0.000000	0.000000	200.000000	1470.978827	-273.043135	0.000000
0.000000	-1091.331381	1470.978827	104238.038685	-28893.130734	-3256.549423
1091.331381	0.000000	-273.043135	-28893.130734	120907.617060	-7859.710710
-1470.978827	273.043135	0.000000	-3256.549423	-7859.710710	197813.069825
1119	1121	1770
200.000000	0.000000	0.000000	0.000000	480.064247	-1165.820257
0.000000	200.000000	0.000000	-480.064247	0.000000	1640.564809
0.000000	0.000000	200.000000	1165.820257	-1640.564809	0.000000
0.000000	-480.064247	1165.820257	91200.622270	1257.332570	-3665.168541
480.064247	0.000000	-1640.564809	1257.332570	148578.139524	2211.814960
-1165.820257	1640.564809	0.000000	-3665.168541	2211.814960	224043.874478
27	1262	1770
200.000000	0.000000	0.000000	0.000000	1034.887790	-859.665177
0.000000	200.000000	0.000000	-1034.887790	0.000000	-2032.422639
0.000000	0.000000	200.000000	859.665177	2032.422639	0.000000
0.000000	-1034.887790	859.665177	70455.271093	-31317.324040	12955.569823
1034.887790	0.000000	2032.422639	-31317.324040	242886.756378	-2347.214295
-859.665177	-2032.422639	0.000000	12955.569823	-2347.214295	293685.605837
848	920	1770
200.000000	0.000000	0.000000	0.000000	1110.686778	-3122.511876
0.000000	200.000000	0.000000	-1110.686778	0.000000	1698.801530
0.000000	0.000000	200.000000	3122.511876	-1698.801530	0.000000
0.000000	-1110.686778	3122.511876	213570.146397	45812.639845	4302.179370
1110.686778	0.000000	-1698.801530	45812.639845	129992.995849	-26080.171427
-3122.511876	1698.801530	0.000000	4302.179370	-26080.171427	320246.936527
779	985	1770
200.000000	0.000000	0.000000	0.000000	1265.069737	-375.027133
0.000000	200.000000	0.000000	-1265.069737	0.000000	-1358.705469
0.000000	0.000000	200.000000	375.027133	1358.705469	0.000000
0.000000	-1265.069737	375.027133	124646.963358	23401.449085	13469.354419
1265.069737	0.000000	1358.705469	23401.449085	154196.275473	-4274.280465
-375.027133	-1358.705469	0.000000	13469.354419	-4274.280465	253868.867741
1118	1122	1770
200.000000	0.000000	0.000000	0.000000	746.609055	-138.480483
0.000000	200.000000	0.000000	-746.609055	0.000000	807.674622
0.000000	0.000000	200.000000	138.480483	-807.674622	0.000000
0.000000	-746.609055	138.480483	112208.378703	1002.133995	-21367.154672
746.609055	0.000000	-807.674622	1002.133995	209517.362273	9949.810031
-138.480483	807.674622	0.000000	-21367.154672	9949.810031	294814.232285
782	982	1770
200.000000	0.000000	0.000000	0.000000	1840.677954	3340.613641
0.000000	200.000000	0.000000	-1840.677954	0.000000	-1108.748983
0.000000	0.000000	200.000000	-3340.613641	1108.748983	0.000000
0.000000	-1840.677954	-3340.613641	195662.160395	-30111.655809	26364.177386
1840.677954	0.000000	1108.748983	-30111.655809	180693.946121	38614.282949
3340.613641	-1108.748983	0.000000	26364.177386	38614.282949	328875.548540
64	1700	1770
200.000000	0.000000	0.000000	0.000000	2300.849117	1204.601066
0.000000	200.000000	0.000000	-2300.849117	0.000000	2743.402081
0.000000	0.000000	200.000000	-1204.601066	-2743.402081	0.000000
0.000000	-2300.849117	-1204.601066	162696.299040	90396.669934	-38442.309388
2300.849117	0.000000	-2743.402081	90396.669934	318422.582621	14321.909182
1204.601066	2743.402081	0.000000	-38442.309388	14321.909182	389724.570144
775	989	1770
200.000000	0.000000	0.000000	0.000000	1863.175634	3271.295860
0.000000	200.000000	0.000000	-1863.175634	0.000000	-2875.139227
0.000000	0.000000	200.000000	-3271.295860	2875.139227	0.000000
0.000000	-1863.175634	-3271.295860	178894.757306	-69958.738546	33610.016394
1863.175634	0.000000	2875.139227	-69958.738546	155706.769845	39308.588185
3271.295860	-2875.139227	0.000000	33610.016394	39308.588185	277459.808618
25	1739	1770
200.000000	0.000000	0.000000	0.000000	1074.206007	-1968.750403
0.000000	200.000000	0.000000	-1074.206007	0.000000	-844.584157
0.000000	0.000000	200.000000	1968.750403	844.584157	0.000000
0.000000	-1074.206007	1968.750403	90711.426503	-39764.502373	5594.550733
1074.206007	0.000000	844.584157	-39764.502373	151401.756698	-9380.443644
-1968.750403	-844.584157	0.000000	5594.550733	-9380.443644	220511.854638
86	1678	1770
200.000000	0.000000	0.000000	0.000000	927.609979	-3314.468005
0.000000	200.000000	0.000000	-927.609979	0.000000	2988.962561
0.000000	0.000000	200.000000	3314.468005	-2988.962561	0.000000
0.000000	-927.609979	3314.468005	195623.845910	-11145.756705	-13232.790340
927.609979	0.000000	-2988.962561	-11145.756705	126747.761982	-10717.964609
-3314.468005	2988.962561	0.000000	-13232.790340	-10717.964609	306352.848917
828	1696	1770
200.000000	0.000000	0.000000	0.000000	1831.072079	3226.118928
0.000000	200.000000	0.000000	-1831.072079	0.000000	4141.289854
0.000000	0.000000	200.000000	-3226.118928	-4141.289854	0.000000
0.000000	-1831.072079	-3226.118928	150003.050785	55486.051896	-52144.328340
1831.072079	0.000000	-4141.289854	55486.051896	257183.311870	19827.589146
3226.118928	4141.289854	0.000000	-52144.328340	19827.589146	321558.163890
736	1028	1770
200.000000	0.000000	0.000000	0.000000	1533.967355	975.393675
0.000000	200.000000	0.000000	-1533.967355	0.000000	-693.194864
0.000000	0.000000	200.000000	-975.393675	693.194864	0.000000
0.000000	-1533.967355	-975.393675	127843.552023	1445.650441	8149.257860
1533.967355	0.000000	693.194864	1445.650441	241177.312212	8421.227939
975.393675	-693.194864	0.000000	8149.257860	8421.227939	330569.394903
24	1740	1770
200.000000	0.000000	0.000000	0.000000	1064.868229	-2031.490292
0.000000	200.000000	0.000000	-1064.868229	0.000000	43.138577
0.000000	0.000000	200.000000	2031.490292	-43.138577	0.000000
0.000000	-1064.868229	2031.490292	107274.249851	-67959.059201	7176.519408
1064.868229	0.000000	-43.138577	-67959.059201	167176.533370	-8150.955743
-2031.490292	43.138577	0.000000	7176.519408	-8150.955743	253389.678141
1265	1740	1770
200.000000	0.000000	0.000000	0.000000	998.324743	-1488.453636
0.000000	200.000000	0.000000	-998.324743	0.000000	-354.884655
0.000000	0.000000	200.000000	1488.453636	354.884655	0.000000
0.000000	-998.324743	1488.453636	108144.325452	-60124.684925	-328.659598
998.324743	0.000000	354.884655	-60124.684925	162522.661346	-6901.683810
-1488.453636	-354.884655	0.000000	-328.659598	-6901.683810	250654.512684
549	1215	1770
200.000000	0.000000	0.000000	0.000000	1148.370073	-2861.692329
0.000000	200.000000	0.000000	-1148.370073	0.000000	-729.248685
0.000000	0.000000	200.000000	2861.692329	729.248685	0.000000
0.000000	-1148.370073	2861.692329	122217.555559	49418.413138	3128.438907
1148.370073	0.000000	729.248685	49418.413138	142623.448353	-19961.004339
-2861.692329	-729.248685	0.000000	3128.438907	-19961.004339	245054.909350
92	1672	1770
200.000000	0.000000	0.000000	0.000000	2551.345594	2579.444148
0.000000	200.000000	0.000000	-2551.345594	0.000000	-3679.429266
0.000000	0.000000	200.000000	-2579.444148	3679.429266	0.000000
0.000000	-2551.345594	-2579.444148	126355.203205	-117551.301326	28549.122890
2551.345594	0.000000	3679.429266	-117551.301326	320136.492053	25230.201088
2579.444148	-3679.429266	0.000000	28549.122890	25230.201088	370189.013103
19	1745	1770
200.000000	0.000000	0.000000	0.000000	1053.066404	-1389.497825
0.000000	200.000000	0.000000	-1053.066404	0.000000	455.487850
0.000000	0.000000	200.000000	1389.497825	-455.487850	0.000000
0.000000	-1053.066404	1389.497825	133260.021941	-2517.090423	-1146.554065
1053.066404	0.000000	-455.487850	-2517.090423	52683.044214	458.765667
-1389.497825	455.487850	0.000000	-1146.554065	458.765667	163109.312838
91	1673	1770
200.000000	0.000000	0.000000	0.000000	2574.203503	4121.282554
0.000000	200.000000	0.000000	-2574.203503	0.000000	1689.620013
0.000000	0.000000	200.000000	-4121.282554	-1689.620013	0.000000
0.000000	-2574.203503	-4121.282554	197151.230953	-64175.496660	-15925.913820
2574.203503	0.000000	-1689.620013	-64175.496660	279711.919232	57871.794656
4121.282554	1689.620013	0.000000	-15925.913820	57871.794656	397846.023990
806	958	1770
200.000000	0.000000	0.000000	0.000000	1731.414815	-810.530895
0.000000	200.000000	0.000000	-1731.414815	0.000000	4876.763032
0.000000	0.000000	200.000000	810.530895	-4876.763032	0.000000
0.000000	-1731.414815	810.530895	144200.824187	-52104.460060	-42098.556964
1731.414815	0.000000	-4876.763032	-52104.460060	290396.664142	1967.054200
-810.530895	4876.763032	0.000000	-42098.556964	1967.054200	393317.545908
737	1027	1770
200.000000	0.000000	0.000000	0.000000	1420.990233	-77.369453
0.000000	200.000000	0.000000	-1420.990233	0.000000	-1528.605758
0.000000	0.000000	200.000000	77.369453	1528.605758	0.000000
0.000000	-1420.990233	77.369453	105095.651630	-3370.243702	13013.438790
1420.990233	0.000000	1528.605758	-3370.243702	229523.908509	-5910.734741
-77.369453	-1528.605758	0.000000	13013.438790	-5910.734741	301424.218451
63	1701	1770
200.000000	0.000000	0.000000	0.000000	2736.262263	-931.500731
0.000000	200.000000	0.000000	-2736.262263	0.000000	-2517.523037
0.000000	0.000000	200.000000	931.500731	2517.523037	0.000000
0.000000	-2736.262263	931.500731	181486.507162	122905.729324	56981.210665
2736.262263	0.000000	2517.523037	122905.729324	310535.254725	-17443.641354
-931.500731	-2517.523037	0.000000	56981.210665	-17443.641354	378397.773684
658	1106	1770
200.000000	0.000000	0.000000	0.000000	2005.226701	-3189.209186
0.000000	200.000000	0.000000	-2005.226701	0.000000	-317.171586
0.000000	0.000000	200.000000	3189.209186	317.171586	0.000000
0.000000	-2005.226701	3189.209186	222868.280933	-16426.067308	-1831.786831
2005.226701	0.000000	317.171586	-16426.067308	128684.010215	-44201.377142
-3189.209186	-317.171586	0.000000	-1831.786831	-44201.377142	289292.266387
807	957	1770
200.000000	0.000000	0.000000	0.000000	1464.981634	-262.446605
0.000000	200.000000	0.000000	-1464.981634	0.000000	-2340.591141
0.000000	0.000000	200.000000	262.446605	2340.591141	0.000000
0.000000	-1464.981634	262.446605	159395.405074	47434.816349	13641.036779
1464.981634	0.000000	2340.591141	47434.816349	189843.109894	7695.740669
-262.446605	-2340.591141	0.000000	13641.036779	7695.740669	314360.701484
732	1032	1770
200.000000	0.000000	0.000000	0.000000	1328.859556	-2331.731790
0.000000	200.000000	0.000000	-1328.859556	0.000000	1670.643961
0.000000	0.000000	200.000000	2331.731790	-1670.643961	0.000000
0.000000	-1328.859556	2331.731790	112147.147145	-26538.659572	-8542.486842
1328.859556	0.000000	-1670.643961	-26538.659572	148625.316410	-19395.598021
-2331.731790	1670.643961	0.000000	-8542.486842	-19395.598021	233806.914870
817	947	1770
200.000000	0.000000	0.000000	0.000000	2133.019780	-997.321208
0.000000	200.000000	0.000000	-2133.019780	0.000000	4405.758511
0.000000	0.000000	200.000000	997.321208	-4405.758511	0.000000
0.000000	-2133.019780	997.321208	77959.953289	-16781.297388	-51811.569797
2133.019780	0.000000	-4405.758511	-16781.297388	167564.786019	-11768.723188
-997.321208	4405.758511	0.000000	-51811.569797	-11768.723188	185644.923502
69	1695	1770
200.000000	0.000000	0.000000	0.000000	1905.403185	566.830974
0.000000	200.000000	0.000000	-1905.403185	0.000000	4314.283368
0.000000	0.000000	200.000000	-566.830974	-4314.283368	0.000000
0.000000	-1905.403185	-566.830974	153293.222882	29907.648507	-52897.706678
1905.403185	0.000000	-4314.283368	29907.648507	245819.420356	-5731.998047
566.830974	4314.283368	0.000000	-52897.706678	-5731.998047	319363.484047
29	1260	1770
200.000000	0.000000	0.000000	0.000000	1117.615584	-1545.561636
0.000000	200.000000	0.000000	-1117.615584	0.000000	-310.182886
0.000000	0.000000	200.000000	1545.561636	310.182886	0.000000
0.000000	-1117.615584	1545.561636	104262.178842	-58577.424858	768.856765
1117.615584	0.000000	310.182886	-58577.424858	203524.830568	-14072.652776
-1545.561636	-310.182886	0.000000	768.856765	-14072.652776	281405.562926
233	1530	1770
200.000000	0.000000	0.000000	0.000000	883.485321	-207.468645
0.000000	200.000000	0.000000	-883.485321	0.000000	1183.914673
0.000000	0.000000	200.000000	207.468645	-1183.914673	0.000000
0.000000	-883.485321	207.468645	212534.421809	10010.228049	-4865.377655
883.485321	0.000000	-1183.914673	10010.228049	54879.304882	-12800.914731
-207.468645	1183.914673	0.000000	-4865.377655	-12800.914731	249454.382091
25	1264	1770
200.000000	0.000000	0.000000	0.000000	1032.461191	-1508.261450
0.000000	200.000000	0.000000	-1032.461191	0.000000	-459.845389
0.000000	0.000000	200.000000	1508.261450	459.845389	0.000000
0.000000	-1032.461191	1508.261450	97081.474215	-41046.165770	3095.744953
1032.461191	0.000000	459.845389	-41046.165770	140240.226091	-4603.757738
-1508.261450	-459.845389	0.000000	3095.744953	-4603.757738	215875.649364
66	1698	1770
200.000000	0.000000	0.000000	0.000000	2643.597068	-1941.365242
0.000000	200.000000	0.000000	-2643.597068	0.000000	4881.484452
0.000000	0.000000	200.000000	1941.365242	-4881.484452	0.000000
0.000000	-2643.597068	1941.365242	188914.796419	-80730.330961	-89014.194621
2643.597068	0.000000	-4881.484452	-80730.330961	315106.740995	-40383.885021
-1941.365242	4881.484452	0.000000	-89014.194621	-40383.885021	378801.694956
84	1680	1770
200.000000	0.000000	0.000000	0.000000	1116.542936	-1018.113981
0.000000	200.000000	0.000000	-1116.542936	0.000000	710.476211
0.000000	0.000000	200.000000	1018.113981	-710.476211	0.000000
0.000000	-1116.542936	1018.113981	151881.269695	35821.206324	10397.532436
1116.542936	0.000000	-710.476211	35821.206324	119340.499724	-12932.442037
-1018.113981	710.476211	0.000000	10397.532436	-12932.442037	245087.296062
99	1665	1770
200.000000	0.000000	0.000000	0.000000	2639.912230	-1191.330041
0.000000	200.000000	0.000000	-2639.912230	0.000000	319.423201
0.000000	0.000000	200.000000	1191.330041	-319.423201	0.000000
0.000000	-2639.912230	1191.330041	239604.417721	23652.692596	-7779.867436
2639.912230	0.000000	-319.423201	23652.692596	223085.394178	-18176.837161
-1191.330041	319.423201	0.000000	-7779.867436	-18176.837161	386979.277727
849	915	1770
200.000000	0.000000	0.000000	0.000000	1035.794041	-1045.377806
0.000000	200.000000	0.000000	-1035.794041	0.000000	2012.543529
0.000000	0.000000	200.000000	1045.377806	-2012.543529	0.000000
0.000000	-1035.794041	1045.377806	170483.859941	50280.924704	5892.209355
1035.794041	0.000000	-2012.543529	50280.924704	131036.272278	-16686.110211
-1045.377806	2012.543529	0.000000	5892.209355	-16686.110211	278828.526698
58	1706	1770
200.000000	0.000000	0.000000	0.000000	2261.249888	-4766.185425
0.000000	200.000000	0.000000	-2261.249888	0.000000	4531.218556
0.000000	0.000000	200.000000	4766.185425	-4531.218556	0.000000
0.000000	-2261.249888	4766.185425	274226.180825	-140534.997603	-57908.022289
2261.249888	0.000000	-4531.218556	-140534.997603	181277.543535	-51054.547593
-4766.185425	4531.218556	0.000000	-57908.022289	-51054.547593	388175.203674
778	986	1770
200.000000	0.000000	0.000000	0.000000	1212.561487	-745.098250
0.000000	200.000000	0.000000	-1212.561487	0.000000	-1765.511170
0.000000	0.000000	200.000000	745.098250	1765.511170	0.000000
0.000000	-1212.561487	745.098250	112707.703226	26432.607343	14921.610658
1212.561487	0.000000	1765.511170	26432.607343	195228.367261	-8872.124629
-745.098250	-1765.511170	0.000000	14921.610658	-8872.124629	283318.972336
26	1738	1770
200.000000	0.000000	0.000000	0.000000	996.831390	-1548.339549
0.000000	200.000000	0.000000	-996.831390	0.000000	-1991.032449
0.000000	0.000000	200.000000	1548.339549	1991.032449	0.000000
0.000000	-996.831390	1548.339549	74312.122487	-31085.130073	9339.449948
996.831390	0.000000	1991.032449	-31085.130073	185765.916137	-9864.096794
-1548.339549	-1991.032449	0.000000	9339.449948	-9864.096794	241519.356910
1264	1739	1770
200.000000	0.000000	0.000000	0.000000	1084.667881	-1408.516294
0.000000	200.000000	0.000000	-1084.667881	0.000000	-615.649610
0.000000	0.000000	200.000000	1408.516294	615.649610	0.000000
0.000000	-1084.667881	1408.516294	98194.893400	-36296.062674	972.700810
1084.667881	0.000000	615.649610	-36296.062674	150296.495049	-6464.857984
-1408.516294	-615.649610	0.000000	972.700810	-6464.857984	226695.805735
1270	1745	1770
200.000000	0.000000	0.000000	0.000000	1101.769991	-1248.536400
0.000000	200.000000	0.000000	-1101.769991	0.000000	1422.347336
0.000000	0.000000	200.000000	1248.536400	-1422.347336	0.000000
0.000000	-1101.769991	1248.536400	128574.515072	-20069.317430	-7770.345027
1101.769991	0.000000	-1422.347336	-20069.317430	82056.138083	-2112.581078
-1248.536400	1422.347336	0.000000	-7770.345027	-2112.581078	187267.707314
596	1168	1770
200.000000	0.000000	0.000000	0.000000	1590.594301	-3204.655894
0.000000	200.000000	0.000000	-1590.594301	0.000000	-1428.807522
0.000000	0.000000	200.000000	3204.655894	1428.807522	0.000000
0.000000	-1590.594301	3204.655894	176694.275011	45349.740195	17634.312930
1590.594301	0.000000	1428.807522	45349.740195	188870.146584	-28281.939101
-3204.655894	-1428.807522	0.000000	17634.312930	-28281.939101	329331.323424
728	1036	1770
200.000000	0.000000	0.000000	0.000000	1706.135293	4730.569105
0.000000	200.000000	0.000000	-1706.135293	0.000000	-958.783126
0.000000	0.000000	200.000000	-4730.569105	958.783126	0.000000
0.000000	-1706.135293	-4730.569105	183658.337115	-41857.388384	3053.947267
1706.135293	0.000000	958.783126	-41857.388384	130158.313100	41858.107903
4730.569105	-958.783126	0.000000	3053.947267	41858.107903	265706.753689
31	1258	1770
200.000000	0.000000	0.000000	0.000000	969.380146	-966.094892
0.000000	200.000000	0.000000	-969.380146	0.000000	-384.015403
0.000000	0.000000	200.000000	966.094892	384.015403	0.000000
0.000000	-969.380146	966.094892	90204.429226	-43703.693824	3551.598620
969.380146	0.000000	384.015403	-43703.693824	182510.137684	-5210.642890
-966.094892	-384.015403	0.000000	3551.598620	-5210.642890	248784.348030
549	1214	1770
200.000000	0.000000	0.000000	0.000000	1042.745855	-2109.877768
0.000000	200.000000	0.000000	-1042.745855	0.000000	-130.176330
0.000000	0.000000	200.000000	2109.877768	130.176330	0.000000
0.000000	-1042.745855	2109.877768	100999.551166	38866.269517	-1213.479566
1042.745855	0.000000	130.176330	38866.269517	141461.075514	-14661.274312
-2109.877768	-130.176330	0.000000	-1213.479566	-14661.274312	225758.346320
98	1666	1770
200.000000	0.000000	0.000000	0.000000	2299.932611	-557.434590
0.000000	200.000000	0.000000	-2299.932611	0.000000	-2123.614986
0.000000	0.000000	200.000000	557.434590	2123.614986	0.000000
0.000000	-2299.932611	557.434590	96187.222874	46446.367645	11076.074589
2299.932611	0.000000	2123.614986	46446.367645	300915.768045	-2874.992337
-557.434590	-2123.614986	0.000000	11076.074589	-2874.992337	334845.430761
784	980	1770
200.000000	0.000000	0.000000	0.000000	1676.372347	2117.403197
0.000000	200.000000	0.000000	-1676.372347	0.000000	-1143.879306
0.000000	0.000000	200.000000	-2117.403197	1143.879306	0.000000
0.000000	-1676.372347	-2117.403197	222439.637545	-26549.456604	17134.010279
1676.372347	0.000000	1143.879306	-26549.456604	176349.883054	27546.281366
2117.403197	-1143.879306	0.000000	17134.010279	27546.281366	359227.916207
550	1214	1770
200.000000	0.000000	0.000000	0.000000	1071.787224	-3325.636394
0.000000	200.000000	0.000000	-1071.787224	0.000000	71.148544
0.000000	0.000000	200.000000	3325.636394	-71.148544	0.000000
0.000000	-1071.787224	3325.636394	140666.616120	41305.426656	-2397.517918
1071.787224	0.000000	-71.148544	41305.426656	133185.829468	-22303.495934
-3325.636394	71.148544	0.000000	-2397.517918	-22303.495934	256468.210155
558	1206	1770
200.000000	0.000000	0.000000	0.000000	1574.736390	-238.472651
0.000000	200.000000	0.000000	-1574.736390	0.000000	1923.507726
0.000000	0.000000	200.000000	238.472651	-1923.507726	0.000000
0.000000	-1574.736390	238.472651	126044.755402	22210.911390	-3049.374217
1574.736390	0.000000	-1923.507726	22210.911390	171990.623168	-15060.502877
-238.472651	1923.507726	0.000000	-3049.374217	-15060.502877	256265.871140
740	1024	1770
200.000000	0.000000	0.000000	0.000000	1463.355797	-356.649758
0.000000	200.000000	0.000000	-1463.355797	0.000000	-230.497747
0.000000	0.000000	200.000000	356.649758	230.497747	0.000000
0.000000	-1463.355797	356.649758	163129.785857	-34665.892062	9767.344333
1463.355797	0.000000	230.497747	-34665.892062	167838.488449	-9877.449005
-356.649758	-230.497747	0.000000	9767.344333	-9877.449005	298088.984853
831	1693	1770
200.000000	0.000000	0.000000	0.000000	1150.136470	-592.736197
0.000000	200.000000	0.000000	-1150.136470	0.000000	4289.613711
0.000000	0.000000	200.000000	592.736197	-4289.613711	0.000000
0.000000	-1150.136470	592.736197	161103.282114	7955.621794	-25322.966232
1150.136470	0.000000	-4289.613711	7955.621794	214063.248693	8159.825094
-592.736197	4289.613711	0.000000	-25322.966232	8159.825094	338744.585641
55	1709	1770
200.000000	0.000000	0.000000	0.000000	2350.616937	4348.654097
0.000000	200.000000	0.000000	-2350.616937	0.000000	5779.017043
0.000000	0.000000	200.000000	-4348.654097	-5779.017043	0.000000
0.000000	-2350.616937	-4348.654097	176588.142825	126040.779969	-70920.022549
2350.616937	0.000000	-5779.017043	126040.779969	269734.030485	50047.023777
4348.654097	5779.017043	0.000000	-70920.022549	50047.023777	374625.567881
27	1737	1770
200.000000	0.000000	0.000000	0.000000	1064.037782	-816.292776
0.000000	200.000000	0.000000	-1064.037782	0.000000	-2215.851012
0.000000	0.000000	200.000000	816.292776	2215.851012	0.000000
0.000000	-1064.037782	816.292776	66412.192889	-20981.488176	11322.663550
1064.037782	0.000000	2215.851012	-20981.488176	219929.578606	-2754.814714
-816.292776	-2215.851012	0.000000	11322.663550	-2754.814714	267005.848291
59	1705	1770
200.000000	0.000000	0.000000	0.000000	1924.921733	-2442.559541
0.000000	200.000000	0.000000	-1924.921733	0.000000	2056.617131
0.000000	0.000000	200.000000	2442.559541	-2056.617131	0.000000
0.000000	-1924.921733	2442.559541	247595.170938	-84124.869766	-30822.094194
1924.921733	0.000000	-2056.617131	-84124.869766	187279.457842	-22515.661205
-2442.559541	2056.617131	0.000000	-30822.094194	-22515.661205	375375.572271
742	1022	1770
200.000000	0.000000	0.000000	0.000000	1291.575057	706.238678
0.000000	200.000000	0.000000	-1291.575057	0.000000	848.375619
0.000000	0.000000	200.000000	-706.238678	-848.375619	0.000000
0.000000	-1291.575057	-706.238678	183259.807433	8256.041002	546.069776
1291.575057	0.000000	-848.375619	8256.041002	155328.285897	-10964.841524
706.238678	848.375619	0.000000	546.069776	-10964.841524	311044.372650
823	941	1770
200.000000	0.000000	0.000000	0.000000	2806.162977	-954.349575
0.000000	200.000000	0.000000	-2806.162977	0.000000	-3836.695177
0.000000	0.000000	200.000000	954.349575	3836.695177	0.000000
0.000000	-2806.162977	954.349575	171259.995017	76297.505265	78995.763510
2806.162977	0.000000	3836.695177	76297.505265	319913.066157	-16967.264792
-954.349575	-3836.695177	0.000000	78995.763510	-16967.264792	374008.971759
816	948	1770
200.000000	0.000000	0.000000	0.000000	2218.868487	4006.711123
0.000000	200.000000	0.000000	-2218.868487	0.000000	5294.797657
0.000000	0.000000	200.000000	-4006.711123	-5294.797657	0.000000
0.000000	-2218.868487	-4006.711123	190120.016282	111941.162433	-63939.664784
2218.868487	0.000000	-5294.797657	111941.162433	206104.594943	42134.054950
4006.711123	5294.797657	0.000000	-63939.664784	42134.054950	330389.539941
881	885	1770
200.000000	0.000000	0.000000	0.000000	755.984359	-290.899631
0.000000	200.000000	0.000000	-755.984359	0.000000	-253.932671
0.000000	0.000000	200.000000	290.899631	253.932671	0.000000
0.000000	-755.984359	290.899631	148990.725511	-37472.885982	-1605.432464
755.984359	0.000000	253.932671	-37472.885982	138940.909257	-5469.739435
-290.899631	-253.932671	0.000000	-1605.432464	-5469.739435	273174.082980
67	1697	1770
200.000000	0.000000	0.000000	0.000000	1682.936268	-208.304952
0.000000	200.000000	0.000000	-1682.936268	0.000000	3859.023359
0.000000	0.000000	200.000000	208.304952	-3859.023359	0.000000
0.000000	-1682.936268	208.304952	243481.874554	-57013.753701	-51000.264992
1682.936268	0.000000	-3859.023359	-57013.753701	254146.942313	-9811.956848
-208.304952	3859.023359	0.000000	-51000.264992	-9811.956848	435073.361133
848	1680	1770
200.000000	0.000000	0.000000	0.000000	1126.849654	-3481.728704
0.000000	200.000000	0.000000	-1126.849654	0.000000	1884.655800
0.000000	0.000000	200.000000	3481.728704	-1884.655800	0.000000
0.000000	-1126.849654	3481.728704	203274.972281	29799.406382	5372.034342
1126.849654	0.000000	-1884.655800	29799.406382	135970.894101	-28764.332799
-3481.728704	1884.655800	0.000000	5372.034342	-28764.332799	315225.319556
730	1034	1770
200.000000	0.000000	0.000000	0.000000	1386.896340	466.189274
0.000000	200.000000	0.000000	-1386.896340	0.000000	1571.498515
0.000000	0.000000	200.000000	-466.189274	-1571.498515	0.000000
0.000000	-1386.896340	-466.189274	64461.937023	-2157.836352	-5019.686267
1386.896340	0.000000	-1571.498515	-2157.836352	249837.149691	2512.724394
466.189274	1571.498515	0.000000	-5019.686267	2512.724394	282567.587331
612	1152	1770
200.000000	0.000000	0.000000	0.000000	416.786765	176.188097
0.000000	200.000000	0.000000	-416.786765	0.000000	52.379758
0.000000	0.000000	200.000000	-176.188097	-52.379758	0.000000
0.000000	-416.786765	-176.188097	154121.366529	43680.403503	-166.573608
416.786765	0.000000	-52.379758	43680.403503	78753.006539	-468.560906
176.188097	52.379758	0.000000	-166.573608	-468.560906	225197.932768
733	1031	1770
200.000000	0.000000	0.000000	0.000000	1305.041087	-2286.749600
0.000000	200.000000	0.000000	-1305.041087	0.000000	1521.885810
0.000000	0.000000	200.000000	2286.749600	-1521.885810	0.000000
0.000000	-1305.041087	2286.749600	156148.531483	-62067.298090	-6449.123425
1305.041087	0.000000	-1521.885810	-62067.298090	143152.752837	-19655.454234
-2286.749600	1521.885810	0.000000	-6449.123425	-19655.454234	274727.910606
76	1688	1770
200.000000	0.000000	0.000000	0.000000	1005.757625	310.312906
0.000000	200.000000	0.000000	-1005.757625	0.000000	1229.139756
0.000000	0.000000	200.000000	-310.312906	-1229.139756	0.000000
0.000000	-1005.757625	-310.312906	139031.125223	30886.549319	-9386.508728
1005.757625	0.000000	-1229.139756	30886.549319	98518.737473	-8920.874952
310.312906	1229.139756	0.000000	-9386.508728	-8920.874952	216787.413489
19	1270	1770
200.000000	0.000000	0.000000	0.000000	1071.416193	-1018.056755
0.000000	200.000000	0.000000	-1071.416193	0.000000	728.060584
0.000000	0.000000	200.000000	1018.056755	-728.060584	0.000000
0.000000	-1071.416193	1018.056755	142312.173518	-15942.389679	-2248.438029
1071.416193	0.000000	-728.060584	-15942.389679	61221.738629	2344.791638
-1018.056755	728.060584	0.000000	-2248.438029	2344.791638	180186.250219
96	1668	1770
200.000000	0.000000	0.000000	0.000000	2078.241766	1017.675918
0.000000	200.000000	0.000000	-2078.241766	0.000000	-7134.485036
0.000000	0.000000	200.000000	-1017.675918	7134.485036	0.000000
0.000000	-2078.241766	-1017.675918	150476.048423	-4580.737177	75816.974383
2078.241766	0.000000	7134.485036	-4580.737177	343789.570900	7045.952781
1017.675918	-7134.485036	0.000000	75816.974383	7045.952781	442078.313178
787	977	1770
200.000000	0.000000	0.000000	0.000000	1327.161154	574.751970
0.000000	200.000000	0.000000	-1327.161154	0.000000	228.599332
0.000000	0.000000	200.000000	-574.751970	-228.599332	0.000000
0.000000	-1327.161154	-574.751970	179377.689064	-3733.147848	1793.167794
1327.161154	0.000000	-228.599332	-3733.147848	142799.198560	4378.329359
574.751970	228.599332	0.000000	1793.167794	4378.329359	295805.455215
811	953	1770
200.000000	0.000000	0.000000	0.000000	1616.751280	-816.625353
0.000000	200.000000	0.000000	-1616.751280	0.000000	4003.383047
0.000000	0.000000	200.000000	816.625353	-4003.383047	0.000000
0.000000	-1616.751280	816.625353	137704.725415	9583.868592	-43773.631487
1616.751280	0.000000	-4003.383047	9583.868592	204729.847116	-4852.464788
-816.625353	4003.383047	0.000000	-43773.631487	-4852.464788	297215.021090
760	1004	1770
200.000000	0.000000	0.000000	0.000000	1187.308163	427.310449
0.000000	200.000000	0.000000	-1187.308163	0.000000	842.617148
0.000000	0.000000	200.000000	-427.310449	-842.617148	0.000000
0.000000	-1187.308163	-427.310449	184618.626289	61703.942723	-9456.759349
1187.308163	0.000000	-842.617148	61703.942723	104093.603939	-505.960947
427.310449	842.617148	0.000000	-9456.759349	-505.960947	266500.930114
85	1679	1770
200.000000	0.000000	0.000000	0.000000	900.181275	-1105.081435
0.000000	200.000000	0.000000	-900.181275	0.000000	2822.367019
0.000000	0.000000	200.000000	1105.081435	-2822.367019	0.000000
0.000000	-900.181275	1105.081435	198654.834644	26897.898064	-11139.111228
900.181275	0.000000	-2822.367019	26897.898064	113692.505762	1245.838066
-1105.081435	2822.367019	0.000000	-11139.111228	1245.838066	296095.723790
643	1119	1770
200.000000	0.000000	0.000000	0.000000	1087.712126	1718.499793
0.000000	200.000000	0.000000	-1087.712126	0.000000	-712.672588
0.000000	0.000000	200.000000	-1718.499793	712.672588	0.000000
0.000000	-1087.712126	-1718.499793	154655.501606	30732.745628	266.045875
1087.712126	0.000000	712.672588	30732.745628	191486.846756	24867.884822
1718.499793	-712.672588	0.000000	266.045875	24867.884822	316884.360596
310	1454	1770
200.000000	0.000000	0.000000	0.000000	2615.847852	5508.430441
0.000000	200.000000	0.000000	-2615.847852	0.000000	639.481098
0.000000	0.000000	200.000000	-5508.430441	-639.481098	0.000000
0.000000	-2615.847852	-5508.430441	256369.558059	-35908.263600	-14094.450557
2615.847852	0.000000	-639.481098	-35908.263600	131372.926821	67026.288381
5508.430441	639.481098	0.000000	-14094.450557	67026.288381	314285.306280
916	1680	1770
200.000000	0.000000	0.000000	0.000000	1034.390579	-3994.855678
0.000000	200.000000	0.000000	-1034.390579	0.000000	3351.812121
0.000000	0.000000	200.000000	3994.855678	-3351.812121	0.000000
0.000000	-1034.390579	3994.855678	201612.634865	-1681.978182	-13182.670097
1034.390579	0.000000	-3351.812121	-1681.978182	151825.760918	-16925.259218
-3994.855678	3351.812121	0.000000	-13182.670097	-16925.259218	334519.889013
1262	1737	1770
200.000000	0.000000	0.000000	0.000000	997.388741	-534.849110
0.000000	200.000000	0.000000	-997.388741	0.000000	-2215.292212
0.000000	0.000000	200.000000	534.849110	2215.292212	0.000000
0.000000	-997.388741	534.849110	63806.009146	-19616.073466	10126.398979
997.388741	0.000000	2215.292212	-19616.073466	257451.190603	1087.959486
-534.849110	-2215.292212	0.000000	10126.398979	1087.959486	301768.168614
84	916	1770
200.000000	0.000000	0.000000	0.000000	1182.844027	6.768297
0.000000	200.000000	0.000000	-1182.844027	0.000000	-689.463789
0.000000	0.000000	200.000000	-6.768297	689.463789	0.000000
0.000000	-1182.844027	-6.768297	141232.713870	46351.974477	22411.192073
1182.844027	0.000000	689.463789	46351.974477	118070.641702	-15365.226466
6.768297	-689.463789	0.000000	22411.192073	-15365.226466	231271.654104
1292	1295	1770
200.000000	0.000000	0.000000	0.000000	228.866502	1007.536853
0.000000	200.000000	0.000000	-228.866502	0.000000	-1052.776268
0.000000	0.000000	200.000000	-1007.536853	1052.776268	0.000000
0.000000	-228.866502	-1007.536853	81756.252627	-93620.466730	2208.742910
228.866502	0.000000	1052.776268	-93620.466730	139774.381294	2562.177255
1007.536853	-1052.776268	0.000000	2208.742910	2562.177255	217595.382557
879	881	1770
200.000000	0.000000	0.000000	0.000000	786.883487	1027.293600
0.000000	200.000000	0.000000	-786.883487	0.000000	-1725.701644
0.000000	0.000000	200.000000	-1027.293600	1725.701644	0.000000
0.000000	-786.883487	-1027.293600	110146.805848	10073.593924	7994.429597
786.883487	0.000000	1725.701644	10073.593924	126905.612876	9898.443078
1027.293600	-1725.701644	0.000000	7994.429597	9898.443078	220442.142234
656	1108	1770
200.000000	0.000000	0.000000	0.000000	1983.589713	321.076916
0.000000	200.000000	0.000000	-1983.589713	0.000000	-92.280905
0.000000	0.000000	200.000000	-321.076916	92.280905	0.000000
0.000000	-1983.589713	-321.076916	220882.468806	-38998.426379	-872.878653
1983.589713	0.000000	92.280905	-38998.426379	142725.844891	8434.036544
321.076916	-92.280905	0.000000	-872.878653	8434.036544	299608.721152
22	1267	1770
200.000000	0.000000	0.000000	0.000000	998.291099	-756.651939
0.000000	200.000000	0.000000	-998.291099	0.000000	-305.490900
0.000000	0.000000	200.000000	756.651939	305.490900	0.000000
0.000000	-998.291099	756.651939	94911.690386	-60365.787945	1274.916309
998.291099	0.000000	305.490900	-60365.787945	197149.100630	-1989.276903
-756.651939	-305.490900	0.000000	1274.916309	-1989.276903	266726.597146
860	904	1770
200.000000	0.000000	0.000000	0.000000	1184.477899	-240.626860
0.000000	200.000000	0.000000	-1184.477899	0.000000	-2454.341604
0.000000	0.000000	200.000000	240.626860	2454.341604	0.000000
0.000000	-1184.477899	240.626860	125263.643893	39677.640415	20795.964450
1184.477899	0.000000	2454.341604	39677.640415	157449.573121	3972.206494
-240.626860	-2454.341604	0.000000	20795.964450	3972.206494	262169.985549
234	1529	1770
200.000000	0.000000	0.000000	0.000000	671.847233	-1810.207370
0.000000	200.000000	0.000000	-671.847233	0.000000	71.939902
0.000000	0.000000	200.000000	1810.207370	-71.939902	0.000000
0.000000	-671.847233	1810.207370	136127.970149	11315.824566	459.888042
671.847233	0.000000	-71.939902	11315.824566	45902.428267	-11945.377780
-1810.207370	71.939902	0.000000	459.888042	-11945.377780	168210.926801
826	938	1770
200.000000	0.000000	0.000000	0.000000	2398.065083	-382.284082
0.000000	200.000000	0.000000	-2398.065083	0.000000	3386.932321
0.000000	0.000000	200.000000	382.284082	-3386.932321	0.000000
0.000000	-2398.065083	382.284082	180745.715043	-28215.160805	-68719.694368
2398.065083	0.000000	-3386.932321	-28215.160805	284958.416699	-21349.500083
-382.284082	3386.932321	0.000000	-68719.694368	-21349.500083	365974.835549
46	1718	1770
200.000000	0.000000	0.000000	0.000000	608.327978	-1231.834524
0.000000	200.000000	0.000000	-608.327978	0.000000	-1386.153837
0.000000	0.000000	200.000000	1231.834524	1386.153837	0.000000
0.000000	-608.327978	1231.834524	212903.890102	20275.239137	2569.109555
608.327978	0.000000	1386.153837	20275.239137	44806.403948	1755.152492
-1231.834524	-1386.153837	0.000000	2569.109555	1755.152492	247798.582729
643	1121	1770
200.000000	0.000000	0.000000	0.000000	1457.432242	3536.806595
0.000000	200.000000	0.000000	-1457.432242	0.000000	968.342116
0.000000	0.000000	200.000000	-3536.806595	-968.342116	0.000000
0.000000	-1457.432242	-3536.806595	204354.589472	34550.144928	-10758.551770
1457.432242	0.000000	-968.342116	34550.144928	188181.048206	40480.419646
3536.806595	968.342116	0.000000	-10758.551770	40480.419646	353636.309373
726	1038	1770
200.000000	0.000000	0.000000	0.000000	2335.541309	5518.632315
0.000000	200.000000	0.000000	-2335.541309	0.000000	1601.162643
0.000000	0.000000	200.000000	-5518.632315	-1601.162643	0.000000
0.000000	-2335.541309	-5518.632315	259582.731611	52509.632011	-21484.842005
2335.541309	0.000000	-1601.162643	52509.632011	93938.249756	64957.868846
5518.632315	1601.162643	0.000000	-21484.842005	64957.868846	289288.460758
57	1707	1770
200.000000	0.000000	0.000000	0.000000	2199.453151	-3228.063265
0.000000	200.000000	0.000000	-2199.453151	0.000000	4742.939404
0.000000	0.000000	200.000000	3228.063265	-4742.939404	0.000000
0.000000	-2199.453151	3228.063265	139493.780742	-79383.220274	-56969.575284
2199.453151	0.000000	-4742.939404	-79383.220274	190507.622488	-36246.906315
-3228.063265	4742.939404	0.000000	-56969.575284	-36246.906315	264426.310535
80	1684	1770
200.000000	0.000000	0.000000	0.000000	1345.766040	1248.013452
0.000000	200.000000	0.000000	-1345.766040	0.000000	-137.878978
0.000000	0.000000	200.000000	-1248.013452	137.878978	0.000000
0.000000	-1345.766040	-1248.013452	238832.613293	-51152.269250	11822.516461
1345.766040	0.000000	137.878978	-51152.269250	124168.294676	23837.463440
1248.013452	-137.878978	0.000000	11822.516461	23837.463440	326565.195657
545	1219	1770
200.000000	0.000000	0.000000	0.000000	2363.248671	3052.787116
0.000000	200.000000	0.000000	-2363.248671	0.000000	-2238.589988
0.000000	0.000000	200.000000	-3052.787116	2238.589988	0.000000
0.000000	-2363.248671	-3052.787116	200149.321286	-49670.885807	42583.191915
2363.248671	0.000000	2238.589988	-49670.885807	151721.181657	49231.996567
3052.787116	-2238.589988	0.000000	42583.191915	49231.996567	279241.520191
84	848	1770
200.000000	0.000000	0.000000	0.000000	1228.658630	-744.853789
0.000000	200.000000	0.000000	-1228.658630	0.000000	-39.940721
0.000000	0.000000	200.000000	744.853789	39.940721	0.000000
0.000000	-1228.658630	744.853789	133511.301899	60529.203109	18109.749753
1228.658630	0.000000	39.940721	60529.203109	126908.844577	-15883.630981
-744.853789	-39.940721	0.000000	18109.749753	-15883.630981	232174.097732
744	1020	1770
200.000000	0.000000	0.000000	0.000000	1482.924325	-559.909208
0.000000	200.000000	0.000000	-1482.924325	0.000000	-201.657914
0.000000	0.000000	200.000000	559.909208	201.657914	0.000000
0.000000	-1482.924325	559.909208	126059.241558	8304.785146	5469.210082
1482.924325	0.000000	201.657914	8304.785146	203942.648079	-16961.812673
-559.909208	-201.657914	0.000000	5469.210082	-16961.812673	297118.980807
628	1136	1770
200.000000	0.000000	0.000000	0.000000	1295.570064	-3124.358707
0.000000	200.000000	0.000000	-1295.570064	0.000000	1349.875183
0.000000	0.000000	200.000000	3124.358707	-1349.875183	0.000000
0.000000	-1295.570064	3124.358707	182731.768138	11718.911755	-17799.788916
1295.570064	0.000000	-1349.875183	11718.911755	73317.677882	-17077.198691
-3124.358707	1349.875183	0.000000	-17799.788916	-17077.198691	229189.759148
783	981	1770
200.000000	0.000000	0.000000	0.000000	1781.012046	3516.627936
0.000000	200.000000	0.000000	-1781.012046	0.000000	-1395.433737
0.000000	0.000000	200.000000	-3516.627936	1395.433737	0.000000
0.000000	-1781.012046	-3516.627936	274393.735236	-20162.579859	22718.129134
1781.012046	0.000000	1395.433737	-20162.579859	172726.076762	40368.001047
3516.627936	-1395.433737	0.000000	22718.129134	40368.001047	400981.578197
622	1142	1770
200.000000	0.000000	0.000000	0.000000	2025.820613	-3398.345535
0.000000	200.000000	0.000000	-2025.820613	0.000000	6084.651021
0.000000	0.000000	200.000000	3398.345535	-6084.651021	0.000000
0.000000	-2025.820613	3398.345535	182895.204178	-88156.947344	-74878.758210
2025.820613	0.000000	-6084.651021	-88156.947344	276182.203067	-32550.223520
-3398.345535	6084.651021	0.000000	-74878.758210	-32550.223520	392201.355451
829	1695	1770
200.000000	0.000000	0.000000	0.000000	1717.733670	1612.881558
0.000000	200.000000	0.000000	-1717.733670	0.000000	4580.841654
0.000000	0.000000	200.000000	-1612.881558	-4580.841654	0.000000
0.000000	-1717.733670	-1612.881558	161936.774455	42547.206957	-50982.210909
1717.733670	0.000000	-4580.841654	42547.206957	235256.720138	1271.690274
1612.881558	4580.841654	0.000000	-50982.210909	1271.690274	321348.456850
478	1286	1770
