24	1265	1770
0.999906	-0.000346	0.013690	1.100638
0.000299	0.999994	0.003420	0.509487
-0.013691	-0.003416	0.999900	-0.024460
0.000000	0.000000	0.000000	1.000000
781	983	1770
0.999908	-0.013596	0.000183	0.329243
0.013595	0.999900	0.003878	0.373257
-0.000236	-0.003875	0.999992	-0.009414
0.000000	0.000000	0.000000	1.000000
42	1722	1770
0.999983	0.004144	-0.004057	0.269643
-0.004076	0.999856	0.016476	-1.650476
0.004125	-0.016460	0.999856	0.069899
0.000000	0.000000	0.000000	1.000000
20	1269	1770
0.999960	0.008876	-0.001453	-2.952488
-0.008874	0.999959	0.001513	-0.598324
0.001467	-0.001500	0.999998	-0.011032
0.000000	0.000000	0.000000	1.000000
1119	1121	1770
0.999983	-0.004878	-0.003196	14.108840
0.004881	0.999988	0.001007	4.355303
0.003191	-0.001023	0.999994	0.239055
0.000000	0.000000	0.000000	1.000000
27	1262	1770
0.999919	-0.005120	0.011612	0.259502
0.005037	0.999962	0.007125	0.283968
-0.011648	-0.007066	0.999907	-0.017103
0.000000	0.000000	0.000000	1.000000
848	920	1770
0.999991	-0.004168	-0.000070	4.074836
0.004166	0.999772	-0.020923	9.658714
0.000157	0.020923	0.999781	0.063147
0.000000	0.000000	0.000000	1.000000
779	985	1770
0.999930	-0.011682	-0.002023	1.325061
0.011687	0.999929	0.002143	-0.455486
0.001998	-0.002166	0.999996	-0.015640
0.000000	0.000000	0.000000	1.000000
1118	1122	1770
0.999931	-0.010869	-0.004508	22.318361
0.010884	0.999935	0.003319	7.025162
0.004471	-0.003368	0.999984	0.441074
0.000000	0.000000	0.000000	1.000000
782	982	1770
0.999925	-0.012170	-0.001153	0.011149
0.012175	0.999916	0.004366	0.626144
0.001100	-0.004379	0.999990	-0.022263
0.000000	0.000000	0.000000	1.000000
64	1700	1770
0.999998	0.001980	-0.000442	0.121957
-0.001976	0.999968	0.007718	0.623344
0.000458	-0.007717	0.999970	0.008692
0.000000	0.000000	0.000000	1.000000
775	989	1770
0.999817	-0.002835	-0.018935	2.379269
0.003103	0.999895	0.014174	-1.321051
0.018893	-0.014230	0.999720	-0.142462
0.000000	0.000000	0.000000	1.000000
25	1739	1770
0.999980	-0.005192	0.003707	-0.839189
0.005174	0.999975	0.004917	-0.392298
-0.003733	-0.004898	0.999981	0.064397
0.000000	0.000000	0.000000	1.000000
86	1678	1770
0.999984	0.005517	0.000792	0.465889
-0.005510	0.999946	-0.008831	-0.021182
-0.000841	0.008827	0.999961	-0.050880
0.000000	0.000000	0.000000	1.000000
828	1696	1770
0.999994	0.001518	-0.003087	-0.006245
-0.001504	0.999987	0.004817	-2.762717
0.003094	-0.004813	0.999984	-0.059537
0.000000	0.000000	0.000000	1.000000
736	1028	1770
0.999902	-0.002387	0.013814	0.405708
0.002259	0.999955	0.009267	0.226648
-0.013835	-0.009235	0.999862	-0.000753
0.000000	0.000000	0.000000	1.000000
24	1740	1770
0.999992	-0.001062	0.003810	-0.283737
0.001058	0.999999	0.001233	-0.241132
-0.003811	-0.001229	0.999992	0.009592
0.000000	0.000000	0.000000	1.000000
1265	1740	1770
0.999951	-0.001948	-0.009662	-1.362940
0.001900	0.999986	-0.004894	-0.714242
0.009671	0.004876	0.999941	0.006887
0.000000	0.000000	0.000000	1.000000
549	1215	1770
0.999993	0.000059	0.003645	-1.340046
-0.000059	1.000000	-0.000035	1.784018
-0.003645	0.000034	0.999993	0.048627
0.000000	0.000000	0.000000	1.000000
92	1672	1770
0.999985	0.005335	0.001277	0.307845
-0.005321	0.999935	-0.010131	1.055503
-0.001331	0.010124	0.999948	-0.004200
0.000000	0.000000	0.000000	1.000000
19	1745	1770
0.999542	0.001171	0.030248	-1.387492
-0.002437	0.999121	0.041851	-2.290273
-0.030172	-0.041905	0.998666	0.116850
0.000000	0.000000	0.000000	1.000000
91	1673	1770
0.999987	0.004878	0.001559	0.211026
-0.004854	0.999873	-0.015152	0.748873
-0.001633	0.015144	0.999884	0.103440
0.000000	0.000000	0.000000	1.000000
806	958	1770
0.999701	-0.001878	0.024364	1.275899
0.002357	0.999804	-0.019659	-0.338850
-0.024322	0.019711	0.999510	-0.162530
0.000000	0.000000	0.000000	1.000000
737	1027	1770
0.999909	-0.003381	0.013031	0.782933
0.003371	0.999994	0.000796	0.334710
-0.013033	-0.000752	0.999915	0.033097
0.000000	0.000000	0.000000	1.000000
63	1701	1770
0.999999	0.001302	0.000551	0.207335
-0.001303	0.999997	0.002274	0.613512
-0.000548	-0.002274	0.999997	-0.007238
0.000000	0.000000	0.000000	1.000000
658	1106	1770
0.999971	-0.001334	0.007456	-2.701573
0.001306	0.999992	0.003755	-1.707380
-0.007460	-0.003745	0.999965	-0.067298
0.000000	0.000000	0.000000	1.000000
807	957	1770
0.999714	-0.001532	0.023869	3.432237
0.002042	0.999770	-0.021340	0.480883
-0.023831	0.021383	0.999487	-0.165934
0.000000	0.000000	0.000000	1.000000
732	1032	1770
0.999833	-0.003265	0.017987	0.390957
0.003074	0.999938	0.010674	0.295251
-0.018021	-0.010617	0.999781	-0.059019
0.000000	0.000000	0.000000	1.000000
817	947	1770
0.999986	-0.005216	-0.000562	0.171419
0.005205	0.999818	-0.018350	-2.459371
0.000657	0.018347	0.999831	-0.098561
0.000000	0.000000	0.000000	1.000000
69	1695	1770
0.999999	-0.000894	-0.000461	0.302786
0.000901	0.999856	0.016932	-0.559477
0.000446	-0.016932	0.999857	0.014796
0.000000	0.000000	0.000000	1.000000
29	1260	1770
0.999983	-0.002107	0.005433	0.180686
0.002094	0.999995	0.002413	0.417176
-0.005438	-0.002401	0.999982	-0.007116
0.000000	0.000000	0.000000	1.000000
233	1530	1770
0.999985	0.005490	0.000364	0.505037
-0.005488	0.999970	-0.005438	-1.842582
-0.000394	0.005436	0.999985	-0.004540
0.000000	0.000000	0.000000	1.000000
25	1264	1770
0.999880	-0.000922	0.015437	0.351917
0.000823	0.999979	0.006425	0.214049
-0.015442	-0.006411	0.999860	0.007315
0.000000	0.000000	0.000000	1.000000
66	1698	1770
0.999998	0.000087	-0.001940	0.130283
-0.000086	1.000000	0.000594	0.324520
0.001940	-0.000594	0.999998	-0.033509
0.000000	0.000000	0.000000	1.000000
84	1680	1770
0.999967	0.008036	-0.001214	0.548687
-0.008044	0.999946	-0.006591	-3.502017
0.001161	0.006601	0.999978	-0.041260
0.000000	0.000000	0.000000	1.000000
99	1665	1770
0.999998	0.000784	-0.001545	1.175639
-0.000785	1.000000	-0.000103	5.449171
0.001545	0.000104	0.999999	-0.178691
0.000000	0.000000	0.000000	1.000000
849	915	1770
0.999969	-0.007512	0.002528	-1.486650
0.007548	0.999864	-0.014651	-14.234934
-0.002417	0.014669	0.999889	0.093437
0.000000	0.000000	0.000000	1.000000
58	1706	1770
0.999991	0.001916	0.003846	0.342298
-0.001893	0.999981	-0.005932	-0.186446
-0.003858	0.005924	0.999975	-0.018583
0.000000	0.000000	0.000000	1.000000
778	986	1770
0.999913	-0.013109	0.001326	1.708245
0.013107	0.999913	0.001676	-0.632393
-0.001347	-0.001659	0.999998	-0.052410
0.000000	0.000000	0.000000	1.000000
26	1738	1770
0.999953	-0.003999	0.008884	-1.181729
0.003950	0.999977	0.005508	-0.501469
-0.008906	-0.005472	0.999945	0.065835
0.000000	0.000000	0.000000	1.000000
1264	1739	1770
0.999954	-0.002975	-0.009124	-1.234278
0.002925	0.999980	-0.005572	-0.592506
0.009140	0.005545	0.999943	-0.001974
0.000000	0.000000	0.000000	1.000000
1270	1745	1770
0.999987	0.004733	0.001729	-0.519825
-0.004757	0.999888	0.014197	-4.179016
-0.001661	-0.014205	0.999898	0.045482
0.000000	0.000000	0.000000	1.000000
596	1168	1770
0.999810	-0.009979	0.016764	-3.270286
0.010345	0.999706	-0.021923	2.940093
-0.016541	0.022092	0.999619	0.046178
0.000000	0.000000	0.000000	1.000000
728	1036	1770
0.999913	-0.008608	0.009954	1.223291
0.008583	0.999960	0.002622	0.401375
-0.009976	-0.002537	0.999947	-0.059396
0.000000	0.000000	0.000000	1.000000
31	1258	1770
0.999975	0.004301	0.005693	-1.532364
-0.004315	0.999988	0.002503	-0.122618
-0.005682	-0.002527	0.999981	-0.096060
0.000000	0.000000	0.000000	1.000000
549	1214	1770
0.999994	0.002512	0.002520	1.312026
-0.002515	0.999996	0.000855	-2.418561
-0.002518	-0.000861	0.999996	0.061696
0.000000	0.000000	0.000000	1.000000
98	1666	1770
0.999995	0.003212	0.000351	1.103113
-0.003212	0.999995	-0.000613	3.839386
-0.000353	0.000612	1.000000	0.006455
0.000000	0.000000	0.000000	1.000000
784	980	1770
0.999947	-0.008684	-0.005522	-0.294097
0.008714	0.999947	0.005445	1.123067
0.005474	-0.005493	0.999970	-0.026095
0.000000	0.000000	0.000000	1.000000
550	1214	1770
0.999992	0.002272	0.003253	-0.124519
-0.002269	0.999997	-0.001076	1.272361
-0.003256	0.001068	0.999994	0.001358
0.000000	0.000000	0.000000	1.000000
558	1206	1770
0.999990	-0.000172	-0.004515	3.358132
0.000166	0.999999	-0.001493	1.009399
0.004516	0.001492	0.999989	0.058449
0.000000	0.000000	0.000000	1.000000
740	1024	1770
0.999979	-0.006555	0.000113	1.881876
0.006555	0.999977	0.001730	0.504162
-0.000125	-0.001729	0.999998	0.002151
0.000000	0.000000	0.000000	1.000000
831	1693	1770
0.999993	-0.001874	-0.003090	-0.059170
0.001924	0.999867	0.016187	-2.619558
0.003060	-0.016192	0.999864	-0.013431
0.000000	0.000000	0.000000	1.000000
55	1709	1770
0.999956	-0.008089	0.004815	1.340816
0.008128	0.999934	-0.008067	-3.164476
-0.004750	0.008106	0.999956	0.058016
0.000000	0.000000	0.000000	1.000000
27	1737	1770
0.999936	-0.002935	0.010897	-1.067375
0.002852	0.999967	0.007585	-0.392622
-0.010919	-0.007553	0.999912	0.040411
0.000000	0.000000	0.000000	1.000000
59	1705	1770
0.999989	0.002104	0.004281	0.311396
-0.002082	0.999985	-0.005141	0.156725
-0.004291	0.005132	0.999978	-0.002964
0.000000	0.000000	0.000000	1.000000
742	1022	1770
0.999938	-0.001625	0.010978	2.043590
0.001658	0.999994	-0.002929	0.497740
-0.010973	0.002947	0.999935	0.046364
0.000000	0.000000	0.000000	1.000000
823	941	1770
0.999990	-0.003807	0.002354	0.423746
0.003833	0.999933	-0.010915	0.531682
-0.002313	0.010924	0.999938	-0.030850
0.000000	0.000000	0.000000	1.000000
816	948	1770
0.999967	-0.007473	0.003226	1.052818
0.007539	0.999753	-0.020915	-9.729768
-0.003069	0.020938	0.999776	-0.037613
0.000000	0.000000	0.000000	1.000000
881	885	1770
0.999955	0.007956	-0.005113	-2.481042
-0.008076	0.999682	-0.023904	-5.615657
0.004922	0.023944	0.999701	0.071649
0.000000	0.000000	0.000000	1.000000
67	1697	1770
0.999997	0.001350	-0.002156	0.147278
-0.001354	0.999998	-0.001576	0.072897
0.002154	0.001579	0.999996	0.002395
0.000000	0.000000	0.000000	1.000000
848	1680	1770
0.999990	0.003359	-0.002971	4.587222
-0.003410	0.999840	-0.017560	8.584453
0.002912	0.017570	0.999841	0.099462
0.000000	0.000000	0.000000	1.000000
730	1034	1770
0.999899	-0.003656	0.013736	0.240419
0.003530	0.999951	0.009238	-0.049305
-0.013769	-0.009188	0.999863	-0.026097
0.000000	0.000000	0.000000	1.000000
612	1152	1770
0.999947	-0.010184	-0.001794	-0.971380
0.010188	0.999945	0.002376	1.717338
0.001770	-0.002394	0.999996	-0.051545
0.000000	0.000000	0.000000	1.000000
733	1031	1770
0.999770	-0.003150	0.021202	0.305514
0.002877	0.999913	0.012874	0.217081
-0.021240	-0.012810	0.999692	-0.015616
0.000000	0.000000	0.000000	1.000000
76	1688	1770
0.999998	0.001050	0.001803	0.229401
-0.001055	0.999995	0.002951	2.769669
-0.001800	-0.002953	0.999994	0.069617
0.000000	0.000000	0.000000	1.000000
19	1270	1770
0.999883	-0.000387	0.015304	-0.842469
-0.000058	0.999579	0.029016	2.013566
-0.015309	-0.029013	0.999462	-0.181628
0.000000	0.000000	0.000000	1.000000
96	1668	1770
0.999996	0.002241	0.001491	0.715842
-0.002238	0.999997	-0.001410	2.084980
-0.001494	0.001406	0.999998	-0.036811
0.000000	0.000000	0.000000	1.000000
787	977	1770
0.999989	-0.004560	-0.000839	0.313644
0.004565	0.999975	0.005466	0.170199
0.000814	-0.005470	0.999985	-0.040424
0.000000	0.000000	0.000000	1.000000
811	953	1770
0.999980	-0.000232	0.006254	-0.698002
0.000533	0.998838	-0.048188	7.810623
-0.006235	0.048190	0.998819	-0.847398
0.000000	0.000000	0.000000	1.000000
760	1004	1770
1.000000	0.000251	0.000216	0.424471
-0.000254	0.999910	0.013407	-1.537935
-0.000212	-0.013407	0.999910	0.012230
0.000000	0.000000	0.000000	1.000000
85	1679	1770
0.999977	0.006728	0.001095	0.634750
-0.006721	0.999957	-0.006422	-1.266907
-0.001138	0.006415	0.999979	-0.069979
0.000000	0.000000	0.000000	1.000000
643	1119	1770
0.999668	-0.014543	0.021278	-11.029538
0.014773	0.999833	-0.010732	-3.398901
-0.021118	0.011042	0.999716	-0.261196
0.000000	0.000000	0.000000	1.000000
310	1454	1770
0.999912	0.010241	0.008376	5.094166
-0.010173	0.999916	-0.008060	-2.845690
-0.008458	0.007974	0.999932	-0.013422
0.000000	0.000000	0.000000	1.000000
916	1680	1770
0.999911	0.013298	0.000973	6.031631
-0.013300	0.999909	0.002148	22.218180
-0.000945	-0.002161	0.999997	-0.194318
0.000000	0.000000	0.000000	1.000000
1262	1737	1770
1.000000	0.000563	0.000385	-1.306635
-0.000561	0.999996	-0.002734	-0.647228
-0.000386	0.002734	0.999996	0.019532
0.000000	0.000000	0.000000	1.000000
84	916	1770
0.999997	0.002183	-0.001321	-5.461259
-0.002199	0.999924	-0.012119	-25.792055
0.001295	0.012122	0.999926	-0.102164
0.000000	0.000000	0.000000	1.000000
1292	1295	1770
0.999994	-0.003012	-0.001955	-23.697465
0.003015	0.999994	0.001609	-17.605240
0.001950	-0.001615	0.999997	0.180645
0.000000	0.000000	0.000000	1.000000
879	881	1770
0.999999	-0.001185	-0.000446	4.943053
0.001184	0.999999	-0.001118	5.114265
0.000448	0.001117	0.999999	0.272769
0.000000	0.000000	0.000000	1.000000
656	1108	1770
0.999946	-0.007357	0.007368	-2.506906
0.007352	0.999973	0.000786	-1.710827
-0.007373	-0.000731	0.999973	-0.035868
0.000000	0.000000	0.000000	1.000000
22	1267	1770
0.999986	0.003009	0.004433	-0.763704
-0.003029	0.999986	0.004370	-0.245372
-0.004420	-0.004383	0.999981	0.032182
0.000000	0.000000	0.000000	1.000000
860	904	1770
0.999986	-0.005312	-0.000237	-0.060968
0.005315	0.999842	0.016972	-1.259090
0.000147	-0.016973	0.999856	-0.018431
0.000000	0.000000	0.000000	1.000000
234	1529	1770
0.999965	0.008319	0.000672	2.095161
-0.008316	0.999953	-0.005074	-3.892933
-0.000714	0.005069	0.999987	-0.213956
0.000000	0.000000	0.000000	1.000000
826	938	1770
0.999983	-0.005877	0.000367	0.422890
0.005879	0.999975	-0.003915	0.595286
-0.000344	0.003917	0.999992	-0.040714
0.000000	0.000000	0.000000	1.000000
46	1718	1770
0.999971	0.007456	0.001573	-0.115282
-0.007499	0.999558	0.028759	1.556344
-0.001358	-0.028770	0.999585	-0.141561
0.000000	0.000000	0.000000	1.000000
643	1121	1770
0.999875	-0.014201	0.006935	3.086439
0.014178	0.999894	0.003349	1.172676
-0.006981	-0.003250	0.999970	-0.074562
0.000000	0.000000	0.000000	1.000000
726	1038	1770
0.998857	-0.005622	-0.047465	-1.114479
0.005723	0.999982	0.002011	-4.540981
0.047453	-0.002280	0.998871	-0.133312
0.000000	0.000000	0.000000	1.000000
57	1707	1770
0.999998	-0.001339	0.001364	0.379589
0.001349	0.999974	-0.007141	-0.746027
-0.001354	0.007143	0.999974	-0.032391
0.000000	0.000000	0.000000	1.000000
80	1684	1770
0.999987	0.004900	-0.001157	0.087937
-0.004902	0.999987	-0.001484	0.890970
0.001149	0.001490	0.999998	0.044520
0.000000	0.000000	0.000000	1.000000
545	1219	1770
0.999986	-0.000182	0.005279	-1.798384
0.000209	0.999987	-0.005063	1.887817
-0.005278	0.005064	0.999973	0.085327
0.000000	0.000000	0.000000	1.000000
84	848	1770
0.999991	0.003099	0.002911	-4.115333
-0.003124	0.999956	0.008820	-12.022780
-0.002884	-0.008829	0.999957	-0.101078
0.000000	0.000000	0.000000	1.000000
744	1020	1770
0.999952	-0.000492	0.009766	2.065604
0.000426	0.999977	0.006781	0.633170
-0.009769	-0.006776	0.999929	-0.056404
0.000000	0.000000	0.000000	1.000000
628	1136	1770
1.000000	-0.000618	0.000505	-1.158165
0.000619	0.999998	-0.002037	3.108389
-0.000504	0.002038	0.999998	0.070554
0.000000	0.000000	0.000000	1.000000
783	981	1770
0.999933	-0.011409	-0.002120	-0.377859
0.011419	0.999923	0.004915	1.084785
0.002064	-0.004939	0.999986	-0.018254
0.000000	0.000000	0.000000	1.000000
622	1142	1770
0.999986	-0.005317	-0.000441	-0.552537
0.005315	0.999973	-0.005101	3.348845
0.000468	0.005098	0.999987	0.080339
0.000000	0.000000	0.000000	1.000000
829	1695	1770
0.999997	0.002186	-0.001473	0.101763
-0.002170	0.999942	0.010527	-3.009212
0.001496	-0.010524	0.999944	-0.018607
0.000000	0.000000	0.000000	1.000000
478	1286	1770
0.999864	-0.014195	0.008400	-1.591951
0.014135	0.999874	0.007253	-1.139535
-0.008502	-0.007133	0.999938	0.061769
0.000000	0.000000	0.000000	1.000000
639	1125	1770
0.999965	-0.007845	0.002823	2.302872
0.007852	0.999965	-0.002766	1.574508
-0.002801	0.002788	0.999992	-0.077614
0.000000	0.000000	0.000000	1.000000
861	903	1770
0.999982	-0.005233	-0.003067	0.147398
0.005257	0.999955	0.007888	-1.136203
0.003026	-0.007904	0.999964	-0.005027
0.000000	0.000000	0.000000	1.000000
93	1671	1770
0.999982	0.006044	0.000545	0.340985
-0.006040	0.999959	-0.006739	1.521887
-0.000586	0.006735	0.999977	-0.032658
0.000000	0.000000	0.000000	1.000000
36	1728	1770
0.999595	0.023043	-0.016705	-3.677839
-0.022893	0.999696	0.009118	3.341988
0.016910	-0.008732	0.999819	-0.117308
0.000000	0.000000	0.000000	1.000000
683	1081	1770
0.999749	-0.012698	0.018470	-2.214408
0.012235	0.999612	0.025013	-0.221051
-0.018781	-0.024780	0.999516	0.213968
0.000000	0.000000	0.000000	1.000000
788	976	1770
0.999991	-0.004033	-0.001434	0.384872
0.004040	0.999979	0.005141	-0.048087
0.001414	-0.005146	0.999986	-0.027822
0.000000	0.000000	0.000000	1.000000
20	1744	1770
0.999957	0.008181	0.004274	-2.703484
-0.008205	0.999951	0.005591	-2.030935
-0.004228	-0.005626	0.999975	-0.047551
0.000000	0.000000	0.000000	1.000000
309	1455	1770
0.999887	0.009061	0.012003	3.966282
-0.009058	0.999959	-0.000343	-3.014030
-0.012006	0.000235	0.999928	-0.015524
0.000000	0.000000	0.000000	1.000000
90	1674	1770
0.999986	0.005371	0.000145	0.182341
-0.005369	0.999940	-0.009540	-0.030861
-0.000196	0.009539	0.999954	0.023857
0.000000	0.000000	0.000000	1.000000
920	1680	1770
0.999964	0.007819	-0.003283	0.506610
-0.007818	0.999969	0.000201	-1.051619
0.003285	-0.000175	0.999995	0.041563
0.000000	0.000000	0.000000	1.000000
1292	1296	1770
0.999944	0.001331	-0.010534	2.035934
-0.001045	0.999633	0.027063	1.542798
0.010566	-0.027051	0.999578	-0.074399
0.000000	0.000000	0.000000	1.000000
770	994	1770
0.999985	-0.003930	-0.003740	-1.308991
0.003994	0.999845	0.017159	2.318409
0.003672	-0.017174	0.999846	0.109259
0.000000	0.000000	0.000000	1.000000
777	987	1770
0.999925	-0.012249	-0.000600	1.892058
0.012250	0.999924	0.001602	-0.834264
0.000580	-0.001610	0.999999	-0.077895
0.000000	0.000000	0.000000	1.000000
647	1116	1770
0.996764	-0.019009	-0.078105	7.337226
0.017147	0.999554	-0.024452	2.820749
0.078535	0.023034	0.996645	-0.890513
0.000000	0.000000	0.000000	1.000000
118	120	1770
0.999971	-0.003703	0.006655	-13.616189
0.003662	0.999974	0.006170	24.772475
-0.006678	-0.006145	0.999959	0.033019
0.000000	0.000000	0.000000	1.000000
83	1681	1770
0.999955	0.009421	-0.001089	0.351462
-0.009425	0.999949	-0.003680	-10.965694
0.001054	0.003690	0.999993	-0.070478
0.000000	0.000000	0.000000	1.000000
190	1574	1770
0.999955	-0.007298	-0.005981	-0.452468
0.007175	0.999767	-0.020343	-2.309411
0.006128	0.020299	0.999775	-0.114965
0.000000	0.000000	0.000000	1.000000
1246	1721	1770
0.999988	0.004918	-0.000545	-0.599883
-0.004911	0.999919	0.011753	2.551753
0.000603	-0.011750	0.999931	-0.062695
0.000000	0.000000	0.000000	1.000000
642	1118	1770
0.922544	-0.385484	0.017742	-21.894968
0.385235	0.922681	0.015949	-14.977272
-0.022519	-0.007879	0.999715	0.072549
0.000000	0.000000	0.000000	1.000000
1263	1738	1770
0.999984	-0.001946	-0.005358	-1.370894
0.001910	0.999975	-0.006781	-0.657538
0.005371	0.006771	0.999963	0.002422
0.000000	0.000000	0.000000	1.000000
413	1351	1770
0.999999	0.000800	0.001259	0.380503
-0.000771	0.999741	-0.022731	-2.312297
-0.001277	0.022730	0.999741	-0.053741
0.000000	0.000000	0.000000	1.000000
182	1581	1770
0.999870	0.009596	0.012926	-6.191818
-0.009623	0.999952	0.001992	-7.699537
-0.012906	-0.002116	0.999914	0.150111
0.000000	0.000000	0.000000	1.000000
65	1699	1770
0.999997	0.000407	-0.002271	0.099128
-0.000397	0.999990	0.004366	0.515995
0.002273	-0.004365	0.999988	0.012532
0.000000	0.000000	0.000000	1.000000
840	924	1770
0.999996	-0.002818	-0.000102	-0.140226
0.002817	0.999908	-0.013303	1.340665
0.000140	0.013303	0.999912	-0.030366
0.000000	0.000000	0.000000	1.000000
761	1003	1770
0.999895	0.012731	-0.006857	0.379723
-0.012652	0.999855	0.011393	-1.333495
0.007001	-0.011305	0.999912	-0.040621
0.000000	0.000000	0.000000	1.000000
84	920	1770
0.999999	-0.000690	0.001271	-0.021649
0.000698	0.999980	-0.006297	-2.482115
-0.001266	0.006298	0.999979	-0.092284
0.000000	0.000000	0.000000	1.000000
169	196	1770
0.697188	-0.631776	-0.338804	-2.286910
-0.716632	-0.601557	-0.352941	19.495663
0.019169	0.488864	-0.872149	-0.498058
0.000000	0.000000	0.000000	1.000000
649	651	1770
0.999227	-0.000819	0.039303	-0.668332
0.000784	0.999999	0.000920	-6.882003
-0.039304	-0.000888	0.999227	-0.634653
0.000000	0.000000	0.000000	1.000000
26	501	1770
0.999955	-0.005989	0.007316	3.571794
0.005983	0.999982	0.000837	1.138554
-0.007321	-0.000793	0.999973	-0.001842
0.000000	0.000000	0.000000	1.000000
824	940	1770
0.999994	-0.003349	0.000372	0.582935
0.003352	0.999971	-0.006787	0.480244
-0.000350	0.006788	0.999977	-0.025130
0.000000	0.000000	0.000000	1.000000
455	1309	1770
0.999987	0.002635	0.004371	-0.391232
-0.002701	0.999883	0.015087	-1.094246
-0.004331	-0.015099	0.999877	-0.101268
0.000000	0.000000	0.000000	1.000000
521	1243	1770
0.999992	-0.003552	0.001701	1.866652
0.003565	0.999964	-0.007701	-0.566607
-0.001674	0.007707	0.999969	0.065142
0.000000	0.000000	0.000000	1.000000
121	1645	1770
0.999970	0.005519	-0.005356	7.930642
-0.005469	0.999941	0.009400	-26.582856
0.005407	-0.009371	0.999941	0.407490
0.000000	0.000000	0.000000	1.000000
473	1291	1770
0.999950	0.008083	-0.005917	-1.494022
-0.008158	0.999885	-0.012747	-1.277301
0.005813	0.012795	0.999901	-0.069975
0.000000	0.000000	0.000000	1.000000
413	1350	1770
0.999985	0.004315	0.003462	-1.987693
-0.004225	0.999664	-0.025567	9.981111
-0.003572	0.025552	0.999667	0.293633
0.000000	0.000000	0.000000	1.000000
97	1667	1770
0.999995	0.003120	0.000264	0.789589
-0.003119	0.999990	-0.003347	2.590492
-0.000274	0.003346	0.999994	-0.001673
0.000000	0.000000	0.000000	1.000000
596	1167	1770
0.999900	-0.012997	0.005484	7.749612
0.013116	0.999664	-0.022350	-6.643365
-0.005192	0.022420	0.999735	0.016454
0.000000	0.000000	0.000000	1.000000
18	1271	1770
0.999941	-0.004294	0.009991	-0.456605
0.004045	0.999683	0.024838	2.115843
-0.010094	-0.024796	0.999642	0.026172
0.000000	0.000000	0.000000	1.000000
379	1385	1770
0.999970	0.006684	0.004021	-0.566191
-0.006726	0.999922	0.010568	-2.017544
-0.003950	-0.010594	0.999936	-0.061968
0.000000	0.000000	0.000000	1.000000
594	1170	1770
0.999791	-0.008999	0.018356	-3.636461
0.009210	0.999892	-0.011425	0.827974
-0.018252	0.011592	0.999766	0.027513
0.000000	0.000000	0.000000	1.000000
160	1603	1770
0.999995	0.000680	0.003016	1.249895
-0.000676	0.999999	-0.001205	-4.166069
-0.003017	0.001203	0.999995	0.057084
0.000000	0.000000	0.000000	1.000000
643	645	1770
0.999989	-0.000213	0.004686	-13.659103
0.000211	1.000000	0.000458	-5.069621
-0.004686	-0.000457	0.999989	0.005352
0.000000	0.000000	0.000000	1.000000
589	1175	1770
0.999880	0.015019	0.003875	-2.394679
-0.015024	0.999887	0.001086	-0.772785
-0.003858	-0.001144	0.999992	0.079315
0.000000	0.000000	0.000000	1.000000
841	1683	1770
0.999996	-0.000827	0.002735	0.402670
0.000839	0.999991	-0.004175	-2.970342
-0.002731	0.004177	0.999988	-0.065817
0.000000	0.000000	0.000000	1.000000
759	1005	1770
0.999950	-0.009312	-0.003575	0.487442
0.009342	0.999920	0.008477	-1.568440
0.003496	-0.008510	0.999958	0.019696
0.000000	0.000000	0.000000	1.000000
659	1105	1770
0.999996	0.002688	-0.000643	-1.990211
-0.002690	0.999994	-0.002191	-1.316865
0.000638	0.002192	0.999997	-0.016869
0.000000	0.000000	0.000000	1.000000
502	1262	1770
0.999970	0.003079	0.007149	-3.216526
-0.003114	0.999984	0.004765	-0.863956
-0.007134	-0.004787	0.999963	-0.025753
0.000000	0.000000	0.000000	1.000000
83	921	1770
0.999997	0.001460	-0.001885	-0.150634
-0.001472	0.999980	-0.006217	-8.889977
0.001876	0.006220	0.999979	-0.115680
0.000000	0.000000	0.000000	1.000000
820	944	1770
0.999990	-0.003826	0.002370	0.508285
0.003853	0.999927	-0.011485	0.039099
-0.002326	0.011494	0.999931	-0.052930
0.000000	0.000000	0.000000	1.000000
68	1696	1770
0.999997	0.001525	0.002069	0.197991
-0.001541	0.999970	0.007616	-0.369417
-0.002057	-0.007620	0.999969	-0.078344
0.000000	0.000000	0.000000	1.000000
642	1122	1770
0.999863	-0.014546	0.007868	3.011508
0.014546	0.999894	0.000124	1.472488
-0.007869	-0.000009	0.999969	-0.041944
0.000000	0.000000	0.000000	1.000000
68	828	1770
0.999998	0.001767	0.000470	0.227363
-0.001770	0.999979	0.006157	2.339142
-0.000459	-0.006157	0.999981	-0.011884
0.000000	0.000000	0.000000	1.000000
556	1208	1770
0.999996	0.002609	0.001292	1.877397
-0.002609	0.999997	-0.000339	0.178461
-0.001293	0.000336	0.999999	-0.003698
0.000000	0.000000	0.000000	1.000000
1266	1741	1770
0.999997	0.000240	-0.002613	-0.890391
-0.000243	0.999999	-0.001193	-0.479306
0.002613	0.001193	0.999996	-0.006953
0.000000	0.000000	0.000000	1.000000
81	1683	1770
0.999964	0.008498	-0.000571	0.193906
-0.008499	0.999959	-0.003161	-4.717803
0.000544	0.003166	0.999995	0.011417
0.000000	0.000000	0.000000	1.000000
637	1127	1770
0.999991	0.003294	-0.002736	2.903031
-0.003302	0.999990	-0.002955	2.048240
0.002726	0.002964	0.999992	-0.103712
0.000000	0.000000	0.000000	1.000000
33	1256	1770
0.999873	0.015026	-0.005340	-3.432062
-0.014952	0.999794	0.013713	0.214776
0.005545	-0.013632	0.999892	-0.173571
0.000000	0.000000	0.000000	1.000000
26	1263	1770
0.999882	-0.004215	0.014785	0.197434
0.004077	0.999948	0.009314	0.155174
-0.014824	-0.009253	0.999847	0.018750
0.000000	0.000000	0.000000	1.000000
576	1188	1770
0.999959	0.001402	-0.008910	-1.921415
-0.001273	0.999894	0.014491	1.719312
0.008929	-0.014479	0.999855	0.078080
0.000000	0.000000	0.000000	1.000000
501	1737	1770
0.999975	0.002602	0.006587	5.082025
-0.002589	0.999995	-0.001868	2.157208
-0.006592	0.001851	0.999977	-0.035994
0.000000	0.000000	0.000000	1.000000
79	1685	1770
0.999992	0.003889	-0.000150	-0.016662
-0.003889	0.999989	0.002455	6.220443
0.000159	-0.002455	0.999997	-0.005658
0.000000	0.000000	0.000000	1.000000
773	991	1770
0.999643	0.007025	-0.025773	0.299157
-0.006279	0.999562	0.028929	0.212810
0.025965	-0.028757	0.999249	-0.029348
0.000000	0.000000	0.000000	1.000000
863	901	1770
0.999983	-0.005382	-0.002250	0.197021
0.005381	0.999985	-0.000201	-1.303166
0.002251	0.000189	0.999997	-0.032123
0.000000	0.000000	0.000000	1.000000
536	1228	1770
0.999992	-0.000441	-0.003859	-0.622981
0.000461	0.999987	0.005160	1.541455
0.003856	-0.005161	0.999979	0.038481
0.000000	0.000000	0.000000	1.000000
120	1643	1770
0.999977	0.005653	-0.003774	-1.759148
-0.005653	0.999984	0.000041	6.664966
0.003774	-0.000020	0.999993	0.045989
0.000000	0.000000	0.000000	1.000000
294	1469	1770
0.999353	0.035948	0.000913	-5.058933
-0.035942	0.999333	-0.006515	8.687455
-0.001147	0.006478	0.999978	-0.057779
0.000000	0.000000	0.000000	1.000000
731	1033	1770
0.999856	-0.003032	0.016680	0.372047
0.002887	0.999958	0.008707	0.174274
-0.016705	-0.008658	0.999823	0.009832
0.000000	0.000000	0.000000	1.000000
561	1203	1770
0.999965	0.000107	-0.008402	4.282868
-0.000139	0.999993	-0.003737	1.744038
0.008402	0.003738	0.999958	-0.016851
0.000000	0.000000	0.000000	1.000000
444	1320	1770
0.999964	-0.005913	0.006050	1.704962
0.005963	0.999948	-0.008250	-1.938385
-0.006001	0.008286	0.999948	0.054246
0.000000	0.000000	0.000000	1.000000
1291	1293	1770
0.999988	0.000751	-0.004802	-15.757672
-0.000729	0.999988	0.004767	-11.757297
0.004806	-0.004763	0.999977	0.047526
0.000000	0.000000	0.000000	1.000000
748	1016	1770
0.999923	-0.004520	0.011541	4.826820
0.004515	0.999990	0.000467	-0.589927
-0.011543	-0.000415	0.999933	-0.214968
0.000000	0.000000	0.000000	1.000000
61	1703	1770
0.999996	0.001023	0.002715	0.208346
-0.000988	0.999920	-0.012607	0.739784
-0.002727	0.012604	0.999917	0.016727
0.000000	0.000000	0.000000	1.000000
729	1035	1770
0.999981	-0.002537	0.005628	0.224137
0.002454	0.999888	0.014732	-0.215457
-0.005665	-0.014718	0.999876	-0.065267
0.000000	0.000000	0.000000	1.000000
309	1454	1770
0.999942	0.007897	0.007320	-4.381285
-0.007866	0.999960	-0.004153	1.437697
-0.007353	0.004096	0.999965	0.015477
0.000000	0.000000	0.000000	1.000000
473	1292	1770
0.999960	0.005298	-0.007254	-9.169064
-0.005378	0.999924	-0.011057	-6.965467
0.007195	0.011095	0.999913	-0.101603
0.000000	0.000000	0.000000	1.000000
23	1266	1770
0.999933	-0.000646	0.011559	0.524158
0.000602	0.999993	0.003814	0.268980
-0.011561	-0.003807	0.999926	-0.001874
0.000000	0.000000	0.000000	1.000000
543	1221	1770
0.999999	-0.000100	0.001630	-1.726115
0.000104	0.999997	-0.002425	1.987087
-0.001630	0.002425	0.999996	0.066942
0.000000	0.000000	0.000000	1.000000
177	1586	1770
0.999495	-0.021678	0.023230	-6.314000
0.021998	0.999665	-0.013611	-0.787233
-0.022927	0.014115	0.999637	0.059859
0.000000	0.000000	0.000000	1.000000
515	1249	1770
0.999996	0.002678	-0.000018	0.005388
-0.002678	0.999995	-0.001407	-0.696813
0.000014	0.001407	0.999999	0.103571
0.000000	0.000000	0.000000	1.000000
839	925	1770
0.999993	-0.002419	0.002859	-0.349371
0.002466	0.999858	-0.016694	2.809763
-0.002818	0.016700	0.999857	0.006705
0.000000	0.000000	0.000000	1.000000
24	499	1770
0.999978	0.000911	0.006640	4.591893
-0.000924	0.999998	0.001981	1.650056
-0.006639	-0.001987	0.999976	-0.035643
0.000000	0.000000	0.000000	1.000000
829	935	1770
0.999991	-0.004068	-0.000794	0.721238
0.004068	0.999992	0.000525	0.420744
0.000792	-0.000528	1.000000	0.024271
0.000000	0.000000	0.000000	1.000000
494	1745	1770
0.999933	0.005601	0.010113	-1.247499
-0.005664	0.999964	0.006267	-3.726763
-0.010077	-0.006324	0.999929	0.119192
0.000000	0.000000	0.000000	1.000000
1260	1735	1770
0.999974	0.004730	0.005456	-1.431981
-0.004738	0.999988	0.001447	-0.621909
-0.005449	-0.001473	0.999984	-0.036209
0.000000	0.000000	0.000000	1.000000
796	968	1770
0.999995	-0.003196	0.000639	0.318158
0.003196	0.999995	0.000361	-1.895057
-0.000640	-0.000359	1.000000	-0.062325
0.000000	0.000000	0.000000	1.000000
1254	1729	1770
0.999945	-0.000634	-0.010432	-1.177125
0.000729	0.999958	0.009121	0.266522
0.010426	-0.009128	0.999904	0.036632
0.000000	0.000000	0.000000	1.000000
769	995	1770
0.999973	-0.004862	-0.005545	0.123893
0.004929	0.999914	0.012168	-0.446062
0.005485	-0.012195	0.999911	-0.002087
0.000000	0.000000	0.000000	1.000000
467	1291	1770
-0.286375	-0.940380	0.183506	-3.335899
-0.940363	0.239165	-0.241902	-2.772318
0.183592	-0.241837	-0.952790	-1.237908
0.000000	0.000000	0.000000	1.000000
818	946	1770
0.999991	-0.003735	0.002046	0.206568
0.003761	0.999909	-0.012961	-1.451595
-0.001997	0.012969	0.999914	-0.149502
0.000000	0.000000	0.000000	1.000000
785	979	1770
0.999971	-0.006776	-0.003527	-0.174314
0.006800	0.999953	0.006855	0.898900
0.003481	-0.006878	0.999970	0.017270
0.000000	0.000000	0.000000	1.000000
463	1301	1770
0.999977	0.001260	-0.006654	-3.173645
-0.001331	0.999942	-0.010646	-2.499708
0.006641	0.010655	0.999921	-0.048385
0.000000	0.000000	0.000000	1.000000
28	1261	1770
0.999928	-0.003987	0.011317	0.265931
0.003907	0.999967	0.007090	0.363678
-0.011345	-0.007045	0.999911	-0.094677
0.000000	0.000000	0.000000	1.000000
335	1428	1770
0.999999	0.001608	0.000234	-4.883981
-0.001608	0.999997	-0.001642	-0.483784
-0.000236	0.001642	0.999999	0.096337
0.000000	0.000000	0.000000	1.000000
21	1743	1770
0.999960	0.005107	0.007366	-1.969172
-0.005119	0.999986	0.001629	-0.968476
-0.007358	-0.001667	0.999972	0.054162
0.000000	0.000000	0.000000	1.000000
45	1719	1770
0.999965	0.007762	0.003149	-0.069910
-0.007819	0.999797	0.018567	1.187141
-0.003004	-0.018591	0.999823	-0.006994
0.000000	0.000000	0.000000	1.000000
346	1418	1770
0.999947	-0.001751	0.010153	-0.652929
0.001763	0.999998	-0.001107	-2.005932
-0.010151	0.001125	0.999948	1.722311
0.000000	0.000000	0.000000	1.000000
189	1575	1770
0.999965	-0.006278	-0.005599	0.030326
0.006183	0.999840	-0.016811	-0.996465
0.005703	0.016775	0.999843	-0.027612
0.000000	0.000000	0.000000	1.000000
1112	1114	1770
0.980498	0.006721	0.196413	-1.603367
0.014112	0.994427	-0.104475	8.735634
-0.196021	0.105210	0.974939	-1.020524
0.000000	0.000000	0.000000	1.000000
1408	1552	1770
0.999903	-0.005837	-0.012680	-1.801063
0.006981	0.995721	0.092149	1.937192
0.012088	-0.092229	0.995664	0.007151
0.000000	0.000000	0.000000	1.000000
557	1207	1770
0.999995	0.003217	-0.000308	2.851951
-0.003217	0.999993	-0.001654	0.589642
0.000302	0.001655	0.999999	0.034912
0.000000	0.000000	0.000000	1.000000
844	920	1770
0.999995	-0.002904	-0.000818	0.090404
0.002893	0.999911	-0.013013	-5.495543
0.000856	0.013011	0.999915	-0.093437
0.000000	0.000000	0.000000	1.000000
226	1538	1770
0.999965	-0.003994	-0.007331	-2.119600
0.004138	0.999797	0.019731	11.907960
0.007251	-0.019760	0.999778	0.270688
0.000000	0.000000	0.000000	1.000000
601	1163	1770
0.999394	0.033456	-0.009635	-0.609853
-0.033093	0.998817	0.035634	2.285144
0.010815	-0.035294	0.999318	-0.262336
0.000000	0.000000	0.000000	1.000000
232	1531	1770
0.999965	0.006102	0.005724	0.482493
-0.006066	0.999962	-0.006270	-3.134756
-0.005762	0.006235	0.999964	0.010394
0.000000	0.000000	0.000000	1.000000
499	1265	1770
0.999939	-0.002482	0.010759	-3.463891
0.002471	0.999996	0.000986	-1.128828
-0.010761	-0.000959	0.999942	-0.024293
0.000000	0.000000	0.000000	1.000000
1269	1744	1770
0.999995	0.002066	0.002256	0.213586
-0.002068	0.999998	0.000821	-1.397841
-0.002255	-0.000826	0.999997	-0.044049
0.000000	0.000000	0.000000	1.000000
486	1278	1770
0.999948	0.003628	0.009580	-5.945583
-0.003762	0.999896	0.013941	-3.401884
-0.009528	-0.013976	0.999857	-0.021786
0.000000	0.000000	0.000000	1.000000
641	1117	1770
0.999711	-0.008767	0.022368	-25.839198
0.008870	0.999950	-0.004550	-7.440299
-0.022327	0.004747	0.999739	0.016117
0.000000	0.000000	0.000000	1.000000
572	1192	1770
0.999991	-0.000949	0.004232	-1.480828
0.000942	0.999998	0.001642	1.637563
-0.004234	-0.001638	0.999990	-0.021548
0.000000	0.000000	0.000000	1.000000
550	1215	1770
0.999998	0.001282	0.001543	-2.807026
-0.001280	0.999998	-0.001466	5.547309
-0.001545	0.001464	0.999998	0.003475
0.000000	0.000000	0.000000	1.000000
468	1295	1770
0.999666	-0.014545	0.021341	8.277948
0.014383	0.999867	0.007744	6.249010
-0.021451	-0.007435	0.999742	-0.273150
0.000000	0.000000	0.000000	1.000000
548	1216	1770
0.999994	0.000337	0.003570	-1.970235
-0.000327	0.999996	-0.002645	1.481433
-0.003571	0.002644	0.999990	0.077247
0.000000	0.000000	0.000000	1.000000
791	973	1770
0.999986	-0.005182	-0.000524	0.595238
0.005182	0.999986	-0.001250	-0.973874
0.000531	0.001248	0.999999	-0.077561
0.000000	0.000000	0.000000	1.000000
930	1690	1770
0.999991	0.004193	-0.000580	-0.284129
-0.004189	0.999977	0.005354	-3.099346
0.000602	-0.005351	0.999986	-0.015910
0.000000	0.000000	0.000000	1.000000
649	1114	1770
0.994321	0.015018	0.105359	7.267187
0.000873	0.988808	-0.149189	4.455254
-0.106420	0.148434	0.983180	-0.391491
0.000000	0.000000	0.000000	1.000000
826	1698	1770
0.999993	0.000521	-0.003746	-0.100506
-0.000514	0.999998	0.001727	-1.861696
0.003747	-0.001725	0.999991	0.041981
0.000000	0.000000	0.000000	1.000000
500	1262	1770
0.999994	0.000776	0.003363	16.215302
-0.000796	0.999981	0.006082	6.562447
-0.003359	-0.006084	0.999976	-0.098702
0.000000	0.000000	0.000000	1.000000
23	1741	1770
0.999997	0.000164	0.002640	-0.295702
-0.000178	0.999986	0.005246	-0.208148
-0.002639	-0.005247	0.999983	-0.024714
0.000000	0.000000	0.000000	1.000000
499	1740	1770
0.999987	-0.004011	-0.003062	-4.752694
0.004003	0.999989	-0.002444	-1.829097
0.003071	0.002432	0.999992	0.024954
0.000000	0.000000	0.000000	1.000000
723	1041	1770
0.998062	-0.000474	-0.062222	2.904171
0.001394	0.999890	0.014742	-6.597711
0.062208	-0.014800	0.997953	0.230063
0.000000	0.000000	0.000000	1.000000
69	829	1770
0.999995	0.000195	0.003136	0.169600
-0.000213	0.999984	0.005637	2.458299
-0.003135	-0.005638	0.999979	0.028264
0.000000	0.000000	0.000000	1.000000
19	494	1770
0.999973	0.002911	-0.006758	-0.109256
-0.002927	0.999993	-0.002390	1.500726
0.006751	0.002410	0.999974	-0.548163
0.000000	0.000000	0.000000	1.000000
745	1019	1770
0.999990	-0.002300	0.003952	1.834891
0.002298	0.999997	0.000319	0.699058
-0.003952	-0.000310	0.999992	0.015297
0.000000	0.000000	0.000000	1.000000
501	1738	1770
0.999989	0.002045	0.004141	-4.751667
-0.002019	0.999978	-0.006271	-1.506157
-0.004154	0.006262	0.999972	-0.033416
0.000000	0.000000	0.000000	1.000000
204	1401	1770
0.999097	-0.002716	-0.042401	-1.403732
-0.001232	0.995683	-0.092810	-2.858106
0.042470	0.092779	0.994781	-0.310490
0.000000	0.000000	0.000000	1.000000
547	1217	1770
0.999989	0.000795	0.004515	-1.674956
-0.000775	0.999990	-0.004510	1.443577
-0.004519	0.004507	0.999980	0.050252
0.000000	0.000000	0.000000	1.000000
507	1257	1770
0.999980	0.006320	-0.000675	-2.318896
-0.006322	0.999972	-0.004111	0.229767
0.000649	0.004115	0.999991	-0.162871
0.000000	0.000000	0.000000	1.000000
600	1164	1770
0.999175	0.038416	-0.013201	-0.224184
-0.037820	0.998369	0.042776	1.870867
0.014823	-0.042242	0.998997	-0.480012
0.000000	0.000000	0.000000	1.000000
494	1270	1770
0.999986	-0.001082	0.005181	-0.669363
0.001099	0.999994	-0.003207	0.449436
-0.005178	0.003213	0.999981	0.073245
0.000000	0.000000	0.000000	1.000000
1408	1553	1770
0.999889	-0.008788	-0.011992	8.565360
0.009895	0.995369	0.095619	4.837760
0.011096	-0.095728	0.995346	-0.000270
0.000000	0.000000	0.000000	1.000000
27	502	1770
0.999966	-0.006724	0.004675	3.449476
0.006710	0.999973	0.002991	1.166174
-0.004695	-0.002960	0.999985	0.022258
0.000000	0.000000	0.000000	1.000000
37	1727	1770
0.999843	0.017623	0.002061	-0.545892
-0.017592	0.999746	-0.014099	3.231283
-0.002309	0.014061	0.999898	0.130501
0.000000	0.000000	0.000000	1.000000
98	1665	1770
0.999994	0.003414	0.000492	0.880672
-0.003415	0.999991	0.002348	-11.904816
-0.000484	-0.002350	0.999997	-0.217632
0.000000	0.000000	0.000000	1.000000
823	1701	1770
0.999997	0.002027	-0.001178	-0.332435
-0.002032	0.999990	-0.004004	-1.905545
0.001170	0.004006	0.999991	-0.015854
0.000000	0.000000	0.000000	1.000000
832	1692	1770
0.999995	-0.002375	-0.002109	-0.532590
0.002405	0.999897	0.014118	-2.075252
0.002076	-0.014123	0.999898	0.090410
0.000000	0.000000	0.000000	1.000000
24	1263	1770
0.999886	-0.001088	0.015049	20.089735
0.000937	0.999949	0.010036	7.618488
-0.015059	-0.010021	0.999836	-0.296440
0.000000	0.000000	0.000000	1.000000
551	1214	1770
0.999991	0.002448	0.003584	0.248565
-0.002447	0.999997	-0.000244	3.493805
-0.003585	0.000235	0.999994	-0.029637
0.000000	0.000000	0.000000	1.000000
36	1253	1770
0.999665	0.023735	-0.010298	-1.467489
-0.023749	0.999717	-0.001186	2.408275
0.010267	0.001430	0.999946	-0.035090
0.000000	0.000000	0.000000	1.000000
471	1295	1770
0.999853	-0.006451	0.015856	-17.150425
0.006362	0.999964	0.005637	-12.873419
-0.015892	-0.005535	0.999858	0.236854
0.000000	0.000000	0.000000	1.000000
308	1455	1770
0.999973	0.007287	-0.000837	-4.593878
-0.007287	0.999973	0.000026	1.361991
0.000837	-0.000020	1.000000	-0.055033
0.000000	0.000000	0.000000	1.000000
1263	1265	1770
1.000000	-0.000360	0.000051	-19.043491
0.000360	1.000000	0.000107	-7.189442
-0.000051	-0.000107	1.000000	-0.037344
0.000000	0.000000	0.000000	1.000000
608	1156	1770
0.999954	-0.002908	0.009188	0.445610
0.003002	0.999942	-0.010307	0.705142
-0.009158	0.010334	0.999905	0.014828
0.000000	0.000000	0.000000	1.000000
169	1594	1770
0.999966	0.004058	0.007170	-1.166508
-0.004240	0.999665	0.025538	0.446222
-0.007064	-0.025568	0.999648	0.049937
0.000000	0.000000	0.000000	1.000000
225	1539	1770
0.999979	0.000841	-0.006371	1.181589
-0.000833	0.999999	0.001302	5.516686
0.006372	-0.001297	0.999979	0.142666
0.000000	0.000000	0.000000	1.000000
626	1138	1770
0.999958	-0.003547	-0.008489	-0.880106
0.003568	0.999990	0.002517	2.386358
0.008480	-0.002547	0.999961	-0.083295
0.000000	0.000000	0.000000	1.000000
308	1454	1770
0.999976	-0.004174	0.005471	-12.951525
0.004226	0.999945	-0.009650	5.669318
-0.005431	0.009673	0.999938	-0.018427
0.000000	0.000000	0.000000	1.000000
1167	1169	1770
0.999999	0.001389	0.000442	-16.874901
-0.001389	0.999999	-0.000435	11.639472
-0.000443	0.000435	1.000000	-0.589404
0.000000	0.000000	0.000000	1.000000
500	1737	1770
0.999998	0.000522	0.001786	14.927376
-0.000512	0.999985	-0.005371	5.915123
-0.001789	0.005370	0.999984	-0.050232
0.000000	0.000000	0.000000	1.000000
473	1295	1770
0.999512	0.001995	-0.031161	-19.108347
-0.001626	0.999928	0.011866	-14.391640
0.031182	-0.011810	0.999444	-0.358081
0.000000	0.000000	0.000000	1.000000
158	1606	1770
0.999998	0.001080	0.001939	-1.381498
-0.001075	0.999996	-0.002615	5.159240
-0.001941	0.002613	0.999995	-0.075256
0.000000	0.000000	0.000000	1.000000
121	150	1770
0.996038	-0.006866	-0.088667	3.777421
