0	1	1770
200.000000	0.000000	0.000000	0.000000	1160.633877	-3054.696919
0.000000	200.000000	0.000000	-1160.633877	0.000000	-610.177590
0.000000	0.000000	200.000000	3054.696919	610.177590	0.000000
0.000000	-1160.633877	3054.696919	193432.977401	-13424.299275	-444.609399
1160.633877	0.000000	610.177590	-13424.299275	69451.843616	-23261.517974
-3054.696919	-610.177590	0.000000	-444.609399	-23261.517974	241586.378234
1	2	1770
200.000000	0.000000	0.000000	0.000000	1212.453159	-2781.930272
0.000000	200.000000	0.000000	-1212.453159	0.000000	51.474875
0.000000	0.000000	200.000000	2781.930272	-51.474875	0.000000
0.000000	-1212.453159	2781.930272	140815.639653	2867.473704	-3020.686326
1212.453159	0.000000	-51.474875	2867.473704	133468.675307	-18956.144976
-2781.930272	51.474875	0.000000	-3020.686326	-18956.144976	251440.160472
2	3	1770
200.000000	0.000000	0.000000	0.000000	1365.936277	-2201.842900
0.000000	200.000000	0.000000	-1365.936277	0.000000	-1729.046715
0.000000	0.000000	200.000000	2201.842900	1729.046715	0.000000
0.000000	-1365.936277	2201.842900	147130.363055	3718.344936	13997.437621
1365.936277	0.000000	1729.046715	3718.344936	206969.936923	-13643.905642
-2201.842900	-1729.046715	0.000000	13997.437621	-13643.905642	326135.680888
3	4	1770
200.000000	0.000000	0.000000	0.000000	1420.191353	-668.972477
0.000000	200.000000	0.000000	-1420.191353	0.000000	-2672.487646
0.000000	0.000000	200.000000	668.972477	2672.487646	0.000000
0.000000	-1420.191353	668.972477	132607.254323	-31190.374247	24790.575354
1420.191353	0.000000	2672.487646	-31190.374247	213405.358778	-4321.428883
-668.972477	-2672.487646	0.000000	24790.575354	-4321.428883	317082.228446
4	5	1770
200.000000	0.000000	0.000000	0.000000	1572.682070	253.939874
0.000000	200.000000	0.000000	-1572.682070	0.000000	-2298.789730
0.000000	0.000000	200.000000	-253.939874	2298.789730	0.000000
0.000000	-1572.682070	-253.939874	175457.460137	-55464.456340	20524.342055
1572.682070	0.000000	2298.789730	-55464.456340	200659.543301	5341.656170
253.939874	-2298.789730	0.000000	20524.342055	5341.656170	342817.352505
5	6	1770
200.000000	0.000000	0.000000	0.000000	1434.128727	71.151751
0.000000	200.000000	0.000000	-1434.128727	0.000000	-731.318902
0.000000	0.000000	200.000000	-71.151751	731.318902	0.000000
0.000000	-1434.128727	-71.151751	186770.973515	-38077.167734	4285.361374
1434.128727	0.000000	731.318902	-38077.167734	158818.524674	5781.725128
71.151751	-731.318902	0.000000	4285.361374	5781.725128	316811.470707
6	7	1770
200.000000	0.000000	0.000000	0.000000	1120.010578	-527.377846
0.000000	200.000000	0.000000	-1120.010578	0.000000	716.426271
0.000000	0.000000	200.000000	527.377846	-716.426271	0.000000
0.000000	-1120.010578	527.377846	200013.113819	9395.635757	-7788.606144
1120.010578	0.000000	-716.426271	9395.635757	120586.028918	149.322615
-527.377846	716.426271	0.000000	-7788.606144	149.322615	300525.542708
7	8	1770
200.000000	0.000000	0.000000	0.000000	931.803801	-2635.829171
0.000000	200.000000	0.000000	-931.803801	0.000000	-1238.670193
0.000000	0.000000	200.000000	2635.829171	1238.670193	0.000000
0.000000	-931.803801	2635.829171	135407.138989	52485.347463	-1262.336456
931.803801	0.000000	1238.670193	52485.347463	149292.168122	-12425.188147
-2635.829171	-1238.670193	0.000000	-1262.336456	-12425.188147	270463.492388
8	9	1770
200.000000	0.000000	0.000000	0.000000	901.936921	-1256.382536
0.000000	200.000000	0.000000	-901.936921	0.000000	134.746487
0.000000	0.000000	200.000000	1256.382536	-134.746487	0.000000
0.000000	-901.936921	1256.382536	128478.371624	38570.121626	-8045.533723
901.936921	0.000000	-134.746487	38570.121626	126253.819201	-1486.468417
-1256.382536	134.746487	0.000000	-8045.533723	-1486.468417	241473.291238
9	10	1770
200.000000	0.000000	0.000000	0.000000	956.941793	-1543.883908
0.000000	200.000000	0.000000	-956.941793	0.000000	-875.361683
0.000000	0.000000	200.000000	1543.883908	875.361683	0.000000
0.000000	-956.941793	1543.883908	155044.797783	76126.077839	8454.201520
956.941793	0.000000	875.361683	76126.077839	164791.049425	-5420.136706
-1543.883908	-875.361683	0.000000	8454.201520	-5420.136706	302558.127529
10	11	1770
200.000000	0.000000	0.000000	0.000000	872.398186	-416.683197
0.000000	200.000000	0.000000	-872.398186	0.000000	-1628.248083
0.000000	0.000000	200.000000	416.683197	1628.248083	0.000000
0.000000	-872.398186	416.683197	117108.124708	10819.830556	13833.323613
872.398186	0.000000	1628.248083	10819.830556	112949.544183	1794.818983
-416.683197	-1628.248083	0.000000	13833.323613	1794.818983	214665.652008
11	12	1770
200.000000	0.000000	0.000000	0.000000	1131.095957	-2162.224408
0.000000	200.000000	0.000000	-1131.095957	0.000000	-1193.913027
0.000000	0.000000	200.000000	2162.224408	1193.913027	0.000000
0.000000	-1131.095957	2162.224408	187015.390054	-8651.487488	11137.777893
1131.095957	0.000000	1193.913027	-8651.487488	98267.119606	-17506.190802
-2162.224408	-1193.913027	0.000000	11137.777893	-17506.190802	262619.646203
12	13	1770
200.000000	0.000000	0.000000	0.000000	1005.553843	-1992.466222
0.000000	200.000000	0.000000	-1005.553843	0.000000	485.164886
0.000000	0.000000	200.000000	1992.466222	-485.164886	0.000000
0.000000	-1005.553843	1992.466222	156320.668399	-8442.346158	-5699.730263
1005.553843	0.000000	-485.164886	-8442.346158	127063.547258	-21944.405684
-1992.466222	485.164886	0.000000	-5699.730263	-21944.405684	265550.801926
13	14	1770
200.000000	0.000000	0.000000	0.000000	1364.278316	-3121.351023
0.000000	200.000000	0.000000	-1364.278316	0.000000	678.966890
0.000000	0.000000	200.000000	3121.351023	-678.966890	0.000000
0.000000	-1364.278316	3121.351023	174049.755480	-481.043079	-7236.175634
1364.278316	0.000000	-678.966890	-481.043079	153588.768257	-30912.480731
-3121.351023	678.966890	0.000000	-7236.175634	-30912.480731	298647.248463
14	15	1770
200.000000	0.000000	0.000000	0.000000	1584.602058	-823.906987
0.000000	200.000000	0.000000	-1584.602058	0.000000	-516.029879
0.000000	0.000000	200.000000	823.906987	516.029879	0.000000
0.000000	-1584.602058	823.906987	81499.687739	-11838.707175	8370.538611
1584.602058	0.000000	516.029879	-11838.707175	189582.486040	-2622.955182
-823.906987	-516.029879	0.000000	8370.538611	-2622.955182	235822.482139
15	16	1770
200.000000	0.000000	0.000000	0.000000	1480.094974	417.207207
0.000000	200.000000	0.000000	-1480.094974	0.000000	804.937496
0.000000	0.000000	200.000000	-417.207207	-804.937496	0.000000
0.000000	-1480.094974	-417.207207	106724.754339	6888.356610	-15311.950488
1480.094974	0.000000	-804.937496	6888.356610	144222.409937	12075.319288
417.207207	804.937496	0.000000	-15311.950488	12075.319288	213478.885925
16	17	1770
200.000000	0.000000	0.000000	0.000000	1602.665710	-505.785324
0.000000	200.000000	0.000000	-1602.665710	0.000000	2560.899805
0.000000	0.000000	200.000000	505.785324	-2560.899805	0.000000
0.000000	-1602.665710	505.785324	126914.727639	22300.128740	-31502.685920
1602.665710	0.000000	-2560.899805	22300.128740	100620.626080	6720.507527
-505.785324	2560.899805	0.000000	-31502.685920	6720.507527	182241.151624
17	18	1770
200.000000	0.000000	0.000000	0.000000	1448.681742	-1569.326388
0.000000	200.000000	0.000000	-1448.681742	0.000000	2155.797630
0.000000	0.000000	200.000000	1569.326388	-2155.797630	0.000000
0.000000	-1448.681742	1569.326388	180380.823105	16052.709303	-23143.027440
1448.681742	0.000000	-2155.797630	16052.709303	70808.028150	4294.439265
-1569.326388	2155.797630	0.000000	-23143.027440	4294.439265	209865.286835
18	19	1770
200.000000	0.000000	0.000000	0.000000	1424.025161	-1434.789475
0.000000	200.000000	0.000000	-1424.025161	0.000000	1702.618354
0.000000	0.000000	200.000000	1434.789475	-1702.618354	0.000000
0.000000	-1424.025161	1434.789475	173823.142366	5857.149411	-17354.299781
1424.025161	0.000000	-1702.618354	5857.149411	67624.805750	4828.836961
-1434.789475	1702.618354	0.000000	-17354.299781	4828.836961	203794.337315
19	20	1770
200.000000	0.000000	0.000000	0.000000	1051.076525	-2690.560406
0.000000	200.000000	0.000000	-1051.076525	0.000000	1138.424526
0.000000	0.000000	200.000000	2690.560406	-1138.424526	0.000000
0.000000	-1051.076525	2690.560406	128910.679841	-20038.726789	-7133.283353
1051.076525	0.000000	-1138.424526	-20038.726789	92023.717235	-9345.277811
-2690.560406	1138.424526	0.000000	-7133.283353	-9345.277811	194985.757251
20	21	1770
200.000000	0.000000	0.000000	0.000000	1040.619967	-3019.344408
0.000000	200.000000	0.000000	-1040.619967	0.000000	2206.586580
0.000000	0.000000	200.000000	3019.344408	-2206.586580	0.000000
0.000000	-1040.619967	3019.344408	138652.148693	-44872.795332	-10220.173613
1040.619967	0.000000	-2206.586580	-44872.795332	150057.508298	-19745.753385
-3019.344408	2206.586580	0.000000	-10220.173613	-19745.753385	261180.088933
21	22	1770
200.000000	0.000000	0.000000	0.000000	1329.743657	-2562.157071
0.000000	200.000000	0.000000	-1329.743657	0.000000	2389.037816
0.000000	0.000000	200.000000	2562.157071	-2389.037816	0.000000
0.000000	-1329.743657	2562.157071	129202.548488	-32019.581655	-16188.786828
1329.743657	0.000000	-2389.037816	-32019.581655	134177.401717	-25104.589172
-2562.157071	2389.037816	0.000000	-16188.786828	-25104.589172	229790.059994
22	23	1770
200.000000	0.000000	0.000000	0.000000	1570.684152	-2665.783599
0.000000	200.000000	0.000000	-1570.684152	0.000000	1187.521689
0.000000	0.000000	200.000000	2665.783599	-1187.521689	0.000000
0.000000	-1570.684152	2665.783599	145896.439256	-33733.760148	-10313.482520
1570.684152	0.000000	-1187.521689	-33733.760148	134255.656754	-28205.649882
-2665.783599	1187.521689	0.000000	-10313.482520	-28205.649882	240836.489104
23	24	1770
200.000000	0.000000	0.000000	0.000000	1507.553311	-2931.889182
0.000000	200.000000	0.000000	-1507.553311	0.000000	1024.065881
0.000000	0.000000	200.000000	2931.889182	-1024.065881	0.000000
0.000000	-1507.553311	2931.889182	140541.136676	-34063.310033	-215.121589
1507.553311	0.000000	-1024.065881	-34063.310033	138509.017917	-25799.674361
-2931.889182	1024.065881	0.000000	-215.121589	-25799.674361	243161.996605
24	25	1770
200.000000	0.000000	0.000000	0.000000	1376.121989	-3318.250412
0.000000	200.000000	0.000000	-1376.121989	0.000000	808.669165
0.000000	0.000000	200.000000	3318.250412	-808.669165	0.000000
0.000000	-1376.121989	3318.250412	140609.088969	-39009.411671	2072.459525
1376.121989	0.000000	-808.669165	-39009.411671	113524.181030	-25690.345324
-3318.250412	808.669165	0.000000	2072.459525	-25690.345324	222498.568866
25	26	1770
200.000000	0.000000	0.000000	0.000000	1426.366720	-4385.029527
0.000000	200.000000	0.000000	-1426.366720	0.000000	566.222486
0.000000	0.000000	200.000000	4385.029527	-566.222486	0.000000
0.000000	-1426.366720	4385.029527	170542.174150	-47565.178366	1811.607281
1426.366720	0.000000	-566.222486	-47565.178366	120713.917866	-33108.180173
-4385.029527	566.222486	0.000000	1811.607281	-33108.180173	261678.076196
26	27	1770
200.000000	0.000000	0.000000	0.000000	1281.390341	-3047.140547
0.000000	200.000000	0.000000	-1281.390341	0.000000	-373.767426
0.000000	0.000000	200.000000	3047.140547	373.767426	0.000000
0.000000	-1281.390341	3047.140547	132562.937500	-16680.423145	205.677827
1281.390341	0.000000	373.767426	-16680.423145	116777.272812	-22979.841430
-3047.140547	-373.767426	0.000000	205.677827	-22979.841430	225388.250727
27	28	1770
200.000000	0.000000	0.000000	0.000000	1318.263294	-2542.327069
0.000000	200.000000	0.000000	-1318.263294	0.000000	-227.544261
0.000000	0.000000	200.000000	2542.327069	227.544261	0.000000
0.000000	-1318.263294	2542.327069	109511.474236	10676.753372	2039.481666
1318.263294	0.000000	227.544261	10676.753372	138517.009050	-16955.822789
-2542.327069	-227.544261	0.000000	2039.481666	-16955.822789	219744.101918
28	29	1770
200.000000	0.000000	0.000000	0.000000	1305.959711	-1919.739932
0.000000	200.000000	0.000000	-1305.959711	0.000000	-356.194900
0.000000	0.000000	200.000000	1919.739932	356.194900	0.000000
0.000000	-1305.959711	1919.739932	92242.118731	14067.941105	6030.315765
1305.959711	0.000000	356.194900	14067.941105	161966.843899	-12662.372442
-1919.739932	-356.194900	0.000000	6030.315765	-12662.372442	224813.938786
29	30	1770
200.000000	0.000000	0.000000	0.000000	1257.455790	-1175.168283
0.000000	200.000000	0.000000	-1257.455790	0.000000	2694.941687
0.000000	0.000000	200.000000	1175.168283	-2694.941687	0.000000
0.000000	-1257.455790	1175.168283	124159.186973	-40972.459356	-20554.279658
1257.455790	0.000000	-2694.941687	-40972.459356	154399.189439	-5305.943143
-1175.168283	2694.941687	0.000000	-20554.279658	-5305.943143	245660.674667
30	31	1770
200.000000	0.000000	0.000000	0.000000	1157.945291	-1142.862566
0.000000	200.000000	0.000000	-1157.945291	0.000000	2446.971743
0.000000	0.000000	200.000000	1142.862566	-2446.971743	0.000000
0.000000	-1157.945291	1142.862566	104513.363755	-36760.142917	-14738.957124
1157.945291	0.000000	-2446.971743	-36760.142917	158394.210005	-2983.520201
-1142.862566	2446.971743	0.000000	-14738.957124	-2983.520201	232071.715262
31	32	1770
200.000000	0.000000	0.000000	0.000000	1023.621091	-1893.199546
0.000000	200.000000	0.000000	-1023.621091	0.000000	1083.380053
0.000000	0.000000	200.000000	1893.199546	-1083.380053	0.000000
0.000000	-1023.621091	1893.199546	115932.070353	-38510.520852	-7498.602822
1023.621091	0.000000	-1083.380053	-38510.520852	117614.643907	-9285.994494
-1893.199546	1083.380053	0.000000	-7498.602822	-9285.994494	207770.312952
32	33	1770
200.000000	0.000000	0.000000	0.000000	711.489738	-1917.584131
0.000000	200.000000	0.000000	-711.489738	0.000000	-933.284661
0.000000	0.000000	200.000000	1917.584131	933.284661	0.000000
0.000000	-711.489738	1917.584131	116254.000615	-20282.015573	1630.273909
711.489738	0.000000	933.284661	-20282.015573	107020.767149	-6076.838672
-1917.584131	-933.284661	0.000000	1630.273909	-6076.838672	205777.194849
33	34	1770
200.000000	0.000000	0.000000	0.000000	762.858650	-1611.365685
0.000000	200.000000	0.000000	-762.858650	0.000000	-1562.372939
0.000000	0.000000	200.000000	1611.365685	1562.372939	0.000000
0.000000	-762.858650	1611.365685	123869.421945	-4656.024200	2933.434571
762.858650	0.000000	1562.372939	-4656.024200	117564.292746	-1668.957861
-1611.365685	-1562.372939	0.000000	2933.434571	-1668.957861	223568.161905
34	35	1770
200.000000	0.000000	0.000000	0.000000	915.437977	-909.421341
0.000000	200.000000	0.000000	-915.437977	0.000000	-848.628706
0.000000	0.000000	200.000000	909.421341	848.628706	0.000000
0.000000	-915.437977	909.421341	134437.488978	19131.373135	-1308.843030
915.437977	0.000000	848.628706	19131.373135	92070.160157	5749.442887
-909.421341	-848.628706	0.000000	-1308.843030	5749.442887	204028.999302
35	36	1770
200.000000	0.000000	0.000000	0.000000	1349.574675	-417.093965
0.000000	200.000000	0.000000	-1349.574675	0.000000	1884.238988
0.000000	0.000000	200.000000	417.093965	-1884.238988	0.000000
0.000000	-1349.574675	417.093965	118105.571896	12921.593011	-24838.732811
1349.574675	0.000000	-1884.238988	12921.593011	228249.269590	678.612455
-417.093965	1884.238988	0.000000	-24838.732811	678.612455	313899.875279
36	37	1770
200.000000	0.000000	0.000000	0.000000	1562.540469	1395.903677
0.000000	200.000000	0.000000	-1562.540469	0.000000	4709.410102
0.000000	0.000000	200.000000	-1395.903677	-4709.410102	0.000000
0.000000	-1562.540469	-1395.903677	114172.555229	43922.869697	-45603.579745
1562.540469	0.000000	-4709.410102	43922.869697	239553.837268	8024.721399
1395.903677	4709.410102	0.000000	-45603.579745	8024.721399	316349.472993
37	38	1770
200.000000	0.000000	0.000000	0.000000	1324.174906	401.877634
0.000000	200.000000	0.000000	-1324.174906	0.000000	2194.751977
0.000000	0.000000	200.000000	-401.877634	-2194.751977	0.000000
0.000000	-1324.174906	-401.877634	91172.897757	-167.122482	-18360.389555
1324.174906	0.000000	-2194.751977	-167.122482	131640.521259	-4265.193530
401.877634	2194.751977	0.000000	-18360.389555	-4265.193530	190704.557956
38	39	1770
200.000000	0.000000	0.000000	0.000000	1164.015396	1421.421760
0.000000	200.000000	0.000000	-1164.015396	0.000000	2041.753125
0.000000	0.000000	200.000000	-1421.421760	-2041.753125	0.000000
0.000000	-1164.015396	-1421.421760	182999.842218	25366.293324	-18305.022818
1164.015396	0.000000	-2041.753125	25366.293324	119937.204426	3613.345720
1421.421760	2041.753125	0.000000	-18305.022818	3613.345720	278342.875095
39	40	1770
200.000000	0.000000	0.000000	0.000000	1260.174447	2575.058172
0.000000	200.000000	0.000000	-1260.174447	0.000000	1404.585562
0.000000	0.000000	200.000000	-2575.058172	-1404.585562	0.000000
0.000000	-1260.174447	-2575.058172	203167.617122	9854.168632	-10069.786875
1260.174447	0.000000	-1404.585562	9854.168632	117115.274087	17832.661406
2575.058172	1404.585562	0.000000	-10069.786875	17832.661406	291205.202052
40	41	1770
200.000000	0.000000	0.000000	0.000000	1427.839532	3488.164877
0.000000	200.000000	0.000000	-1427.839532	0.000000	1376.259324
0.000000	0.000000	200.000000	-3488.164877	-1376.259324	0.000000
0.000000	-1427.839532	-3488.164877	170465.092230	37099.694924	-16750.592690
1427.839532	0.000000	-1376.259324	37099.694924	138547.618479	35490.338356
3488.164877	1376.259324	0.000000	-16750.592690	35490.338356	265220.004044
41	42	1770
200.000000	0.000000	0.000000	0.000000	1964.737038	2522.097478
0.000000	200.000000	0.000000	-1964.737038	0.000000	877.090557
0.000000	0.000000	200.000000	-2522.097478	-877.090557	0.000000
0.000000	-1964.737038	-2522.097478	161924.884578	9092.760868	-8979.180170
1964.737038	0.000000	-877.090557	9092.760868	166220.605039	35458.132933
2522.097478	877.090557	0.000000	-8979.180170	35458.132933	262665.963099
42	43	1770
200.000000	0.000000	0.000000	0.000000	2264.922678	1646.130682
0.000000	200.000000	0.000000	-2264.922678	0.000000	709.584984
0.000000	0.000000	200.000000	-1646.130682	-709.584984	0.000000
0.000000	-2264.922678	-1646.130682	139014.773651	21315.957143	-10788.956450
2264.922678	0.000000	-709.584984	21315.957143	176473.341509	21446.351256
1646.130682	709.584984	0.000000	-10788.956450	21446.351256	237641.460026
43	44	1770
200.000000	0.000000	0.000000	0.000000	2058.319572	-249.166173
0.000000	200.000000	0.000000	-2058.319572	0.000000	1106.073060
0.000000	0.000000	200.000000	249.166173	-1106.073060	0.000000
0.000000	-2058.319572	249.166173	115122.992650	9282.558208	-15799.324682
2058.319572	0.000000	-1106.073060	9282.558208	159864.758792	-1359.732861
-249.166173	1106.073060	0.000000	-15799.324682	-1359.732861	210037.436381
44	45	1770
200.000000	0.000000	0.000000	0.000000	1433.216333	-332.137435
0.000000	200.000000	0.000000	-1433.216333	0.000000	1109.834180
0.000000	0.000000	200.000000	332.137435	-1109.834180	0.000000
0.000000	-1433.216333	332.137435	141579.341416	-2797.061622	-18341.094584
1433.216333	0.000000	-1109.834180	-2797.061622	111650.573129	-4086.883768
-332.137435	1109.834180	0.000000	-18341.094584	-4086.883768	212517.356424
45	46	1770
200.000000	0.000000	0.000000	0.000000	1190.884150	-201.327866
0.000000	200.000000	0.000000	-1190.884150	0.000000	675.171462
0.000000	0.000000	200.000000	201.327866	-675.171462	0.000000
0.000000	-1190.884150	201.327866	163888.796616	-23270.012866	-11247.588609
1190.884150	0.000000	-675.171462	-23270.012866	94653.212848	-7250.197399
-201.327866	675.171462	0.000000	-11247.588609	-7250.197399	229497.771220
46	47	1770
200.000000	0.000000	0.000000	0.000000	1051.097604	2643.239553
0.000000	200.000000	0.000000	-1051.097604	0.000000	-969.710062
0.000000	0.000000	200.000000	-2643.239553	969.710062	0.000000
0.000000	-1051.097604	-2643.239553	214732.402504	-26816.968686	9405.150467
1051.097604	0.000000	969.710062	-26816.968686	83227.602216	32363.351434
2643.239553	-969.710062	0.000000	9405.150467	32363.351434	273994.957796
47	48	1770
200.000000	0.000000	0.000000	0.000000	1238.378141	2589.836526
0.000000	200.000000	0.000000	-1238.378141	0.000000	-1614.629611
0.000000	0.000000	200.000000	-2589.836526	1614.629611	0.000000
0.000000	-1238.378141	-2589.836526	166213.660248	-14609.212819	18138.584720
1238.378141	0.000000	1614.629611	-14609.212819	82269.063570	28188.271280
2589.836526	-1614.629611	0.000000	18138.584720	28188.271280	217104.735653
48	49	1770
200.000000	0.000000	0.000000	0.000000	1530.785994	-214.253870
0.000000	200.000000	0.000000	-1530.785994	0.000000	-1270.794436
0.000000	0.000000	200.000000	214.253870	1270.794436	0.000000
0.000000	-1530.785994	214.253870	121969.637966	60321.579300	11488.587520
1530.785994	0.000000	1270.794436	60321.579300	143941.258082	782.445347
-214.253870	-1270.794436	0.000000	11488.587520	782.445347	226783.787287
49	50	1770
200.000000	0.000000	0.000000	0.000000	1472.197798	803.277500
0.000000	200.000000	0.000000	-1472.197798	0.000000	-287.226354
0.000000	0.000000	200.000000	-803.277500	287.226354	0.000000
0.000000	-1472.197798	-803.277500	114704.893134	24403.149434	6533.349359
1472.197798	0.000000	287.226354	24403.149434	141234.084047	6943.992538
803.277500	-287.226354	0.000000	6533.349359	6943.992538	212622.345737
50	51	1770
200.000000	0.000000	0.000000	0.000000	1425.645202	236.344933
0.000000	200.000000	0.000000	-1425.645202	0.000000	312.308111
0.000000	0.000000	200.000000	-236.344933	-312.308111	0.000000
0.000000	-1425.645202	-236.344933	109644.156851	4930.275809	-2428.129642
1425.645202	0.000000	-312.308111	4930.275809	142105.285770	3069.330157
236.344933	312.308111	0.000000	-2428.129642	3069.330157	212452.987040
51	52	1770
200.000000	0.000000	0.000000	0.000000	1600.844321	1084.658268
0.000000	200.000000	0.000000	-1600.844321	0.000000	184.934055
0.000000	0.000000	200.000000	-1084.658268	-184.934055	0.000000
0.000000	-1600.844321	-1084.658268	165226.639480	-29317.076228	-7330.017437
1600.844321	0.000000	-184.934055	-29317.076228	143214.201313	6736.419463
1084.658268	184.934055	0.000000	-7330.017437	6736.419463	264174.841037
52	53	1770
200.000000	0.000000	0.000000	0.000000	1476.311972	347.103475
0.000000	200.000000	0.000000	-1476.311972	0.000000	435.403357
0.000000	0.000000	200.000000	-347.103475	-435.403357	0.000000
0.000000	-1476.311972	-347.103475	130485.851480	-19471.788885	-5877.381317
1476.311972	0.000000	-435.403357	-19471.788885	156360.451610	485.314435
347.103475	435.403357	0.000000	-5877.381317	485.314435	244119.194369
53	54	1770
200.000000	0.000000	0.000000	0.000000	1626.040704	1337.690588
0.000000	200.000000	0.000000	-1626.040704	0.000000	662.617375
0.000000	0.000000	200.000000	-1337.690588	-662.617375	0.000000
0.000000	-1626.040704	-1337.690588	159383.694661	-37237.125515	-12090.406162
1626.040704	0.000000	-662.617375	-37237.125515	164381.069374	-952.343123
1337.690588	662.617375	0.000000	-12090.406162	-952.343123	278599.161465
54	55	1770
200.000000	0.000000	0.000000	0.000000	2008.620673	3383.149802
0.000000	200.000000	0.000000	-2008.620673	0.000000	1755.527334
0.000000	0.000000	200.000000	-3383.149802	-1755.527334	0.000000
0.000000	-2008.620673	-3383.149802	212692.361014	50135.794327	-18425.076291
2008.620673	0.000000	-1755.527334	50135.794327	242136.933115	34919.335888
3383.149802	1755.527334	0.000000	-18425.076291	34919.335888	397664.367156
55	56	1770
200.000000	0.000000	0.000000	0.000000	2351.152357	4346.451910
0.000000	200.000000	0.000000	-2351.152357	0.000000	3612.742871
0.000000	0.000000	200.000000	-4346.451910	-3612.742871	0.000000
0.000000	-2351.152357	-4346.451910	163337.407473	107057.335381	-32900.518465
2351.152357	0.000000	-3612.742871	107057.335381	278309.130271	52895.153077
4346.451910	3612.742871	0.000000	-32900.518465	52895.153077	368361.521349
56	57	1770
200.000000	0.000000	0.000000	0.000000	2383.736965	1610.379674
0.000000	200.000000	0.000000	-2383.736965	0.000000	3946.382897
0.000000	0.000000	200.000000	-1610.379674	-3946.382897	0.000000
0.000000	-2383.736965	-1610.379674	87979.658296	20942.446194	-40199.512276
2383.736965	0.000000	-3946.382897	20942.446194	249543.385034	20357.846969
1610.379674	3946.382897	0.000000	-40199.512276	20357.846969	263691.349496
57	58	1770
200.000000	0.000000	0.000000	0.000000	2319.929950	-1653.675272
0.000000	200.000000	0.000000	-2319.929950	0.000000	3953.932012
0.000000	0.000000	200.000000	1653.675272	-3953.932012	0.000000
0.000000	-2319.929950	1653.675272	131578.244865	-65144.526280	-45074.058999
2319.929950	0.000000	-3953.932012	-65144.526280	221227.437771	-19977.756081
-1653.675272	3953.932012	0.000000	-45074.058999	-19977.756081	281644.200803
58	59	1770
200.000000	0.000000	0.000000	0.000000	2289.997372	-1810.216714
0.000000	200.000000	0.000000	-2289.997372	0.000000	3318.822970
0.000000	0.000000	200.000000	1810.216714	-3318.822970	0.000000
0.000000	-2289.997372	1810.216714	214421.685201	-84052.941750	-34872.770389
2289.997372	0.000000	-3318.822970	-84052.941750	220291.369316	-20685.599521
-1810.216714	3318.822970	0.000000	-34872.770389	-20685.599521	364209.859632
59	60	1770
200.000000	0.000000	0.000000	0.000000	2113.273528	2009.706216
0.000000	200.000000	0.000000	-2113.273528	0.000000	699.160009
0.000000	0.000000	200.000000	-2009.706216	-699.160009	0.000000
0.000000	-2113.273528	-2009.706216	200977.511715	-59371.368442	-2213.563138
2113.273528	0.000000	-699.160009	-59371.368442	189454.727628	15321.646725
2009.706216	699.160009	0.000000	-2213.563138	15321.646725	325454.206325
60	61	1770
200.000000	0.000000	0.000000	0.000000	2084.699744	1648.457864
0.000000	200.000000	0.000000	-2084.699744	0.000000	-219.724239
0.000000	0.000000	200.000000	-1648.457864	219.724239	0.000000
0.000000	-2084.699744	-1648.457864	113873.171151	-39742.164864	15545.835323
2084.699744	0.000000	219.724239	-39742.164864	213528.971782	20916.053962
1648.457864	-219.724239	0.000000	15545.835323	20916.053962	258022.367066
61	62	1770
200.000000	0.000000	0.000000	0.000000	2954.865334	1798.942087
0.000000	200.000000	0.000000	-2954.865334	0.000000	-2160.958765
0.000000	0.000000	200.000000	-1798.942087	2160.958765	0.000000
0.000000	-2954.865334	-1798.942087	153002.653915	-68151.299380	61140.075752
2954.865334	0.000000	2160.958765	-68151.299380	296064.935957	34977.881660
1798.942087	-2160.958765	0.000000	61140.075752	34977.881660	328106.691813
62	63	1770
200.000000	0.000000	0.000000	0.000000	2422.793618	982.554576
0.000000	200.000000	0.000000	-2422.793618	0.000000	-3573.235580
0.000000	0.000000	200.000000	-982.554576	3573.235580	0.000000
0.000000	-2422.793618	-982.554576	133219.196580	7940.787218	86839.191447
2422.793618	0.000000	3573.235580	7940.787218	262751.237319	6626.137681
982.554576	-3573.235580	0.000000	86839.191447	6626.137681	294348.954550
63	64	1770
200.000000	0.000000	0.000000	0.000000	2224.007328	2271.994104
0.000000	200.000000	0.000000	-2224.007328	0.000000	1530.251830
0.000000	0.000000	200.000000	-2271.994104	-1530.251830	0.000000
0.000000	-2224.007328	-2271.994104	141950.973939	64094.754155	-10879.634732
2224.007328	0.000000	-1530.251830	64094.754155	297437.618839	22604.866392
2271.994104	1530.251830	0.000000	-10879.634732	22604.866392	354337.642434
64	65	1770
200.000000	0.000000	0.000000	0.000000	2273.940774	1441.053858
0.000000	200.000000	0.000000	-2273.940774	0.000000	4229.270865
0.000000	0.000000	200.000000	-1441.053858	-4229.270865	0.000000
0.000000	-2273.940774	-1441.053858	104430.059720	37039.269898	-68157.145936
2273.940774	0.000000	-4229.270865	37039.269898	297201.870179	18702.027620
1441.053858	4229.270865	0.000000	-68157.145936	18702.027620	309111.469435
65	66	1770
200.000000	0.000000	0.000000	0.000000	2413.068203	17.243497
0.000000	200.000000	0.000000	-2413.068203	0.000000	3930.786733
0.000000	0.000000	200.000000	-17.243497	-3930.786733	0.000000
0.000000	-2413.068203	-17.243497	117728.152362	-7877.520970	-70032.233988
2413.068203	0.000000	-3930.786733	-7877.520970	311198.534922	-1502.450283
17.243497	3930.786733	0.000000	-70032.233988	-1502.450283	320364.042762
66	67	1770
200.000000	0.000000	0.000000	0.000000	1455.353970	856.728846
0.000000	200.000000	0.000000	-1455.353970	0.000000	2019.549316
0.000000	0.000000	200.000000	-856.728846	-2019.549316	0.000000
0.000000	-1455.353970	-856.728846	169618.955388	-19191.662856	-17806.487361
1455.353970	0.000000	-2019.549316	-19191.662856	233990.883931	-2338.217798
856.728846	2019.549316	0.000000	-17806.487361	-2338.217798	361364.391386
67	68	1770
200.000000	0.000000	0.000000	0.000000	1589.051308	3513.509622
0.000000	200.000000	0.000000	-1589.051308	0.000000	1613.329745
0.000000	0.000000	200.000000	-3513.509622	-1613.329745	0.000000
0.000000	-1589.051308	-3513.509622	171197.740633	14719.462338	-29268.769968
1589.051308	0.000000	-1613.329745	14719.462338	216755.472489	29442.307187
3513.509622	1613.329745	0.000000	-29268.769968	29442.307187	329351.048918
68	69	1770
200.000000	0.000000	0.000000	0.000000	2173.166717	1990.677705
0.000000	200.000000	0.000000	-2173.166717	0.000000	3056.170954
0.000000	0.000000	200.000000	-1990.677705	-3056.170954	0.000000
0.000000	-2173.166717	-1990.677705	136072.295591	45691.538369	-50681.720847
2173.166717	0.000000	-3056.170954	45691.538369	285533.092631	8783.107539
1990.677705	3056.170954	0.000000	-50681.720847	8783.107539	322787.071119
69	70	1770
200.000000	0.000000	0.000000	0.000000	1981.298618	3080.962746
0.000000	200.000000	0.000000	-1981.298618	0.000000	1860.574697
0.000000	0.000000	200.000000	-3080.962746	-1860.574697	0.000000
0.000000	-1981.298618	-3080.962746	207513.282314	-8799.141439	-23839.187424
1981.298618	0.000000	-1860.574697	-8799.141439	217577.931546	24844.371911
3080.962746	1860.574697	0.000000	-23839.187424	24844.371911	355685.553718
70	71	1770
200.000000	0.000000	0.000000	0.000000	1581.711362	2474.444367
0.000000	200.000000	0.000000	-1581.711362	0.000000	1807.835056
0.000000	0.000000	200.000000	-2474.444367	-1807.835056	0.000000
0.000000	-1581.711362	-2474.444367	135879.825299	-4543.336102	-8348.964688
1581.711362	0.000000	-1807.835056	-4543.336102	197757.216440	24983.422192
2474.444367	1807.835056	0.000000	-8348.964688	24983.422192	287661.336949
71	72	1770
200.000000	0.000000	0.000000	0.000000	1686.388042	435.044772
0.000000	200.000000	0.000000	-1686.388042	0.000000	2009.831500
0.000000	0.000000	200.000000	-435.044772	-2009.831500	0.000000
0.000000	-1686.388042	-435.044772	113374.058287	-23810.826146	-17829.023202
1686.388042	0.000000	-2009.831500	-23810.826146	206369.407386	9926.731010
435.044772	2009.831500	0.000000	-17829.023202	9926.731010	271968.922806
72	73	1770
200.000000	0.000000	0.000000	0.000000	2019.659430	897.433932
0.000000	200.000000	0.000000	-2019.659430	0.000000	1526.603320
0.000000	0.000000	200.000000	-897.433932	-1526.603320	0.000000
0.000000	-2019.659430	-897.433932	180468.089700	-31029.939376	-12200.579918
2019.659430	0.000000	-1526.603320	-31029.939376	205831.132595	13897.349914
897.433932	1526.603320	0.000000	-12200.579918	13897.349914	327931.947887
73	74	1770
200.000000	0.000000	0.000000	0.000000	1940.999281	743.538280
0.000000	200.000000	0.000000	-1940.999281	0.000000	1357.857552
0.000000	0.000000	200.000000	-743.538280	-1357.857552	0.000000
0.000000	-1940.999281	-743.538280	190302.857931	-35370.333937	-13877.176465
1940.999281	0.000000	-1357.857552	-35370.333937	190019.619208	10237.232393
743.538280	1357.857552	0.000000	-13877.176465	10237.232393	324405.483552
74	75	1770
200.000000	0.000000	0.000000	0.000000	1604.666073	2269.683206
0.000000	200.000000	0.000000	-1604.666073	0.000000	1292.313482
0.000000	0.000000	200.000000	-2269.683206	-1292.313482	0.000000
0.000000	-1604.666073	-2269.683206	153114.594110	68098.496051	-9961.666194
1604.666073	0.000000	-1292.313482	68098.496051	167932.134690	19571.047761
2269.683206	1292.313482	0.000000	-9961.666194	19571.047761	281453.295572
75	76	1770
200.000000	0.000000	0.000000	0.000000	1803.706480	2075.574064
0.000000	200.000000	0.000000	-1803.706480	0.000000	4192.520585
0.000000	0.000000	200.000000	-2075.574064	-4192.520585	0.000000
0.000000	-1803.706480	-2075.574064	122733.465949	77682.327875	-35198.138759
1803.706480	0.000000	-4192.520585	77682.327875	203351.476383	13640.665434
2075.574064	4192.520585	0.000000	-35198.138759	13640.665434	281612.097443
76	77	1770
200.000000	0.000000	0.000000	0.000000	1294.048227	2169.253081
0.000000	200.000000	0.000000	-1294.048227	0.000000	3541.459410
0.000000	0.000000	200.000000	-2169.253081	-3541.459410	0.000000
0.000000	-1294.048227	-2169.253081	112097.861340	16738.235077	-29481.121442
1294.048227	0.000000	-3541.459410	16738.235077	141539.095652	9783.230068
2169.253081	3541.459410	0.000000	-29481.121442	9783.230068	225658.966026
77	78	1770
200.000000	0.000000	0.000000	0.000000	1061.570256	695.852616
0.000000	200.000000	0.000000	-1061.570256	0.000000	2340.734801
0.000000	0.000000	200.000000	-695.852616	-2340.734801	0.000000
0.000000	-1061.570256	-695.852616	107833.986186	14719.694124	-17956.411694
1061.570256	0.000000	-2340.734801	14719.694124	122965.107451	357.936671
695.852616	2340.734801	0.000000	-17956.411694	357.936671	208553.807458
78	79	1770
200.000000	0.000000	0.000000	0.000000	834.407079	-1212.649320
0.000000	200.000000	0.000000	-834.407079	0.000000	1598.226293
0.000000	0.000000	200.000000	1212.649320	-1598.226293	0.000000
0.000000	-834.407079	1212.649320	107130.932549	-11574.236511	-10707.817171
834.407079	0.000000	-1598.226293	-11574.236511	108210.034834	-7159.992366
-1212.649320	1598.226293	0.000000	-10707.817171	-7159.992366	199200.776159
79	80	1770
200.000000	0.000000	0.000000	0.000000	1271.125286	1437.615944
0.000000	200.000000	0.000000	-1271.125286	0.000000	709.746057
0.000000	0.000000	200.000000	-1437.615944	-709.746057	0.000000
0.000000	-1271.125286	-1437.615944	188679.290341	-13284.277120	-1494.736716
1271.125286	0.000000	-709.746057	-13284.277120	126288.285345	23280.560218
1437.615944	709.746057	0.000000	-1494.736716	23280.560218	282529.409024
80	81	1770
200.000000	0.000000	0.000000	0.000000	1704.791866	2793.721844
0.000000	200.000000	0.000000	-1704.791866	0.000000	-421.737360
0.000000	0.000000	200.000000	-2793.721844	421.737360	0.000000
0.000000	-1704.791866	-2793.721844	212467.036981	-42227.476720	12979.892991
1704.791866	0.000000	421.737360	-42227.476720	154536.235741	36497.913079
2793.721844	-421.737360	0.000000	12979.892991	36497.913079	319479.997176
81	82	1770
200.000000	0.000000	0.000000	0.000000	1764.004371	4218.316019
0.000000	200.000000	0.000000	-1764.004371	0.000000	-1070.742117
0.000000	0.000000	200.000000	-4218.316019	1070.742117	0.000000
0.000000	-1764.004371	-4218.316019	208153.432991	-69152.264131	17129.972329
1764.004371	0.000000	1070.742117	-69152.264131	175968.449889	45563.630768
4218.316019	-1070.742117	0.000000	17129.972329	45563.630768	336767.550327
82	83	1770
200.000000	0.000000	0.000000	0.000000	1747.806401	4537.887293
0.000000	200.000000	0.000000	-1747.806401	0.000000	-1412.514488
0.000000	0.000000	200.000000	-4537.887293	1412.514488	0.000000
0.000000	-1747.806401	-4537.887293	177166.423699	-31882.843082	25736.273822
1747.806401	0.000000	1412.514488	-31882.843082	157493.272609	41297.358008
4537.887293	-1412.514488	0.000000	25736.273822	41297.358008	287893.449075
83	84	1770
200.000000	0.000000	0.000000	0.000000	1782.295217	3650.779505
0.000000	200.000000	0.000000	-1782.295217	0.000000	-1238.158185
0.000000	0.000000	200.000000	-3650.779505	1238.158185	0.000000
0.000000	-1782.295217	-3650.779505	145451.024584	-8601.737620	25240.831019
1782.295217	0.000000	1238.158185	-8601.737620	165457.384836	27507.596822
3650.779505	-1238.158185	0.000000	25240.831019	27507.596822	265438.436917
84	85	1770
200.000000	0.000000	0.000000	0.000000	1309.139817	627.296580
0.000000	200.000000	0.000000	-1309.139817	0.000000	-287.498497
0.000000	0.000000	200.000000	-627.296580	287.498497	0.000000
0.000000	-1309.139817	-627.296580	108258.727657	34858.606549	18305.433309
1309.139817	0.000000	287.498497	34858.606549	144095.264260	-3363.546426
627.296580	-287.498497	0.000000	18305.433309	-3363.546426	222821.898767
85	86	1770
200.000000	0.000000	0.000000	0.000000	1132.204103	1372.384793
0.000000	200.000000	0.000000	-1132.204103	0.000000	3192.575599
0.000000	0.000000	200.000000	-1372.384793	-3192.575599	0.000000
0.000000	-1132.204103	-1372.384793	165583.540091	62997.221696	-17856.676414
1132.204103	0.000000	-3192.575599	62997.221696	135072.059450	15602.976299
1372.384793	3192.575599	0.000000	-17856.676414	15602.976299	279259.441581
86	87	1770
200.000000	0.000000	0.000000	0.000000	1130.468749	-376.603048
0.000000	200.000000	0.000000	-1130.468749	0.000000	3078.927987
0.000000	0.000000	200.000000	376.603048	-3078.927987	0.000000
0.000000	-1130.468749	376.603048	108474.660042	31296.853840	-17732.674769
1130.468749	0.000000	-3078.927987	31296.853840	125220.756041	8356.514967
-376.603048	3078.927987	0.000000	-17732.674769	8356.514967	211623.759352
87	88	1770
200.000000	0.000000	0.000000	0.000000	1296.189751	-221.583048
0.000000	200.000000	0.000000	-1296.189751	0.000000	5366.878474
0.000000	0.000000	200.000000	221.583048	-5366.878474	0.000000
0.000000	-1296.189751	221.583048	110204.556394	12279.313010	-34640.366127
1296.189751	0.000000	-5366.878474	12279.313010	196353.835239	-427.640509
-221.583048	5366.878474	0.000000	-34640.366127	-427.640509	278639.419251
88	89	1770
200.000000	0.000000	0.000000	0.000000	1467.307248	-497.169433
0.000000	200.000000	0.000000	-1467.307248	0.000000	5809.128139
0.000000	0.000000	200.000000	497.169433	-5809.128139	0.000000
0.000000	-1467.307248	497.169433	105951.305677	-11396.944780	-27176.542834
1467.307248	0.000000	-5809.128139	-11396.944780	297188.932839	-2564.557138
-497.169433	5809.128139	0.000000	-27176.542834	-2564.557138	365025.556800
89	90	1770
200.000000	0.000000	0.000000	0.000000	1703.036832	-730.982818
0.000000	200.000000	0.000000	-1703.036832	0.000000	3485.160833
0.000000	0.000000	200.000000	730.982818	-3485.160833	0.000000
0.000000	-1703.036832	730.982818	161115.426142	-28347.423107	16715.862220
1703.036832	0.000000	-3485.160833	-28347.423107	357722.028768	-3557.161175
-730.982818	3485.160833	0.000000	16715.862220	-3557.161175	461316.306429
90	91	1770
200.000000	0.000000	0.000000	0.000000	2940.407151	5590.959076
0.000000	200.000000	0.000000	-2940.407151	0.000000	1627.084110
0.000000	0.000000	200.000000	-5590.959076	-1627.084110	0.000000
0.000000	-2940.407151	-5590.959076	248627.216671	2554.641356	-3642.698716
2940.407151	0.000000	-1627.084110	2554.641356	300880.751404	95159.064611
5590.959076	1627.084110	0.000000	-3642.698716	95159.064611	440772.167788
91	92	1770
200.000000	0.000000	0.000000	0.000000	3381.022267	4200.977261
0.000000	200.000000	0.000000	-3381.022267	0.000000	-699.045745
0.000000	0.000000	200.000000	-4200.977261	699.045745	0.000000
0.000000	-3381.022267	-4200.977261	179559.302992	-31935.116267	15741.095864
3381.022267	0.000000	699.045745	-31935.116267	295154.231267	70449.222718
4200.977261	-699.045745	0.000000	15741.095864	70449.222718	347113.157648
92	93	1770
200.000000	0.000000	0.000000	0.000000	3372.128177	1912.290509
0.000000	200.000000	0.000000	-3372.128177	0.000000	-1655.889964
0.000000	0.000000	200.000000	-1912.290509	1655.889964	0.000000
0.000000	-3372.128177	-1912.290509	154155.382330	-45692.611001	25200.898757
3372.128177	0.000000	1655.889964	-45692.611001	270896.550231	28265.252147
1912.290509	-1655.889964	0.000000	25200.898757	28265.252147	302082.811648
93	94	1770
200.000000	0.000000	0.000000	0.000000	3165.291335	1702.219607
0.000000	200.000000	0.000000	-3165.291335	0.000000	-2341.162464
0.000000	0.000000	200.000000	-1702.219607	2341.162464	0.000000
0.000000	-3165.291335	-1702.219607	173679.091451	-79234.887918	30770.689586
3165.291335	0.000000	2341.162464	-79234.887918	233098.569657	24295.513346
1702.219607	-2341.162464	0.000000	30770.689586	24295.513346	298932.230258
94	95	1770
200.000000	0.000000	0.000000	0.000000	2794.324010	2712.830985
0.000000	200.000000	0.000000	-2794.324010	0.000000	-5527.008161
0.000000	0.000000	200.000000	-2712.830985	5527.008161	0.000000
0.000000	-2794.324010	-2712.830985	147104.484227	-61827.822474	77717.383858
2794.324010	0.000000	5527.008161	-61827.822474	236766.849042	43688.593142
2712.830985	-5527.008161	0.000000	77717.383858	43688.593142	293645.445353
95	96	1770
200.000000	0.000000	0.000000	0.000000	2994.096691	1336.613644
0.000000	200.000000	0.000000	-2994.096691	0.000000	-5498.919483
