0	0	1
1.00000000 0.00000000 0.00000000 0.00000000
0.00000000 1.00000000 0.00000000 0.00000000
0.00000000 0.00000000 1.00000000 0.00000000
0.00000000 0.00000000 0.00000000 1.00000000
1	1	2
0.98649454 0.10954558 -0.12177142 -7.45422007
-0.10217768 0.99262681 0.06520539 13.27373462
0.12801654 -0.05188244 0.99041404 -0.20962374
0.00000000 0.00000000 0.00000000 1.00000000
2	2	3
0.92987466 0.24344967 -0.27579950 -10.75346471
-0.19404664 0.96151797 0.19449704 23.72657886
0.31253642 -0.12733990 0.94133179 -1.47832072
0.00000000 0.00000000 0.00000000 1.00000000
3	3	4
0.90629356 0.31110505 -0.28608677 -12.59432029
-0.23369341 0.93286684 0.27412925 33.24006628
0.35216386 -0.18158498 0.91815441 -4.17347892
0.00000000 0.00000000 0.00000000 1.00000000
4	4	5
0.91221830 0.31260555 -0.26483117 -13.84898778
-0.24069339 0.93198906 0.27104074 43.01854271
0.33154859 -0.18350521 0.92541956 -7.60546339
0.00000000 0.00000000 0.00000000 1.00000000
5	5	6
0.92638440 0.27536913 -0.25687310 -15.11288477
-0.22095347 0.94982763 0.22137531 52.20333568
0.30494510 -0.14832163 0.94074927 -10.76583134
0.00000000 0.00000000 0.00000000 1.00000000
6	6	7
0.98758183 0.03993999 -0.15194383 -16.69211450
-0.04915548 0.99714128 -0.05738469 61.71074991
0.14921752 0.06414095 0.98672188 -13.53258992
0.00000000 0.00000000 0.00000000 1.00000000
7	7	8
0.98792455 0.04271045 -0.14893255 -20.77350573
-0.05135098 0.99718369 -0.05466052 70.69030060
0.14617854 0.06164831 0.98733547 -13.78285415
0.00000000 0.00000000 0.00000000 1.00000000
8	8	9
0.98758885 0.04002527 -0.15187573 -24.95555466
-0.04924613 0.99713338 -0.05744429 79.62978908
0.14914114 0.06421063 0.98672890 -13.97590966
0.00000000 0.00000000 0.00000000 1.00000000
9	9	10
0.99680176 -0.05240854 -0.06032911 -29.06272755
0.03631087 0.96952598 -0.24228267 88.32585649
0.07118832 0.23931719 0.96832820 -14.08644538
0.00000000 0.00000000 0.00000000 1.00000000
10	10	11
0.99875377 -0.04481200 -0.02197258 -34.23394639
0.03676313 0.95830645 -0.28336763 97.07805546
0.03375474 0.28220671 0.95875961 -12.21290917
0.00000000 0.00000000 0.00000000 1.00000000
11	11	12
0.99859027 -0.00855607 -0.05238574 -39.21114629
-0.00174672 0.98109153 -0.19353645 105.66513557
0.05305112 0.19335512 0.97969351 -9.73077015
0.00000000 0.00000000 0.00000000 1.00000000
12	12	13
0.96837988 0.12284517 -0.21713928 -44.34305463
-0.07531391 0.97370786 0.21499025 115.34916571
0.23784074 -0.19183863 0.95217106 -7.99153098
0.00000000 0.00000000 0.00000000 1.00000000
13	13	14
0.97097147 0.06822022 -0.22926056 -48.27746393
-0.00453098 0.96353965 0.26752721 125.80502109
0.23915240 -0.25872252 0.93587862 -11.03459520
0.00000000 0.00000000 0.00000000 1.00000000
14	14	15
0.97428204 0.06996911 -0.21419346 -52.71712727
-0.01335522 0.96682788 0.25507939 137.22704258
0.22493589 -0.24565866 0.94289749 -15.33685375
0.00000000 0.00000000 0.00000000 1.00000000
15	15	16
0.98500034 0.01566431 -0.17183995 -54.77557739
0.00565512 0.99240547 0.12287965 148.32748309
0.17245973 -0.12200827 0.97743114 -19.15590487
0.00000000 0.00000000 0.00000000 1.00000000
16	16	17
0.99513713 0.01915850 -0.09661801 -54.51204735
-0.00983025 0.99532171 0.09611480 152.27460764
0.09800742 -0.09469763 0.99066993 -19.67681101
0.00000000 0.00000000 0.00000000 1.00000000
17	17	18
0.99677866 0.00682908 -0.07991037 -53.54936124
-0.00447172 0.99955058 0.02964192 155.70953651
0.08007688 -0.02918909 0.99636122 -20.06474530
0.00000000 0.00000000 0.00000000 1.00000000
18	18	19
0.99928417 0.03340290 -0.01775939 -51.87130943
-0.03229007 0.99769795 0.05963349 159.61128614
0.01971044 -0.05901736 0.99806235 -20.16260344
0.00000000 0.00000000 0.00000000 1.00000000
19	19	20
0.99885453 0.02679684 0.03964297 -49.12505955
-0.02763631 0.99940201 0.02078137 164.59982138
-0.03906239 -0.02185315 0.99899778 -20.56381522
0.00000000 0.00000000 0.00000000 1.00000000
20	20	21
0.99975264 0.02221493 -0.00107590 -42.26150495
-0.02200968 0.99515614 0.09581144 171.84964505
0.00319914 -0.09576406 0.99539892 -21.47671106
0.00000000 0.00000000 0.00000000 1.00000000
21	21	22
0.99956160 0.02808231 -0.00937997 -27.86151159
-0.02682723 0.99307950 0.11433900 178.93988811
0.01252596 -0.11403723 0.99339751 -22.48026949
0.00000000 0.00000000 0.00000000 1.00000000
22	22	23
0.99949819 0.03133356 -0.00464482 -17.90467879
-0.03066260 0.99385779 0.10633201 182.68786354
0.00794805 -0.10613623 0.99431983 -23.01033246
0.00000000 0.00000000 0.00000000 1.00000000
23	23	24
0.99948808 0.03198679 -0.00064877 -8.60780819
-0.03176687 0.99461682 0.09863190 185.77581042
0.00380020 -0.09856080 0.99512377 -23.35796280
0.00000000 0.00000000 0.00000000 1.00000000
24	24	25
0.99920579 0.03246267 -0.02310749 0.90420311
-0.02826567 0.98618839 0.16319778 189.06191687
0.02808617 -0.16241502 0.98632273 -23.85166376
0.00000000 0.00000000 0.00000000 1.00000000
25	25	26
0.99906582 0.04101455 -0.01361241 11.00537607
-0.03834790 0.98664671 0.15829628 192.39444230
0.01992309 -0.15762640 0.98729782 -24.35303283
0.00000000 0.00000000 0.00000000 1.00000000
26	26	27
0.99886967 0.04441339 -0.01693643 21.01006180
-0.04126632 0.98709479 0.15472871 195.71168540
0.02358989 -0.15385491 0.98781182 -24.83975336
0.00000000 0.00000000 0.00000000 1.00000000
27	27	28
0.99925622 0.03588579 -0.01411463 30.87948505
-0.03242627 0.98004993 0.19608843 198.96081264
0.02086983 -0.19548490 0.98048463 -25.40423712
0.00000000 0.00000000 0.00000000 1.00000000
28	28	29
0.99913572 0.04127868 0.00488799 40.37679908
-0.04156457 0.99085328 0.12838288 202.18889125
0.00045619 -0.12847509 0.99171263 -26.02577178
0.00000000 0.00000000 0.00000000 1.00000000
29	29	30
0.99915052 0.04102576 -0.00388843 50.46885757
-0.03976282 0.98455341 0.17050952 205.34766257
0.01082365 -0.17021006 0.98534836 -26.42772874
0.00000000 0.00000000 0.00000000 1.00000000
30	30	31
0.99918551 0.03875946 -0.01122622 60.88179483
-0.03642687 0.98606619 0.16231623 208.67801565
0.01736108 -0.16177509 0.98667493 -26.87811949
0.00000000 0.00000000 0.00000000 1.00000000
31	31	32
0.99895891 0.04552475 -0.00293307 72.09720753
-0.04398376 0.97821562 0.20287838 211.95355754
0.01210516 -0.20253816 0.97919955 -27.10464278
0.00000000 0.00000000 0.00000000 1.00000000
32	32	33
0.99880635 0.04782721 0.00992104 80.31662642
-0.04874012 0.96255375 0.26667336 212.95006578
0.00320471 -0.26683860 0.96373590 -26.85869393
0.00000000 0.00000000 0.00000000 1.00000000
33	33	34
0.98887038 -0.11874773 0.08963454 84.69162727
0.14872920 0.80467777 -0.57478110 212.56173634
-0.00387297 0.58171528 0.81338326 -26.55157162
0.00000000 0.00000000 0.00000000 1.00000000
34	34	35
0.98574590 -0.04502831 0.16210326 89.00342786
0.04419423 0.99898464 0.00874942 211.22342816
-0.16233264 -0.00146068 0.98673501 -27.22587443
0.00000000 0.00000000 0.00000000 1.00000000
35	35	36
0.98525374 -0.04209828 0.16583968 93.77639722
0.03888779 0.99898888 0.02256023 208.75816333
-0.16662174 -0.01577841 0.98589464 -27.80358108
0.00000000 0.00000000 0.00000000 1.00000000
36	36	37
0.98569208 -0.04277498 0.16303810 99.63512048
0.03948464 0.99894684 0.02337026 204.94647977
-0.16386605 -0.01659838 0.98634295 -28.52974625
0.00000000 0.00000000 0.00000000 1.00000000
37	37	38
0.99115861 -0.03200615 0.12876417 108.30205564
0.02850262 0.99917410 0.02896075 194.78373238
-0.12958474 -0.02503458 0.99125227 -29.30045337
0.00000000 0.00000000 0.00000000 1.00000000
38	38	39
0.98125895 -0.01793043 0.19185769 110.85974885
0.01106600 0.99926172 0.03679072 184.02309926
-0.19237572 -0.03397813 0.98073293 -29.31211788
0.00000000 0.00000000 0.00000000 1.00000000
39	39	40
0.96834658 -0.02007536 0.24880089 112.18028112
0.00818924 0.99877905 0.04871697 175.05024991
-0.24947513 -0.04513742 0.96732868 -29.22359169
0.00000000 0.00000000 0.00000000 1.00000000
40	40	41
0.95971008 -0.02117910 0.28019279 113.56902144
0.00827966 0.99885390 0.04714164 166.36432941
-0.28087008 -0.04292241 0.95878552 -29.02988150
0.00000000 0.00000000 0.00000000 1.00000000
41	41	42
0.95679875 -0.02148148 0.28995636 115.27938231
0.00891031 0.99896491 0.04460624 156.43689727
-0.29061444 -0.04009559 0.95599979 -28.89509958
0.00000000 0.00000000 0.00000000 1.00000000
42	42	43
0.94184662 -0.03894836 0.33377831 117.31534669
0.03000463 0.99904024 0.03191106 145.55709325
-0.33470085 -0.02004043 0.94211131 -28.80597355
0.00000000 0.00000000 0.00000000 1.00000000
43	43	44
0.93875456 -0.04267118 0.34193426 119.20816071
0.03286012 0.99886651 0.03443708 135.07273063
-0.34301616 -0.02109197 0.93909267 -29.02265059
0.00000000 0.00000000 0.00000000 1.00000000
44	44	45
0.93263839 -0.04562738 0.35791587 121.22901425
0.03559841 0.99876831 0.03456325 124.17129942
-0.35905206 -0.01949378 0.93311393 -29.34319140
0.00000000 0.00000000 0.00000000 1.00000000
45	45	46
0.92887919 -0.04030831 0.36818297 123.15307772
0.03003554 0.99898421 0.03359191 113.49759136
-0.36916301 -0.02014425 0.92914632 -29.65680330
0.00000000 0.00000000 0.00000000 1.00000000
46	46	47
0.85023510 0.03771135 0.52505059 124.83455683
-0.02915068 0.99927308 -0.02456716 103.23296987
-0.52559538 0.00558228 0.85071636 -29.77140118
0.00000000 0.00000000 0.00000000 1.00000000
47	47	48
0.85584460 0.04817991 0.51498420 126.08681752
-0.03921160 0.99883062 -0.02828152 91.65111680
-0.51574458 0.00401123 0.85673300 -30.56646960
0.00000000 0.00000000 0.00000000 1.00000000
48	48	49
0.84587135 0.06713624 0.52914495 128.41333479
-0.06388804 0.99765750 -0.02445061 73.99001882
-0.52954695 -0.01312397 0.84817910 -32.45277772
0.00000000 0.00000000 0.00000000 1.00000000
49	49	50
0.86839290 0.07985215 0.48940516 129.18760634
-0.07489009 0.99674800 -0.02974723 66.34368881
-0.49018900 -0.01081931 0.87154902 -33.29040863
0.00000000 0.00000000 0.00000000 1.00000000
50	50	51
0.86646670 0.08969728 0.49111085 129.53549140
-0.10141914 0.99483994 -0.00276542 59.60422112
-0.48882474 -0.04741189 0.87109270 -33.53374391
0.00000000 0.00000000 0.00000000 1.00000000
51	51	52
0.69911485 0.05498183 0.71289230 129.82778137
-0.14927242 0.98629249 0.07031974 53.49407972
-0.69925401 -0.15557673 0.69773900 -33.32696104
0.00000000 0.00000000 0.00000000 1.00000000
52	52	53
0.92919893 0.02771980 0.36853896 130.04145308
-0.06293839 0.99448573 0.08388623 46.62176398
-0.36418142 -0.10114224 0.92581971 -33.28393241
0.00000000 0.00000000 0.00000000 1.00000000
53	53	54
0.91258148 0.04739833 0.40613845 130.92108980
-0.08333019 0.99397236 0.07123916 40.80142142
-0.40031378 -0.09885513 0.91103048 -33.26787787
0.00000000 0.00000000 0.00000000 1.00000000
54	54	55
0.89855569 0.03620547 0.43736350 131.89919701
-0.07563064 0.99445578 0.07305960 28.57933748
-0.43229351 -0.09872620 0.89631214 -32.97385062
0.00000000 0.00000000 0.00000000 1.00000000
55	55	56
0.91344819 0.03322054 0.40559684 132.82791240
-0.07109642 0.99436201 0.07867331 17.23180104
-0.40069652 -0.10070047 0.91066004 -32.36582424
0.00000000 0.00000000 0.00000000 1.00000000
56	56	57
0.91108945 0.03390111 0.41081228 134.01577375
-0.07408256 0.99385168 0.08228371 5.88865462
-0.40549697 -0.10540184 0.90799926 -31.83473892
0.00000000 0.00000000 0.00000000 1.00000000
57	57	58
0.90637870 0.02756385 0.42156599 135.31249208
-0.07064809 0.99370687 0.08692242 -6.01959768
-0.41651710 -0.10856746 0.90262208 -31.13626726
0.00000000 0.00000000 0.00000000 1.00000000
58	58	59
0.90729069 0.02803407 0.41956845 135.92528301
-0.07097902 0.99366823 0.08709435 -16.49810719
-0.41447023 -0.10880045 0.90353577 -30.27690911
0.00000000 0.00000000 0.00000000 1.00000000
59	59	60
0.91451708 0.02164973 0.40396757 136.43318698
-0.05695087 0.99551242 0.07557530 -26.90662925
-0.40051855 -0.09212121 0.91164608 -29.51943271
0.00000000 0.00000000 0.00000000 1.00000000
60	60	61
0.92110283 0.00404201 0.38929839 136.63947927
-0.02381899 0.99865797 0.04598827 -37.20198774
-0.38859005 -0.05163262 0.91996296 -28.89935508
0.00000000 0.00000000 0.00000000 1.00000000
61	61	62
0.91927791 0.00180323 0.39360497 137.61949384
-0.01587850 0.99934539 0.03250647 -47.19549525
-0.39328869 -0.03613233 0.91870477 -28.73700775
0.00000000 0.00000000 0.00000000 1.00000000
62	62	63
0.92222380 -0.00972958 0.38653409 138.54197053
0.00354345 0.99985404 0.01671342 -57.72531567
-0.38664029 -0.01404384 0.92212367 -28.65324137
0.00000000 0.00000000 0.00000000 1.00000000
63	63	64
0.93172497 0.00897007 0.36305387 139.77174932
-0.01833039 0.99958225 0.02234532 -68.28706085
-0.36270177 -0.02747462 0.93150017 -28.89926783
0.00000000 0.00000000 0.00000000 1.00000000
64	64	65
0.94430269 0.01157325 0.32887458 140.36478092
-0.01904536 0.99962829 0.01950787 -78.29065456
-0.32852656 -0.02468487 0.94417210 -29.04567242
0.00000000 0.00000000 0.00000000 1.00000000
65	65	66
0.96013459 0.01183058 0.27928769 141.02593983
-0.01553022 0.99981848 0.01103758 -88.24503839
-0.27910641 -0.01493497 0.96014403 -29.06923007
0.00000000 0.00000000 0.00000000 1.00000000
66	66	67
0.95098094 0.00898764 0.30911886 142.22461256
-0.01961492 0.99931790 0.03128865 -98.08801251
-0.30862680 -0.03581825 0.95050857 -29.08053252
0.00000000 0.00000000 0.00000000 1.00000000
67	67	68
0.98047057 0.01657224 0.19596638 142.85337788
-0.02423049 0.99903082 0.03674658 -107.71689142
-0.19516748 -0.04077730 0.97992187 -28.96990638
0.00000000 0.00000000 0.00000000 1.00000000
68	68	69
0.99929630 0.03085505 -0.02132760 143.60170976
-0.02973185 0.99825017 0.05111377 -118.30770270
0.02286740 -0.05044370 0.99846508 -28.81321417
0.00000000 0.00000000 0.00000000 1.00000000
69	69	70
0.99860543 0.03251556 0.04159257 144.30974775
-0.03325758 0.99929752 0.01727428 -128.66735977
-0.04100167 -0.01863346 0.99898531 -28.31962462
0.00000000 0.00000000 0.00000000 1.00000000
70	70	71
0.99858553 0.00943152 0.05232583 145.27746696
-0.00908790 0.99993558 -0.00680113 -138.29335663
-0.05238660 0.00631598 0.99860691 -28.02545612
0.00000000 0.00000000 0.00000000 1.00000000
71	71	72
0.99798384 -0.00292473 0.06340106 146.46145981
0.00401555 0.99984599 -0.01708449 -148.19206355
-0.06334133 0.01730464 0.99784188 -28.06389848
0.00000000 0.00000000 0.00000000 1.00000000
72	72	73
0.99727805 0.00271221 0.07368271 147.65458616
-0.00135341 0.99982822 -0.01848489 -158.75825775
-0.07372018 0.01833485 0.99711041 -28.31452728
0.00000000 0.00000000 0.00000000 1.00000000
73	73	74
0.99858688 -0.00595665 0.05280866 149.24172460
0.00662938 0.99989898 -0.01257313 -168.74110492
-0.05272844 0.01290545 0.99852549 -28.55363736
0.00000000 0.00000000 0.00000000 1.00000000
74	74	75
0.99935754 0.02336996 0.02717259 151.08480364
-0.02373452 0.99963151 0.01317230 -179.47669700
-0.02685474 -0.01380876 0.99954397 -28.75663334
0.00000000 0.00000000 0.00000000 1.00000000
75	75	76
0.99996815 0.00774897 0.00191123 152.33596073
-0.00781408 0.99929193 0.03680458 -190.28564250
-0.00162468 -0.03681834 0.99932065 -28.63743735
0.00000000 0.00000000 0.00000000 1.00000000
76	76	77
0.99944132 0.02339127 -0.02387266 153.62285255
-0.02232696 0.99878574 0.04391530 -200.96237107
0.02487091 -0.04335776 0.99874999 -28.24756081
0.00000000 0.00000000 0.00000000 1.00000000
77	77	78
0.99918241 0.03400747 -0.02186328 154.99189316
-0.03302415 0.99849151 0.04386460 -217.29615088
0.02332202 -0.04310672 0.99879822 -27.48573885
0.00000000 0.00000000 0.00000000 1.00000000
78	78	79
0.99799550 0.04701500 -0.04236236 155.59107712
-0.04534273 0.99818599 0.03960768 -228.16888768
0.04414767 -0.03760746 0.99831691 -26.95215747
0.00000000 0.00000000 0.00000000 1.00000000
79	79	80
0.99719081 0.04758102 -0.05784927 155.58516489
-0.04540922 0.99823418 0.03829515 -233.49216337
0.05956924 -0.03556068 0.99759057 -26.67844322
0.00000000 0.00000000 0.00000000 1.00000000
80	80	81
0.99588965 0.04808636 -0.07675610 155.46175306
-0.04542891 0.99831864 0.03600143 -238.28416372
0.07835822 -0.03236650 0.99639972 -26.48589891
0.00000000 0.00000000 0.00000000 1.00000000
81	81	82
0.99619521 0.04139271 -0.07669254 155.38849517
-0.03869375 0.99858972 0.03635047 -242.85407111
0.07808903 -0.03324464 0.99639194 -26.33499416
0.00000000 0.00000000 0.00000000 1.00000000
82	82	83
0.99661887 0.03619828 -0.07375980 155.29910011
-0.03491464 0.99921684 0.01861917 -247.45017396
0.07437602 -0.01598092 0.99710221 -26.14932505
0.00000000 0.00000000 0.00000000 1.00000000
83	83	84
0.99497998 -0.00303982 -0.10002800 155.02101983
-0.00172389 0.99886962 -0.04750284 -255.96983040
0.10005933 0.04743681 0.99385003 -25.94824688
0.00000000 0.00000000 0.00000000 1.00000000
84	84	85
0.99927630 0.02670704 -0.02708539 155.16391581
-0.02698762 0.99958528 -0.01004700 -273.29786101
0.02680583 0.01077070 0.99958263 -26.71396007
0.00000000 0.00000000 0.00000000 1.00000000
85	85	86
0.99782320 0.02242423 -0.06201623 155.01931313
-0.02173626 0.99969474 0.01174595 -285.68347750
0.06226069 -0.01037238 0.99800602 -26.93881181
0.00000000 0.00000000 0.00000000 1.00000000
86	86	87
0.99950740 -0.01180112 -0.02908082 154.74355751
0.01666197 0.98477264 0.17304691 -297.30218928
0.02659585 -0.17344621 0.98448417 -26.84058978
0.00000000 0.00000000 0.00000000 1.00000000
87	87	88
0.99985497 -0.01558740 -0.00686076 154.36058348
0.01675832 0.97224058 0.23338256 -307.68815494
0.00303248 -0.23346369 0.97236079 -24.95891751
0.00000000 0.00000000 0.00000000 1.00000000
88	88	89
0.99991449 0.00726410 0.01087445 154.04375768
-0.00921642 0.98137020 0.19190518 -317.49992593
-0.00927785 -0.19198899 0.98135322 -22.53960622
0.00000000 0.00000000 0.00000000 1.00000000
89	89	90
0.99948170 0.01219930 0.02979094 153.41746069
-0.01565432 0.99281318 0.11864628 -327.65385089
-0.02812944 -0.11905115 0.99248958 -20.15054627
0.00000000 0.00000000 0.00000000 1.00000000
90	90	91
0.99934114 0.00984859 0.03493253 152.55401794
-0.01347992 0.99435005 0.10529137 -338.28101321
-0.03369820 -0.10569289 0.99382767 -18.59072507
0.00000000 0.00000000 0.00000000 1.00000000
91	91	92
0.99841956 -0.01474701 0.05423012 151.87277687
0.01202779 0.99867021 0.05013118 -348.14402272
-0.05489729 -0.04939968 0.99726925 -17.47524416
0.00000000 0.00000000 0.00000000 1.00000000
92	92	93
0.99808921 -0.01398690 0.06018544 151.93163832
0.01117263 0.99883968 0.04684504 -358.12206934
-0.06077082 -0.04608310 0.99708739 -16.90633721
0.00000000 0.00000000 0.00000000 1.00000000
93	93	94
0.99660815 -0.01425851 0.08104873 152.89222800
0.01056076 0.99889155 0.04587083 -368.50605250
-0.08161295 -0.04485930 0.99565404 -16.40276260
0.00000000 0.00000000 0.00000000 1.00000000
94	94	95
0.99694143 -0.06277714 -0.04654916 154.23876653
0.06396819 0.99764984 0.02455333 -378.14367752
0.04489838 -0.02745589 0.99861419 -15.95177223
0.00000000 0.00000000 0.00000000 1.00000000
95	95	96
0.99566061 -0.02974246 0.08817783 156.17291916
0.02673319 0.99902569 0.03511428 -388.28819382
-0.08913630 -0.03260463 0.99548564 -15.69667367
0.00000000 0.00000000 0.00000000 1.00000000
96	96	97
0.99125127 -0.01271306 -0.13137466 158.55435119
0.00946621 0.99963484 -0.02530949 -398.96074008
0.13164845 0.02384444 0.99100965 -15.69102020
0.00000000 0.00000000 0.00000000 1.00000000
97	97	98
0.98452891 0.08494703 0.15325411 161.19423763
-0.07780965 0.99561148 -0.05199462 -409.30260976
-0.15699834 0.03926556 0.98681799 -15.30698288
0.00000000 0.00000000 0.00000000 1.00000000
98	98	99
0.99840619 0.05643007 -0.00085007 162.12713015
-0.05642438 0.99776730 -0.03573108 -420.50399056
-0.00116813 0.03572209 0.99936108 -15.94682301
0.00000000 0.00000000 0.00000000 1.00000000
99	99	100
0.98838838 0.08448785 0.12629416 160.46800932
-0.07785790 0.99535936 -0.05654999 -438.05912953
-0.13048586 0.04606036 0.99037967 -16.57100947
0.00000000 0.00000000 0.00000000 1.00000000
100	100	101
0.99254057 0.06615491 0.10240479 157.88896148
-0.06615067 0.99780371 -0.00344118 -442.93530161
-0.10240753 -0.00335864 0.99473686 -16.72581702
0.00000000 0.00000000 0.00000000 1.00000000
101	101	102
0.99587821 0.04947658 0.07601745 155.66383314
-0.04989674 0.99874776 0.00363667 -446.59898081
-0.07574233 -0.00741470 0.99709986 -16.68413653
0.00000000 0.00000000 0.00000000 1.00000000
102	102	103
0.99884952 0.01420963 0.04580089 153.43995676
-0.01476738 0.99982059 0.01186242 -449.90611989
-0.04562411 -0.01252513 0.99888015 -16.60090321
0.00000000 0.00000000 0.00000000 1.00000000
103	103	104
0.99974585 -0.01351144 0.01804630 150.32075467
0.01313800 0.99970036 0.02065407 -453.71098802
-0.01831996 -0.02041173 0.99962380 -16.49687163
0.00000000 0.00000000 0.00000000 1.00000000
104	104	105
0.99983772 -0.01587103 -0.00852290 145.99719815
0.01602826 0.99969650 0.01870826 -456.85216543
0.00822339 -0.01884184 0.99978866 -16.43883111
0.00000000 0.00000000 0.00000000 1.00000000
105	105	106
0.99978263 -0.01398938 -0.01545948 133.08486331
0.01440565 0.99952752 0.02715152 -463.40862873
0.01507234 -0.02736832 0.99951178 -16.90061183
0.00000000 0.00000000 0.00000000 1.00000000
106	106	107
0.99983026 -0.01179589 -0.01415325 121.35570198
0.01208838 0.99971137 0.02076158 -469.04064680
0.01390426 -0.02092914 0.99968427 -16.94762098
0.00000000 0.00000000 0.00000000 1.00000000
107	107	108
0.99472918 0.05928562 0.08366045 110.02367931
-0.06496110 0.99564735 0.06683117 -473.74525256
-0.07933418 -0.07191359 0.99425073 -16.94397637
0.00000000 0.00000000 0.00000000 1.00000000
108	108	109
0.99219633 0.07328918 0.10087188 99.70279076
-0.08486233 0.98965444 0.11568267 -476.95553684
-0.09135001 -0.12334015 0.98815099 -15.88209902
0.00000000 0.00000000 0.00000000 1.00000000
109	109	110
0.99361153 0.07399248 0.08521291 89.12322662
-0.08551224 0.98636424 0.14061737 -479.96493913
-0.07364634 -0.14700579 0.98639014 -14.53255495
0.00000000 0.00000000 0.00000000 1.00000000
110	110	111
0.99414537 0.07133397 0.08115695 79.51265920
-0.08321982 0.98455589 0.15402648 -482.54845334
-0.06891623 -0.15987858 0.98472808 -13.41294083
0.00000000 0.00000000 0.00000000 1.00000000
111	111	112
0.99919815 0.02700932 0.02955600 69.85000322
-0.03160392 0.98527055 0.16805694 -485.33710285
-0.02458155 -0.16885626 0.98533411 -12.25686167
0.00000000 0.00000000 0.00000000 1.00000000
112	112	113
0.98290108 -0.17290283 -0.06332514 60.22260924
0.18184848 0.96551110 0.18633157 -488.73879381
0.02892387 -0.19466108 0.98044402 -11.34743969
0.00000000 0.00000000 0.00000000 1.00000000
113	113	114
0.99672644 -0.07946098 -0.01491152 49.09466750
0.08077299 0.98666155 0.14133189 -495.62374857
0.00348226 -0.14207368 0.98984996 -10.52090210
0.00000000 0.00000000 0.00000000 1.00000000
114	114	115
0.99843420 -0.03069922 -0.04676230 43.93763446
0.03743713 0.98785382 0.15080877 -496.76794920
0.04156460 -0.15232328 0.98745633 -10.30028092
0.00000000 0.00000000 0.00000000 1.00000000
115	115	116
0.99602885 -0.06305153 -0.06285722 40.12223675
0.06909858 0.99266607 0.09919407 -496.46688621
0.05614190 -0.10314350 0.99308082 -10.44174337
0.00000000 0.00000000 0.00000000 1.00000000
116	116	117
0.99715623 -0.03533201 -0.06656659 35.99508217
0.03848780 0.99816547 0.04673746 -495.70074647
0.06479315 -0.04916655 0.99668676 -10.71173987
0.00000000 0.00000000 0.00000000 1.00000000
117	117	118
0.99702061 0.06464581 -0.04208110 30.86065126
-0.06607126 0.99725534 -0.03341231 -494.37620613
0.03980564 0.03609311 0.99855536 -11.04742877
0.00000000 0.00000000 0.00000000 1.00000000
118	118	119
0.99581774 0.02285044 -0.08845837 24.03598966
-0.02891710 0.99727164 -0.06791967 -491.24530324
0.08666503 0.07019357 0.99376156 -11.08712051
0.00000000 0.00000000 0.00000000 1.00000000
119	119	120
0.99847786 0.02703092 -0.04807580 14.25230379
-0.02931542 0.99844257 -0.04746613 -477.27781121
0.04671788 0.04880324 0.99771523 -10.75796843
0.00000000 0.00000000 0.00000000 1.00000000
120	120	121
0.99640793 0.04706169 -0.07040195 11.32787308
-0.05184753 0.99635278 -0.06777153 -466.40725779
0.06695573 0.07117825 0.99521384 -10.38110540
0.00000000 0.00000000 0.00000000 1.00000000
121	121	122
0.99883969 0.03904592 -0.02819022 8.51072426
-0.04061544 0.99752270 -0.05743567 -455.71739289
0.02587776 0.05851398 0.99795113 -9.89458286
0.00000000 0.00000000 0.00000000 1.00000000
122	122	123
0.99754805 0.01148937 -0.06903531 5.68102235
-0.01405335 0.99922494 -0.03676997 -444.80085163
0.06855934 0.03764999 0.99693635 -9.50310472
0.00000000 0.00000000 0.00000000 1.00000000
123	123	124
0.99847202 0.01771070 -0.05234451 2.25209089
-0.01797981 0.99982742 -0.00467471 -432.56290541
0.05225268 0.00560871 0.99861814 -9.49564457
0.00000000 0.00000000 0.00000000 1.00000000
124	124	125
0.99936653 0.01360938 -0.03288343 1.47547442
-0.01372280 0.99990063 -0.00322588 -424.12962345
0.03283626 0.00367509 0.99945399 -9.58827719
0.00000000 0.00000000 0.00000000 1.00000000
125	125	126
0.99966067 -0.02602370 0.00114385 2.09079722
0.02590118 0.99770439 0.06257062 -418.23933985
-0.00276954 -0.06251977 0.99803988 -9.52043232
0.00000000 0.00000000 0.00000000 1.00000000
126	126	127
0.99899362 -0.03821613 0.02347939 3.59534199
0.03633761 0.99646045 0.07580339 -411.59052322
-0.02629319 -0.07487392 0.99684631 -9.94149981
0.00000000 0.00000000 0.00000000 1.00000000
127	127	128
0.99920877 -0.02463197 0.03122668 6.43538522
0.02280467 0.99808035 0.05758086 -403.90032583
-0.03258507 -0.05682319 0.99785236 -10.56073954
0.00000000 0.00000000 0.00000000 1.00000000
128	128	129
0.99938272 -0.00507021 0.03476319 9.70741407
0.00390711 0.99943295 0.03344428 -396.99886030
-0.03491304 -0.03328781 0.99883582 -11.15128454
0.00000000 0.00000000 0.00000000 1.00000000
129	129	130
0.99890146 -0.00553268 0.04653228 12.10149566
0.00535684 0.99997804 0.00390259 -391.03571887
-0.04655285 -0.00364904 0.99890916 -11.45589441
0.00000000 0.00000000 0.00000000 1.00000000
130	130	131
0.99803625 -0.00716821 0.06222748 13.97963314
0.00661034 0.99993614 0.00916627 -384.92431940
-0.06228921 -0.00873693 0.99801990 -11.62790289
0.00000000 0.00000000 0.00000000 1.00000000
131	131	132
0.99473864 0.06045236 0.08270761 14.96440162
-0.06116758 0.99810863 0.00613891 -378.17174112
-0.08218007 -0.01116564 0.99655495 -11.78545471
0.00000000 0.00000000 0.00000000 1.00000000
132	132	133
0.99300594 0.05858513 0.10250360 13.94238601
-0.05979691 0.99817189 0.00878657 -373.76233988
-0.10180145 -0.01485451 0.99469383 -11.79753907
0.00000000 0.00000000 0.00000000 1.00000000
133	133	134
0.99352220 0.04999521 0.10204954 10.99036888
-0.05160042 0.99858124 0.01314934 -372.89929855
-0.10124735 -0.01832996 0.99469241 -11.53375947
0.00000000 0.00000000 0.00000000 1.00000000
134	134	135
0.99502802 0.04448594 0.08910800 8.07772599
-0.04685995 0.99859534 0.02472850 -372.27061509
-0.08788277 -0.02878115 0.99571495 -11.28221928
0.00000000 0.00000000 0.00000000 1.00000000
135	135	136
0.99345633 0.03959444 0.10712981 5.09310847
-0.04417497 0.99819334 0.04072633 -372.64975295
-0.10532373 -0.04519228 0.99341057 -11.01556509
0.00000000 0.00000000 0.00000000 1.00000000
136	136	137
0.99621157 0.00741850 0.08664568 2.38775048
-0.01119593 0.99900405 0.04319207 -374.19377541
-0.08623896 -0.04399852 0.99530245 -10.65126431
0.00000000 0.00000000 0.00000000 1.00000000
137	137	138
0.99548473 0.07230732 0.06149641 0.59171757
-0.07461114 0.99656170 0.03602710 -376.54214296
-0.05867994 -0.04045275 0.99745689 -10.40060044
0.00000000 0.00000000 0.00000000 1.00000000
138	138	139
0.99916904 -0.02737951 0.03019262 -0.81040469
0.02586394 0.99843950 0.04949362 -379.14615433
-0.03150061 -0.04867159 0.99831798 -10.24050180
0.00000000 0.00000000 0.00000000 1.00000000
139	139	140
0.99883914 -0.04792364 -0.00486729 -1.41187634
0.04806524 0.99822825 0.03507270 -382.14618743
0.00317785 -0.03526594 0.99937291 -10.08774509
0.00000000 0.00000000 0.00000000 1.00000000
140	140	141
0.99727617 -0.06341081 -0.03767363 -24.52288118
0.06425678 0.99769777 0.02168460 -372.88860837
0.03621186 -0.02404632 0.99905479 -11.21356509
0.00000000 0.00000000 0.00000000 1.00000000
141	141	142
0.99673479 0.05441902 -0.05965176 -22.21823165
-0.05423181 0.99851706 0.00475403 -386.39566431
0.05982201 -0.00150349 0.99820793 -11.16527485
0.00000000 0.00000000 0.00000000 1.00000000
142	142	143
0.99598941 -0.00295199 -0.08942246 -17.85650878
0.00279494 0.99999432 -0.00188143 -396.46367338
0.08942750 0.00162395 0.99599201 -11.09290950
0.00000000 0.00000000 0.00000000 1.00000000
143	143	144
0.99248533 0.03605748 -0.11693042 -13.41873780
-0.03682128 0.99931228 -0.00437783 -404.39491434
0.11669215 0.00865046 0.99313046 -10.85846364
0.00000000 0.00000000 0.00000000 1.00000000
144	144	145
0.98987912 0.02079163 -0.14038173 -9.32895785
-0.02324560 0.99960392 -0.01586344 -412.20790979
0.13999630 0.01896615 0.98997036 -10.52434233
0.00000000 0.00000000 0.00000000 1.00000000
145	145	146
0.99074988 0.01311019 -0.13506589 -4.92483585
-0.01758254 0.99933407 -0.03197286 -420.35915400
0.13455678 0.03405191 0.99032063 -10.17087179
0.00000000 0.00000000 0.00000000 1.00000000
146	146	147
0.99037430 0.01365060 -0.13774037 -0.49353076
-0.01848151 0.99925587 -0.03385473 -429.59727650
0.13717574 0.03607451 0.98988961 -9.89491849
0.00000000 0.00000000 0.00000000 1.00000000
147	147	148
0.99350342 0.00992828 -0.11336833 3.50612759
-0.01730006 0.99778531 -0.06422759 -440.22763257
0.11247959 0.06577161 0.99147488 -9.50703136
0.00000000 0.00000000 0.00000000 1.00000000
148	148	149
0.99038619 0.02229887 -0.13652089 6.79037196
-0.03213840 0.99700812 -0.07029892 -451.35208254
0.13454485 0.07401064 0.98813972 -9.75219310
0.00000000 0.00000000 0.00000000 1.00000000
149	149	150
0.98466031 0.02142340 -0.17316211 9.46343581
-0.04383817 0.99097485 -0.12667702 -461.14213161
0.16888545 0.13232495 0.97671276 -9.99692295
0.00000000 0.00000000 0.00000000 1.00000000
150	150	151
0.98484716 0.01118134 -0.17306370 11.83454285
-0.02819881 0.99496376 -0.09618707 -470.40742474
0.17111661 0.09960975 0.98020253 -10.60730290
0.00000000 0.00000000 0.00000000 1.00000000
151	151	152
0.98496973 0.01470320 -0.17210013 14.10487986
-0.03077224 0.99536816 -0.09107850 -479.51799574
0.16996384 0.09500547 0.98085996 -11.14371671
0.00000000 0.00000000 0.00000000 1.00000000
152	152	153
0.96978799 0.01039408 -0.24372773 16.67625187
-0.03814110 0.99326537 -0.10940364 -489.60060404
0.24094917 0.11539438 0.96365328 -11.57393804
0.00000000 0.00000000 0.00000000 1.00000000
153	153	154
0.98921939 0.00869530 -0.14618271 18.94647737
-0.02441261 0.99405881 -0.10607126 -499.05584838
0.14439189 0.10849645 0.98355452 -11.74593743
0.00000000 0.00000000 0.00000000 1.00000000
154	154	155
0.95019457 0.21762984 -0.22308640 21.48280972
-0.16242986 0.95671619 0.24147604 -508.90022970
0.26598276 -0.19321333 0.94441611 -12.30526308
0.00000000 0.00000000 0.00000000 1.00000000
155	155	156
0.99841736 -0.01988758 -0.05260471 21.91348920
-0.00587389 0.89339300 -0.44923763 -518.62893456
0.05593093 0.44883564 0.89186226 -9.59539212
0.00000000 0.00000000 0.00000000 1.00000000
156	156	157
0.99885525 -0.03018413 -0.03710950 24.89344039
0.01147743 0.90434602 -0.42664569 -527.20683924
0.04643776 0.42573137 0.90365720 -13.67001550
0.00000000 0.00000000 0.00000000 1.00000000
157	157	158
0.96896264 -0.08439847 -0.23235381 28.15574602
0.10400732 0.99186024 0.07345574 -535.76334742
0.22426295 -0.09534236 0.96985358 -17.36666623
0.00000000 0.00000000 0.00000000 1.00000000
158	158	159
0.99120628 -0.06370457 -0.11598205 31.98493731
0.08327191 0.98147031 0.17257407 -545.48115681
0.10283918 -0.18071455 0.97814434 -15.62787458
0.00000000 0.00000000 0.00000000 1.00000000
159	159	160
0.98625931 -0.06008365 -0.15389131 35.43267530
0.08536703 0.98286603 0.16336104 -554.63397758
0.14143921 -0.17425359 0.97448994 -13.62530924
0.00000000 0.00000000 0.00000000 1.00000000
160	160	161
0.98554102 -0.06130051 -0.15795931 38.78730046
0.08659876 0.98353467 0.15861969 -563.94810039
0.14563499 -0.17000529 0.97462231 -11.55879296
0.00000000 0.00000000 0.00000000 1.00000000
161	161	162
0.98694389 -0.06124658 -0.14896514 41.75539845
0.08514074 0.98348226 0.15973006 -572.70975610
0.13672165 -0.17032760 0.97585639 -9.56734697
0.00000000 0.00000000 0.00000000 1.00000000
162	162	163
0.99191520 -0.05366939 -0.11499496 44.96991109
0.07041486 0.98664137 0.14690320 -581.96459926
0.10557458 -0.15381287 0.98244369 -7.54269802
0.00000000 0.00000000 0.00000000 1.00000000
163	163	164
0.99215362 0.12056708 -0.03308738 48.13598881
-0.12355932 0.98596530 -0.11227430 -590.91328566
0.01908643 0.11548161 0.99312623 -5.85051454
0.00000000 0.00000000 0.00000000 1.00000000
164	164	165
0.99291792 0.11669257 -0.02229006 49.74986484
-0.11844723 0.98686577 -0.10984624 -601.09064374
0.00917906 0.11170850 0.99369862 -6.91451744
0.00000000 0.00000000 0.00000000 1.00000000
165	165	166
0.99800850 0.06307914 -0.00023333 51.52199899
-0.06290459 0.99495799 -0.07811285 -611.42773297
-0.00469514 0.07797196 0.99694450 -8.00833321
0.00000000 0.00000000 0.00000000 1.00000000
166	166	167
0.99810986 0.06096503 0.00774446 54.58394642
-0.06020015 0.99527118 -0.07623135 -625.70509641
-0.01235528 0.07562104 0.99706008 -9.07471824
0.00000000 0.00000000 0.00000000 1.00000000
167	167	168
0.99816938 0.05780413 -0.01779244 56.22896731
-0.05885022 0.99612745 -0.06532039 -636.17171124
0.01394775 0.06624790 0.99770571 -9.69870217
0.00000000 0.00000000 0.00000000 1.00000000
168	168	169
0.99826536 0.05886546 0.00106046 55.51974266
-0.05864991 0.99586076 -0.06943733 -640.04636266
-0.00514353 0.06925469 0.99758575 -9.91522115
0.00000000 0.00000000 0.00000000 1.00000000
169	169	170
0.99983924 -0.01750505 -0.00388165 54.00128276
0.01746274 0.99979049 -0.01067802 -643.47211136
0.00406775 0.01060851 0.99993545 -10.08388717
0.00000000 0.00000000 0.00000000 1.00000000
170	170	171
0.99994510 -0.01019675 -0.00241310 51.90331812
0.01016807 0.99988083 -0.01161604 -647.54213800
0.00253126 0.01159086 0.99992962 -10.07258087
0.00000000 0.00000000 0.00000000 1.00000000
171	171	172
0.99967620 0.02540623 -0.00142195 48.43558829
-0.02517449 0.99560599 0.09019403 -652.35143286
0.00370719 -0.09012903 0.99592320 -10.10946012
0.00000000 0.00000000 0.00000000 1.00000000
172	172	173
0.99258285 -0.11401324 0.04219314 42.90643935
0.10946651 0.98917277 0.09774614 -658.52943966
-0.05288066 -0.09240241 0.99431656 -9.50670032
0.00000000 0.00000000 0.00000000 1.00000000
173	173	174
0.99390343 -0.09996825 0.04650074 24.75395905
0.09473998 0.99009965 0.10357128 -666.59699043
-0.05639420 -0.09853437 0.99353443 -7.87185291
0.00000000 0.00000000 0.00000000 1.00000000
174	174	175
0.99490717 -0.08757014 0.04991192 14.17410547
0.08706440 0.99612770 0.01222251 -668.51760335
-0.05078897 -0.00781471 0.99867883 -7.38241689
0.00000000 0.00000000 0.00000000 1.00000000
175	175	176
0.99286650 -0.10769028 0.05117531 5.62583784
0.10306733 0.99097472 0.08571010 -669.93574978
-0.05994359 -0.07982419 0.99500496 -6.97980900
0.00000000 0.00000000 0.00000000 1.00000000
176	176	177
0.94653197 0.30575174 0.10292277 -3.37922282
-0.31517332 0.94449668 0.09269201 -671.25248581
-0.06886947 -0.12017447 0.99036109 -6.53587988
0.00000000 0.00000000 0.00000000 1.00000000
177	177	178
0.99659023 0.05317403 0.06309072 -11.40997809
-0.05856987 0.99448435 0.08700837 -669.09174485
-0.05811615 -0.09040690 0.99420778 -5.87674956
0.00000000 0.00000000 0.00000000 1.00000000
178	178	179
0.99940706 0.02414202 -0.02454986 -18.05990565
-0.02347558 0.99935754 0.02708152 -669.46860020
0.02518789 -0.02648914 0.99933172 -5.35188857
0.00000000 0.00000000 0.00000000 1.00000000
179	179	180
0.99735636 0.01603023 -0.07087540 -24.46705187
-0.01692606 0.99978405 -0.01205696 -670.70539748
0.07066682 0.01322473 0.99741231 -5.40479211
0.00000000 0.00000000 0.00000000 1.00000000
180	180	181
0.99619425 0.04594801 -0.07406617 -30.87575748
-0.04876546 0.99813614 -0.03669024 -673.15160623
0.07224228 0.04016247 0.99657816 -5.84023270
0.00000000 0.00000000 0.00000000 1.00000000
181	181	182
0.99813887 0.05387110 -0.02857801 -37.92615562
-0.05417880 0.99848013 -0.01010375 -676.50230496
0.02799027 0.01163327 0.99954050 -6.42916224
0.00000000 0.00000000 0.00000000 1.00000000
182	182	183
0.99700305 0.06978189 0.03339780 -45.22917227
-0.06979080 0.99756124 -0.00090024 -681.64655996
-0.03337917 -0.00143332 0.99944173 -6.58969105
0.00000000 0.00000000 0.00000000 1.00000000
183	183	184
0.99670457 0.06927846 0.04219587 -54.52520730
-0.06945474 0.99758138 0.00272437 -693.24233776
-0.04190508 -0.00564610 0.99910564 -5.93635393
0.00000000 0.00000000 0.00000000 1.00000000
184	184	185
0.99134308 0.09539228 0.09021756 -58.83970833
-0.09865579 0.99459324 0.03242407 -704.25778150
-0.08663677 -0.04104386 0.99539413 -5.75746176
0.00000000 0.00000000 0.00000000 1.00000000
185	185	186
0.98778531 0.09822828 0.12096023 -62.05244620
-0.09958028 0.99501611 0.00516879 -714.71097561
-0.11984966 -0.01715090 0.99264390 -4.99652678
0.00000000 0.00000000 0.00000000 1.00000000
186	186	187
0.98604163 -0.09142094 0.13915500 -65.74122893
0.09498366 0.99529431 -0.01916641 -726.25986390
-0.13674797 0.03211633 0.99008512 -4.33760714
0.00000000 0.00000000 0.00000000 1.00000000
187	187	188
0.97443393 0.14863840 0.16847891 -68.55543591
-0.15030412 0.98863557 -0.00289517 -744.40380133
-0.16699457 -0.02250192 0.98570101 -4.35405385
0.00000000 0.00000000 0.00000000 1.00000000
188	188	189
0.97214680 0.16019268 0.17108158 -70.94336957
-0.16279845 0.98665859 0.00121873 -749.99806267
-0.16860388 -0.02903660 0.98525611 -4.06586450
0.00000000 0.00000000 0.00000000 1.00000000
189	189	190
0.96910714 0.15470606 0.19208694 -73.33921894
-0.15821255 0.98740065 0.00295723 -755.24173325
-0.18920927 -0.03325644 0.98137346 -3.82861390
0.00000000 0.00000000 0.00000000 1.00000000
190	190	191
0.97119593 0.15408653 0.18175757 -75.38413670
-0.15628297 0.98770973 -0.00226332 -760.10109162
-0.17987247 -0.02620749 0.98334077 -3.59944647
0.00000000 0.00000000 0.00000000 1.00000000
191	191	192
0.96857895 0.16295066 0.18788798 -77.34795006
-0.16657469 0.98602244 0.00355388 -765.00534027
-0.18468266 -0.03473959 0.98218403 -3.46520400
0.00000000 0.00000000 0.00000000 1.00000000
192	192	193
0.96846730 0.15888692 0.19190109 -79.48676231
-0.16216091 0.98676337 0.00137437 -770.25576587
-0.18914259 -0.03244989 0.98141331 -3.26034357
0.00000000 0.00000000 0.00000000 1.00000000
193	193	194
0.97938508 0.04062223 0.19787547 -85.18719512
-0.04172570 0.99912811 0.00140854 -783.16589952
-0.19764572 -0.00963599 0.98022616 -2.67862215
0.00000000 0.00000000 0.00000000 1.00000000
194	194	195
0.98751510 -0.11369964 0.10902435 -88.47122681
0.13667135 0.96255840 -0.23409884 -789.98463302
-0.07832535 0.24607664 0.96608044 -2.20607584
0.00000000 0.00000000 0.00000000 1.00000000
195	195	196
0.96873494 -0.14109687 0.20406933 -91.80896279
0.17649379 0.97000484 -0.16715427 -796.98780605
-0.17436330 0.19794515 0.96458030 -3.77029554
0.00000000 0.00000000 0.00000000 1.00000000
196	196	197
0.94814508 -0.17177238 0.26742318 -96.94610442
0.23829130 0.94095488 -0.24046034 -805.27447341
-0.21032870 0.29171590 0.93309360 -4.46670016
0.00000000 0.00000000 0.00000000 1.00000000
197	197	198
0.92130201 -0.20597927 0.32981077 -104.94433892
0.31340742 0.89540595 -0.31626566 -814.61756910
-0.23017036 0.39474133 0.88949474 -4.88934000
0.00000000 0.00000000 0.00000000 1.00000000
198	198	199
0.90082018 -0.19823550 0.38629741 -115.59740757
0.32240586 0.90130796 -0.28930681 -822.26327771
-0.29082205 0.38515796 0.87582868 -3.96812730
0.00000000 0.00000000 0.00000000 1.00000000
199	199	200
0.86186483 -0.22555814 0.45421640 -126.01137086
0.40719629 0.84165727 -0.35468891 -827.81582536
-0.30229156 0.49064913 0.81724124 -1.55270145
