0	0	1
1.00000000 0.00000000 0.00000000 0.00000000
0.00000000 1.00000000 0.00000000 0.00000000
0.00000000 0.00000000 1.00000000 0.00000000
0.00000000 0.00000000 0.00000000 1.00000000
1	1	2
0.99999754 0.00140039 -0.00171975 -7.64711818
-0.00139908 0.99999873 0.00076729 13.26271278
0.00172082 -0.00076489 0.99999823 -0.05741474
0.00000000 0.00000000 0.00000000 1.00000000
2	2	3
0.99999804 0.00067360 -0.00186076 -12.30784427
-0.00067593 0.99999898 -0.00125562 23.38826807
0.00185991 0.00125687 0.99999748 -0.06463200
0.00000000 0.00000000 0.00000000 1.00000000
3	3	4
0.99999579 0.00216038 -0.00193755 -16.80136649
-0.00216399 0.99999592 -0.00186356 32.44569074
0.00193351 0.00186775 0.99999639 -0.11130880
0.00000000 0.00000000 0.00000000 1.00000000
4	4	5
0.99999383 0.00250885 -0.00245752 -21.42064253
-0.00251042 0.99999665 -0.00063569 41.83802812
0.00245592 0.00064185 0.99999678 -0.20671112
0.00000000 0.00000000 0.00000000 1.00000000
5	5	6
0.99999524 0.00218315 -0.00218200 -25.84297003
-0.00218709 0.99999598 -0.00180404 50.71605706
0.00217806 0.00180881 0.99999599 -0.35679243
0.00000000 0.00000000 0.00000000 1.00000000
6	6	7
0.99999817 0.00082147 -0.00172673 -30.28425143
-0.00082339 0.99999904 -0.00111079 59.85368922
0.00172582 0.00111221 0.99999789 -0.45250266
0.00000000 0.00000000 0.00000000 1.00000000
7	7	8
0.99999813 0.00057876 -0.00184758 -34.79314422
-0.00057837 0.99999981 0.00021533 68.67326864
0.00184770 -0.00021426 0.99999827 -0.59861652
0.00000000 0.00000000 0.00000000 1.00000000
8	8	9
0.99999257 0.00028342 -0.00384335 -39.40600293
-0.00028287 0.99999995 0.00014338 77.41380909
0.00384339 -0.00014230 0.99999260 -0.67795323
0.00000000 0.00000000 0.00000000 1.00000000
9	9	10
0.99998838 -0.00176267 -0.00448806 -43.90696560
0.00175934 0.99999817 -0.00074564 85.98818115
0.00448937 0.00073774 0.99998965 -0.75208677
0.00000000 0.00000000 0.00000000 1.00000000
10	10	11
0.99998910 -0.00188132 -0.00427292 -48.62676540
0.00188583 0.99999767 0.00105189 95.20179968
0.00427093 -0.00105994 0.99999032 -0.77794392
0.00000000 0.00000000 0.00000000 1.00000000
11	11	12
0.99999619 -0.00124303 -0.00246574 -53.24902314
0.00124427 0.99999910 0.00050157 104.41643897
0.00246511 -0.00050464 0.99999683 -0.75697453
0.00000000 0.00000000 0.00000000 1.00000000
12	12	13
0.99999963 -0.00040785 -0.00076302 -58.32076601
0.00040707 0.99999939 -0.00102430 114.31322996
0.00076343 0.00102399 0.99999918 -0.67806453
0.00000000 0.00000000 0.00000000 1.00000000
13	13	14
0.99999847 -0.00023605 -0.00173324 -63.65689912
0.00023395 0.99999924 -0.00120666 124.60696592
0.00173353 0.00120625 0.99999777 -0.46097183
0.00000000 0.00000000 0.00000000 1.00000000
14	14	15
0.99999880 -0.00080214 -0.00132618 -69.06401710
0.00080070 0.99999909 -0.00108686 136.45464518
0.00132705 0.00108580 0.99999853 -0.40273945
0.00000000 0.00000000 0.00000000 1.00000000
15	15	16
0.99999687 -0.00166831 -0.00186397 -72.08997432
0.00166625 0.99999800 -0.00110590 147.99527430
0.00186581 0.00110279 0.99999765 -0.71984213
0.00000000 0.00000000 0.00000000 1.00000000
16	16	17
0.99999881 -0.00117163 -0.00099877 -71.89983025
0.00117039 0.99999855 -0.00123594 151.98346027
0.00100022 0.00123477 0.99999874 -0.79636539
0.00000000 0.00000000 0.00000000 1.00000000
17	17	18
0.99999657 -0.00200145 -0.00168933 -71.02408272
0.00199920 0.99999711 -0.00133655 155.46113751
0.00169200 0.00133317 0.99999768 -0.93177485
0.00000000 0.00000000 0.00000000 1.00000000
18	18	19
0.99998604 -0.00287042 -0.00443583 -69.36615984
0.00286383 0.99999479 -0.00149177 159.37447006
0.00444009 0.00147904 0.99998905 -1.03411261
0.00000000 0.00000000 0.00000000 1.00000000
19	19	20
0.99998237 -0.00296573 -0.00514438 -66.81159725
0.00295912 0.99999479 -0.00129164 164.45592108
0.00514818 0.00127640 0.99998593 -1.16292684
0.00000000 0.00000000 0.00000000 1.00000000
20	20	21
0.99998966 -0.00295751 -0.00345310 -60.14538969
0.00295198 0.99999436 -0.00160457 171.94337713
0.00345783 0.00159436 0.99999275 -1.60876687
0.00000000 0.00000000 0.00000000 1.00000000
21	21	22
0.99998577 -0.00207857 -0.00491249 -45.93023223
0.00207360 0.99999733 -0.00101839 179.47240626
0.00491459 0.00100819 0.99998742 -1.89742380
0.00000000 0.00000000 0.00000000 1.00000000
22	22	23
0.99999231 -0.00254628 -0.00298169 -36.04575419
0.00254620 0.99999676 -0.00003038 183.50002108
0.00298176 0.00002279 0.99999555 -2.02636495
0.00000000 0.00000000 0.00000000 1.00000000
23	23	24
0.99999713 -0.00222343 -0.00089590 -26.86723403
0.00222347 0.99999753 0.00004163 186.89106808
0.00089581 -0.00004362 0.99999960 -2.04690663
0.00000000 0.00000000 0.00000000 1.00000000
24	24	25
0.99999681 -0.00236386 -0.00089341 -17.56333593
0.00236521 0.99999605 0.00151762 190.49117039
0.00088982 -0.00151973 0.99999845 -2.20425646
0.00000000 0.00000000 0.00000000 1.00000000
25	25	26
0.99999706 -0.00225780 0.00088223 -7.55823738
0.00225837 0.99999724 -0.00064219 194.24954268
-0.00088078 0.00064418 0.99999940 -2.39555202
0.00000000 0.00000000 0.00000000 1.00000000
26	26	27
0.99999790 -0.00204973 0.00001510 2.28198074
0.00204972 0.99999765 0.00069920 198.01776484
-0.00001653 -0.00069917 0.99999976 -2.48122432
0.00000000 0.00000000 0.00000000 1.00000000
27	27	28
0.99999889 -0.00141457 0.00047575 11.99083606
0.00141410 0.99999851 0.00098964 201.72126108
-0.00047715 -0.00098897 0.99999940 -2.56260266
0.00000000 0.00000000 0.00000000 1.00000000
28	28	29
0.99999964 -0.00077942 0.00032089 21.31639864
0.00077891 0.99999842 0.00159945 205.34468603
-0.00032214 -0.00159920 0.99999867 -2.63183183
0.00000000 0.00000000 0.00000000 1.00000000
29	29	30
0.99999819 -0.00189484 0.00017943 31.26168127
0.00189413 0.99999057 0.00390681 209.07472474
-0.00018683 -0.00390646 0.99999235 -2.66345025
0.00000000 0.00000000 0.00000000 1.00000000
30	30	31
0.99999532 -0.00198463 -0.00232712 41.48307147
0.00199638 0.99998523 0.00505519 212.86445037
0.00231705 -0.00505981 0.99998451 -2.59058392
0.00000000 0.00000000 0.00000000 1.00000000
31	31	32
0.99999835 -0.00145151 -0.00108834 52.61967548
0.00145490 0.99999406 0.00312343 216.52432537
0.00108380 -0.00312501 0.99999453 -2.36124555
0.00000000 0.00000000 0.00000000 1.00000000
32	32	33
0.99999664 -0.00249938 -0.00068766 60.75783770
0.00250201 0.99998946 0.00384847 217.57917954
0.00067803 -0.00385017 0.99999236 -1.93212692
0.00000000 0.00000000 0.00000000 1.00000000
33	33	34
0.99999453 -0.00329715 0.00025113 65.40772949
0.00329653 0.99999156 0.00245018 216.65607081
-0.00025921 -0.00244934 0.99999697 -1.69485233
0.00000000 0.00000000 0.00000000 1.00000000
34	34	35
0.99999430 -0.00337514 -0.00002915 69.47312831
0.00337522 0.99998986 0.00298216 214.96089686
0.00001909 -0.00298224 0.99999555 -1.51323252
0.00000000 0.00000000 0.00000000 1.00000000
35	35	36
0.99999154 -0.00387164 -0.00138945 74.17139260
0.00387527 0.99998907 0.00261534 212.36270026
0.00137931 -0.00262070 0.99999561 -1.37964654
0.00000000 0.00000000 0.00000000 1.00000000
36	36	37
0.99999444 -0.00326145 -0.00069196 80.00276333
0.00326392 0.99998822 0.00359170 208.26470967
0.00068023 -0.00359394 0.99999331 -1.20938892
0.00000000 0.00000000 0.00000000 1.00000000
37	37	38
0.99999481 -0.00322077 0.00005216 88.35238870
0.00322051 0.99998520 0.00438425 197.65624986
-0.00006628 -0.00438406 0.99999039 -0.73570665
0.00000000 0.00000000 0.00000000 1.00000000
38	38	39
0.99999527 -0.00247158 -0.00182855 90.64312604
0.00247943 0.99998766 0.00430380 186.73189251
0.00181789 -0.00430831 0.99998907 -0.68530480
0.00000000 0.00000000 0.00000000 1.00000000
39	39	40
0.99999300 -0.00312868 -0.00205412 91.87609741
0.00313743 0.99998596 0.00426926 177.47071573
0.00204073 -0.00427567 0.99998878 -0.63175346
0.00000000 0.00000000 0.00000000 1.00000000
40	40	41
0.99999409 -0.00264354 -0.00219594 93.15867111
0.00265004 0.99999210 0.00296217 168.56058489
0.00218810 -0.00296797 0.99999320 -0.51559504
0.00000000 0.00000000 0.00000000 1.00000000
41	41	42
0.99999471 -0.00204837 -0.00252728 94.69057429
0.00205608 0.99999322 0.00305329 158.55203065
0.00252100 -0.00305847 0.99999215 -0.34570079
0.00000000 0.00000000 0.00000000 1.00000000
42	42	43
0.99999194 -0.00331214 -0.00226809 96.52319389
0.00332104 0.99998676 0.00393171 147.52655919
0.00225504 -0.00393921 0.99998970 -0.09048524
0.00000000 0.00000000 0.00000000 1.00000000
43	43	44
0.99999244 -0.00290527 -0.00258264 98.05431643
0.00291404 0.99998997 0.00340169 136.96550074
0.00257273 -0.00340919 0.99999088 0.05550134
0.00000000 0.00000000 0.00000000 1.00000000
44	44	45
0.99999348 -0.00271271 -0.00238153 99.72154662
0.00271775 0.99999407 0.00211689 125.88862686
0.00237577 -0.00212335 0.99999492 0.13396856
0.00000000 0.00000000 0.00000000 1.00000000
45	45	46
0.99999356 -0.00207946 -0.00292510 101.29955403
0.00208519 0.99999591 0.00195796 114.96487540
0.00292102 -0.00196405 0.99999381 0.20571802
0.00000000 0.00000000 0.00000000 1.00000000
46	46	47
0.99999546 -0.00112151 -0.00279585 102.70005974
0.00112790 0.99999676 0.00228390 104.29532725
0.00279328 -0.00228704 0.99999348 0.40303898
0.00000000 0.00000000 0.00000000 1.00000000
47	47	48
0.99999101 -0.00123144 -0.00405799 104.54113102
0.00124458 0.99999399 0.00323694 92.60361656
0.00405398 -0.00324196 0.99998653 0.70630490
0.00000000 0.00000000 0.00000000 1.00000000
48	48	49
0.99999204 -0.00191656 -0.00350053 108.44607354
0.00192839 0.99999243 0.00337919 75.03810924
0.00349403 -0.00338591 0.99998816 0.83206263
0.00000000 0.00000000 0.00000000 1.00000000
49	49	50
0.99999534 -0.00131947 -0.00275158 110.07149476
0.00132780 0.99999453 0.00302854 67.53891330
0.00274757 -0.00303218 0.99999163 0.69256832
0.00000000 0.00000000 0.00000000 1.00000000
50	50	51
0.99998652 -0.00114293 -0.00506565 111.22157775
0.00116552 0.99998938 0.00445780 61.21874063
0.00506050 -0.00446364 0.99997723 0.68683889
0.00000000 0.00000000 0.00000000 1.00000000
51	51	52
0.99997711 -0.00082391 -0.00671610 112.21613276
0.00085015 0.99999201 0.00390566 55.43954659
0.00671282 -0.00391128 0.99996982 0.63423472
0.00000000 0.00000000 0.00000000 1.00000000
52	52	53
0.99995698 -0.00183091 -0.00909342 113.34146636
0.00186453 0.99999145 0.00369028 50.49177541
0.00908658 -0.00370708 0.99995184 0.55044282
0.00000000 0.00000000 0.00000000 1.00000000
53	53	54
0.99997694 -0.00162004 -0.00659526 114.51191559
0.00163951 0.99999431 0.00294757 44.88498847
0.00659045 -0.00295832 0.99997391 0.43758964
0.00000000 0.00000000 0.00000000 1.00000000
54	54	55
0.99996362 -0.00057773 -0.00851068 116.30381779
0.00060287 0.99999546 0.00295263 32.91276904
0.00850893 -0.00295765 0.99995942 0.28190069
0.00000000 0.00000000 0.00000000 1.00000000
55	55	56
0.99994250 0.00007936 -0.01072359 117.72130312
-0.00006297 0.99999883 0.00152888 21.66744979
0.01072370 -0.00152812 0.99994133 0.44403926
0.00000000 0.00000000 0.00000000 1.00000000
56	56	57
0.99994636 0.00101455 -0.01030734 119.36972467
-0.00099379 0.99999747 0.00201910 10.42560156
0.01030936 -0.00200874 0.99994484 0.55347819
0.00000000 0.00000000 0.00000000 1.00000000
57	57	58
0.99995140 0.00001299 -0.00985874 121.11368370
0.00000725 0.99999789 0.00205320 -1.43432290
0.00985874 -0.00205317 0.99994929 0.77514531
0.00000000 0.00000000 0.00000000 1.00000000
58	58	59
0.99995744 -0.00014217 -0.00922497 122.04600353
0.00015085 0.99999955 0.00094092 -11.92490805
0.00922483 -0.00094228 0.99995701 0.91822427
0.00000000 0.00000000 0.00000000 1.00000000
59	59	60
0.99994534 0.00045909 -0.01044509 122.89844489
-0.00045336 0.99999975 0.00055117 -22.29498385
0.01044534 -0.00054640 0.99994530 0.92800663
0.00000000 0.00000000 0.00000000 1.00000000
60	60	61
0.99994311 -0.00030987 -0.01066166 123.40264648
0.00032202 0.99999930 0.00113876 -32.55440032
0.01066130 -0.00114213 0.99994251 0.81171256
0.00000000 0.00000000 0.00000000 1.00000000
61	61	62
0.99994968 -0.00053558 -0.01001788 124.46082477
0.00056047 0.99999676 0.00248115 -42.54368957
0.01001651 -0.00248664 0.99994674 0.91751206
0.00000000 0.00000000 0.00000000 1.00000000
62	62	63
0.99995239 0.00009886 -0.00975797 125.44340525
-0.00006457 0.99999382 0.00351453 -53.05968184
0.00975825 -0.00351373 0.99994621 1.05249883
0.00000000 0.00000000 0.00000000 1.00000000
63	63	64
0.99995490 0.00015782 -0.00949569 126.62727012
-0.00012414 0.99999370 0.00354762 -63.63236030
0.00949619 -0.00354628 0.99994862 1.17718892
0.00000000 0.00000000 0.00000000 1.00000000
64	64	65
0.99995543 0.00033411 -0.00943498 127.41802350
-0.00031906 0.99999867 0.00159668 -73.62985930
0.00943550 -0.00159360 0.99995421 1.07668968
0.00000000 0.00000000 0.00000000 1.00000000
65	65	66
0.99994924 0.00088834 -0.01003590 128.24912240
-0.00086257 0.99999632 0.00257129 -83.57756536
0.01003815 -0.00256251 0.99994633 1.05294243
0.00000000 0.00000000 0.00000000 1.00000000
66	66	67
0.99995288 -0.00003030 -0.00970717 129.59688056
0.00005841 0.99999581 0.00289546 -93.40086106
0.00970704 -0.00289589 0.99994869 1.24834313
0.00000000 0.00000000 0.00000000 1.00000000
67	67	68
0.99995318 0.00046582 -0.00966575 130.35335529
-0.00044808 0.99999821 0.00183743 -102.99643012
0.00966659 -0.00183301 0.99995160 1.24808964
0.00000000 0.00000000 0.00000000 1.00000000
68	68	69
0.99995371 -0.00043437 -0.00961243 131.31842380
0.00045971 0.99999643 0.00263334 -113.45858378
0.00961125 -0.00263764 0.99995033 1.19042952
0.00000000 0.00000000 0.00000000 1.00000000
69	69	70
0.99994716 0.00014562 -0.01027905 132.23730299
-0.00011673 0.99999604 0.00281143 -123.95866918
0.01027942 -0.00281008 0.99994322 1.14029984
0.00000000 0.00000000 0.00000000 1.00000000
70	70	71
0.99994273 0.00064336 -0.01068270 133.49963982
-0.00061932 0.99999727 0.00225415 -133.63080515
0.01068412 -0.00224740 0.99994040 1.35274229
0.00000000 0.00000000 0.00000000 1.00000000
71	71	72
0.99994051 -0.00070832 -0.01088450 134.76775611
0.00074224 0.99999488 0.00311258 -143.59741817
0.01088224 -0.00312047 0.99993592 1.50555476
0.00000000 0.00000000 0.00000000 1.00000000
72	72	73
0.99994855 0.00005509 -0.01014388 135.94153284
-0.00002615 0.99999593 0.00285345 -154.17855488
0.01014399 -0.00285304 0.99994448 1.57047167
0.00000000 0.00000000 0.00000000 1.00000000
73	73	74
0.99994296 -0.00197763 -0.01049625 137.55082566
0.00200577 0.99999442 0.00267143 -164.19933666
0.01049091 -0.00269233 0.99994134 1.68086754
0.00000000 0.00000000 0.00000000 1.00000000
74	74	75
0.99993789 -0.00207783 -0.01094949 139.35352795
0.00212316 0.99998922 0.00412959 -174.94965580
0.01094079 -0.00415258 0.99993153 1.75776565
0.00000000 0.00000000 0.00000000 1.00000000
75	75	76
0.99993509 -0.00262774 -0.01108615 140.88128503
0.00266380 0.99999121 0.00323931 -185.72911526
0.01107755 -0.00326863 0.99993330 1.82918805
0.00000000 0.00000000 0.00000000 1.00000000
76	76	77
0.99993559 -0.00247338 -0.01107668 142.28143995
0.00251475 0.99998991 0.00372294 -196.41311957
0.01106736 -0.00375056 0.99993172 1.87350073
0.00000000 0.00000000 0.00000000 1.00000000
77	77	78
0.99993617 -0.00212697 -0.01109642 144.07277482
0.00216843 0.99999071 0.00372630 -212.77213774
0.01108839 -0.00375012 0.99993149 1.96574002
0.00000000 0.00000000 0.00000000 1.00000000
78	78	79
0.99994280 -0.00145055 -0.01059674 145.06557375
0.00149313 0.99999084 0.00401156 -223.64076141
0.01059083 -0.00402716 0.99993581 2.05894305
0.00000000 0.00000000 0.00000000 1.00000000
79	79	80
0.99993013 -0.00200017 -0.01165063 145.31294076
0.00203909 0.99999238 0.00332973 -228.97643796
0.01164388 -0.00335325 0.99992659 2.13766760
0.00000000 0.00000000 0.00000000 1.00000000
80	80	81
0.99993689 -0.00176961 -0.01109436 145.42872653
0.00180950 0.99999193 0.00358665 -233.81099750
0.01108792 -0.00360650 0.99993202 2.16790009
0.00000000 0.00000000 0.00000000 1.00000000
81	81	82
0.99993496 -0.00222094 -0.01118681 145.57758010
0.00226211 0.99999071 0.00366886 -238.43577103
0.01117856 -0.00369393 0.99993069 2.18617280
0.00000000 0.00000000 0.00000000 1.00000000
82	82	83
0.99993486 -0.00232987 -0.01117383 145.70286681
0.00237758 0.99998811 0.00425814 -243.09554407
0.01116377 -0.00428442 0.99992850 2.21276450
0.00000000 0.00000000 0.00000000 1.00000000
83	83	84
0.99992969 -0.00275828 -0.01153247 145.82084585
0.00281063 0.99998581 0.00452594 -251.67371907
0.01151982 -0.00455804 0.99992326 2.22342201
0.00000000 0.00000000 0.00000000 1.00000000
84	84	85
0.99992458 -0.00263460 -0.01199523 146.00549772
0.00268695 0.99998693 0.00435002 -268.93715015
0.01198361 -0.00438192 0.99991859 2.28015218
0.00000000 0.00000000 0.00000000 1.00000000
85	85	86
0.99988302 -0.00227046 -0.01512597 146.25733987
0.00230532 0.99999473 0.00228786 -281.27604017
0.01512069 -0.00232246 0.99988298 2.21680437
0.00000000 0.00000000 0.00000000 1.00000000
86	86	87
0.99987973 -0.00153183 -0.01543315 146.26291670
0.00156246 0.99999683 0.00197225 -292.89027058
0.01543008 -0.00199613 0.99987896 2.21101574
0.00000000 0.00000000 0.00000000 1.00000000
87	87	88
0.99984422 -0.00121453 -0.01760847 145.76977916
0.00121717 0.99999925 0.00013919 -303.43950492
0.01760829 -0.00016060 0.99984495 2.28234895
0.00000000 0.00000000 0.00000000 1.00000000
88	88	89
0.99982295 -0.00332671 -0.01852046 145.30782153
0.00328714 0.99999225 -0.00216649 -313.52883760
0.01852752 0.00210523 0.99982613 2.33010345
0.00000000 0.00000000 0.00000000 1.00000000
89	89	90
0.99981548 -0.00405059 -0.01877762 144.78333269
0.00405004 0.99999180 -0.00006731 -323.94309219
0.01877773 -0.00000876 0.99982368 2.68417971
0.00000000 0.00000000 0.00000000 1.00000000
90	90	91
0.99980440 -0.00424490 -0.01931686 144.08965048
0.00425311 0.99999088 0.00038405 -334.61642926
0.01931506 -0.00046614 0.99981334 2.91364462
0.00000000 0.00000000 0.00000000 1.00000000
91	91	92
0.99980527 -0.00464717 -0.01917878 143.54821034
0.00465401 0.99998912 0.00031196 -344.50199733
0.01917712 -0.00040116 0.99981602 2.96544181
0.00000000 0.00000000 0.00000000 1.00000000
92	92	93
0.99980224 -0.00480976 -0.01929615 143.50048701
0.00479019 0.99998796 -0.00106066 -354.47730548
0.01930102 0.00096802 0.99981325 3.04599620
0.00000000 0.00000000 0.00000000 1.00000000
93	93	94
0.99978908 -0.00483720 -0.01996001 144.35930000
0.00480857 0.99998734 -0.00148193 -364.87797562
0.01996693 0.00138564 0.99979968 3.14746599
0.00000000 0.00000000 0.00000000 1.00000000
94	94	95
0.99979971 -0.00485870 -0.01941488 145.49635996
0.00482203 0.99998650 -0.00193530 -374.55925757
0.01942402 0.00184129 0.99980964 3.22877045
0.00000000 0.00000000 0.00000000 1.00000000
95	95	96
0.99982784 -0.00608998 -0.01752715 146.83236055
0.00607507 0.99998114 -0.00090367 -384.77510144
0.01753232 0.00079704 0.99984598 3.06936193
0.00000000 0.00000000 0.00000000 1.00000000
96	96	97
0.99981817 -0.00636245 -0.01797618 148.99556039
0.00631299 0.99997613 -0.00280701 -395.64311084
0.01799361 0.00269302 0.99983448 3.07383711
0.00000000 0.00000000 0.00000000 1.00000000
97	97	98
0.99980263 -0.00627092 -0.01885144 151.30741426
0.00624725 0.99997962 -0.00131393 -405.89258190
0.01885929 0.00119590 0.99982143 3.15001259
0.00000000 0.00000000 0.00000000 1.00000000
98	98	99
0.99980821 -0.00568867 -0.01873973 153.16448146
0.00565963 0.99998270 -0.00160245 -416.99996178
0.01874852 0.00149608 0.99982311 3.12915996
0.00000000 0.00000000 0.00000000 1.00000000
99	99	100
0.99980492 -0.00552690 -0.01896229 152.99544159
0.00548546 0.99998245 -0.00223659 -434.32087803
0.01897432 0.00213213 0.99981770 3.00795201
0.00000000 0.00000000 0.00000000 1.00000000
100	100	101
0.99984356 -0.00503055 -0.01695710 150.85988496
0.00500584 0.99998635 -0.00149928 -439.47575517
0.01696441 0.00141416 0.99985509 2.75500528
0.00000000 0.00000000 0.00000000 1.00000000
101	101	102
0.99988289 -0.00508230 -0.01443518 148.92408942
0.00507209 0.99998686 -0.00074349 -443.27643580
0.01443877 0.00067019 0.99989553 2.54398643
0.00000000 0.00000000 0.00000000 1.00000000
102	102	103
0.99984985 -0.00513465 -0.01655043 146.90180904
0.00512264 0.99998658 -0.00076787 -446.67541755
0.01655415 0.00068298 0.99986274 2.41486185
0.00000000 0.00000000 0.00000000 1.00000000
103	103	104
0.99985856 -0.00420897 -0.01628337 143.87712988
0.00420677 0.99999114 -0.00016950 -450.52102732
0.01628394 0.00010098 0.99986740 2.27789858
0.00000000 0.00000000 0.00000000 1.00000000
104	104	105
0.99986350 -0.00366698 -0.01611003 139.52489180
0.00365237 0.99999289 -0.00093606 -453.62752781
0.01611334 0.00087709 0.99986979 2.11889082
0.00000000 0.00000000 0.00000000 1.00000000
105	105	106
0.99983341 -0.00417035 -0.01776961 126.53478271
0.00413335 0.99998921 -0.00211831 -460.02125544
0.01777826 0.00204451 0.99983986 1.42427947
0.00000000 0.00000000 0.00000000 1.00000000
106	106	107
0.99980518 -0.00301939 -0.01950604 114.80198933
0.00305764 0.99999346 0.00193163 -465.51678123
0.01950008 -0.00199090 0.99980787 1.15724701
0.00000000 0.00000000 0.00000000 1.00000000
107	107	108
0.99981946 -0.00307652 -0.01875036 103.45678806
0.00321360 0.99996830 0.00728489 -470.11661903
0.01872736 -0.00734383 0.99979766 1.00187406
0.00000000 0.00000000 0.00000000 1.00000000
108	108	109
0.99981898 -0.00232227 -0.01888429 93.35670421
0.00246626 0.99996804 0.00760498 -474.02721791
0.01886602 -0.00765018 0.99979275 0.81417241
0.00000000 0.00000000 0.00000000 1.00000000
109	109	110
0.99991562 -0.00255402 -0.01273657 83.02070689
0.00249730 0.99998690 -0.00446725 -477.97128864
0.01274781 0.00443507 0.99990891 0.56292665
0.00000000 0.00000000 0.00000000 1.00000000
110	110	111
0.99989848 -0.00259486 -0.01401026 73.62365004
0.00256968 0.99999505 -0.00181459 -481.42497931
0.01401490 0.00177840 0.99990020 0.34590123
0.00000000 0.00000000 0.00000000 1.00000000
111	111	112
0.99987998 -0.00253143 -0.01528475 64.19367797
0.00259315 0.99998856 0.00401943 -485.07321248
0.01527440 -0.00405859 0.99987510 0.13422622
0.00000000 0.00000000 0.00000000 1.00000000
112	112	113
0.99990007 -0.00273030 -0.01387091 54.69048987
0.00279695 0.99998463 0.00478754 -488.85775581
0.01385763 -0.00482586 0.99989233 0.04194885
0.00000000 0.00000000 0.00000000 1.00000000
113	113	114
0.99990454 -0.00321272 -0.01343855 42.55827917
0.00331293 0.99996682 0.00744149 -493.76859012
0.01341420 -0.00748530 0.99988201 0.12492270
0.00000000 0.00000000 0.00000000 1.00000000
114	114	115
0.99989214 -0.00150130 -0.01461035 37.37193813
0.00161573 0.99996809 0.00782350 -494.53004697
0.01459814 -0.00784626 0.99986266 0.15968504
0.00000000 0.00000000 0.00000000 1.00000000
115	115	116
0.99992345 -0.00278740 -0.01205487 33.56813808
0.00286582 0.99997481 0.00649285 -494.09859734
0.01203647 -0.00652690 0.99990626 0.18236059
0.00000000 0.00000000 0.00000000 1.00000000
116	116	117
0.99993444 -0.00238576 -0.01119942 29.49549429
0.00246066 0.99997467 0.00667848 -493.06596853
0.01118320 -0.00670560 0.99991498 0.18113376
0.00000000 0.00000000 0.00000000 1.00000000
117	117	118
0.99996637 -0.00052198 -0.00818508 24.36457122
0.00058333 0.99997174 0.00749469 -491.51884651
0.00818093 -0.00749921 0.99993842 0.17577401
0.00000000 0.00000000 0.00000000 1.00000000
118	118	119
0.99998222 0.00134750 -0.00580934 17.25737781
-0.00130920 0.99997742 0.00659157 -488.77704769
0.00581809 -0.00658385 0.99996140 0.20423633
0.00000000 0.00000000 0.00000000 1.00000000
119	119	120
0.99998373 -0.00022796 -0.00569904 7.10046209
0.00030421 0.99991041 0.01338213 -475.22860510
0.00569548 -0.01338365 0.99989421 0.25339060
0.00000000 0.00000000 0.00000000 1.00000000
120	120	121
0.99999354 -0.00167072 -0.00318380 3.65535818
0.00170604 0.99993667 0.01112364 -463.90934628
0.00316501 -0.01112900 0.99993306 0.04916756
0.00000000 0.00000000 0.00000000 1.00000000
121	121	122
0.99997480 -0.00297368 -0.00644570 0.59490507
0.00302510 0.99996356 0.00798254 -453.39960977
0.00642173 -0.00800183 0.99994736 -0.05521224
0.00000000 0.00000000 0.00000000 1.00000000
122	122	123
0.99996439 -0.00478005 -0.00695548 -2.63428207
0.00482421 0.99996823 0.00634628 -442.48204075
0.00692492 -0.00637961 0.99995567 -0.23459936
0.00000000 0.00000000 0.00000000 1.00000000
123	123	124
0.99995611 -0.00415703 -0.00839613 -6.30327431
0.00418740 0.99998474 0.00360234 -430.27401875
0.00838102 -0.00363734 0.99995826 -0.45881153
0.00000000 0.00000000 0.00000000 1.00000000
124	124	125
0.99995586 -0.00561356 -0.00753431 -7.27548153
0.00562357 0.99998333 0.00130911 -421.81008560
0.00752683 -0.00135142 0.99997076 -0.54852646
0.00000000 0.00000000 0.00000000 1.00000000
125	125	126
0.99988107 -0.00917869 -0.01239359 -6.79364535
0.00914169 0.99995360 -0.00303923 -415.92042565
0.01242091 0.00292557 0.99991858 -0.48348795
0.00000000 0.00000000 0.00000000 1.00000000
126	126	127
0.99981448 -0.01369399 -0.01354532 -5.19683665
0.01365086 0.99990147 -0.00327162 -409.30137807
0.01358879 0.00308611 0.99990291 -0.41301128
0.00000000 0.00000000 0.00000000 1.00000000
127	127	128
0.99973816 -0.01542138 -0.01690538 -2.19231910
0.01536858 0.99987662 -0.00324845 -401.68648646
0.01695338 0.00298778 0.99985182 -0.29315277
0.00000000 0.00000000 0.00000000 1.00000000
128	128	129
0.99965414 -0.01640305 -0.02055596 1.12648819
0.01636690 0.99986420 -0.00192585 -394.82582064
0.02058475 0.00158875 0.99978685 -0.28644249
0.00000000 0.00000000 0.00000000 1.00000000
129	129	130
0.99963102 -0.01820153 -0.02016258 3.42138092
0.01811149 0.99982521 -0.00463924 -388.87983768
0.02024350 0.00427235 0.99978595 -0.22984513
0.00000000 0.00000000 0.00000000 1.00000000
130	130	131
0.99960784 -0.01874761 -0.02080136 5.19219258
0.01871611 0.99982338 -0.00170771 -382.79857390
0.02082970 0.00131772 0.99978217 -0.20576642
0.00000000 0.00000000 0.00000000 1.00000000
131	131	132
0.99962162 -0.01896487 -0.01992371 6.07132744
0.01896580 0.99982012 -0.00014212 -376.08033724
0.01992282 -0.00023580 0.99980149 -0.18386810
0.00000000 0.00000000 0.00000000 1.00000000
132	132	133
0.99964463 -0.01833878 -0.01934691 4.67410825
0.01836069 0.99983097 0.00095547 -371.80693873
0.01932611 -0.00131035 0.99981237 -0.25990283
0.00000000 0.00000000 0.00000000 1.00000000
133	133	134
0.99968214 -0.01740549 -0.01823943 1.61699960
0.01747806 0.99983992 0.00382673 -371.20441289
0.01816990 -0.00414430 0.99982632 -0.33945562
0.00000000 0.00000000 0.00000000 1.00000000
134	134	135
0.99970238 -0.01558549 -0.01876825 -1.36338647
0.01569187 0.99986156 0.00553413 -370.80655587
0.01867940 -0.00582699 0.99980854 -0.41260636
0.00000000 0.00000000 0.00000000 1.00000000
135	135	136
0.99969731 -0.01254087 -0.02116635 -4.35343678
0.01270230 0.99989112 0.00750947 -371.39451928
0.02106987 -0.00777606 0.99974776 -0.45312808
0.00000000 0.00000000 0.00000000 1.00000000
136	136	137
0.99961282 -0.01067020 -0.02569756 -6.99500589
0.01089922 0.99990198 0.00878873 -373.10515368
0.02560126 -0.00906541 0.99963113 -0.47795594
0.00000000 0.00000000 0.00000000 1.00000000
137	137	138
0.99956208 -0.01112748 -0.02741953 -8.79112924
0.01141306 0.99988201 0.01028110 -375.49753176
0.02730189 -0.01058953 0.99957114 -0.49323437
0.00000000 0.00000000 0.00000000 1.00000000
138	138	139
0.99952909 -0.00694735 -0.02988878 -9.92930522
0.00726685 0.99991748 0.01059407 -378.25843999
0.02981271 -0.01080628 0.99949709 -0.48733963
0.00000000 0.00000000 0.00000000 1.00000000
139	139	140
0.99946891 -0.00523420 -0.03216351 -10.61897339
0.00560707 0.99991799 0.01151377 -381.29924001
0.03210061 -0.01168800 0.99941630 -0.46033265
0.00000000 0.00000000 0.00000000 1.00000000
140	140	141
0.99943621 0.00046238 -0.03357153 -33.31134500
-0.00001041 0.99990939 0.01346176 -371.09361536
0.03357471 -0.01345382 0.99934565 -1.96751330
0.00000000 0.00000000 0.00000000 1.00000000
141	141	142
0.99888025 0.00289333 -0.04722151 -31.86286762
-0.00239500 0.99994088 0.01060616 -384.68106526
0.04724940 -0.01048119 0.99882813 -2.00793762
0.00000000 0.00000000 0.00000000 1.00000000
142	142	143
0.99798464 0.00365154 -0.06335079 -26.99109145
-0.00317029 0.99996536 0.00769544 -394.46062662
0.06337670 -0.00747909 0.99796165 -1.87046062
0.00000000 0.00000000 0.00000000 1.00000000
143	143	144
0.99702348 0.00171587 -0.07707935 -22.60110271
-0.00135469 0.99998786 0.00473778 -402.42724682
0.07708655 -0.00461926 0.99701370 -1.61695345
0.00000000 0.00000000 0.00000000 1.00000000
144	144	145
0.99651371 -0.00067702 -0.08342640 -18.25987190
0.00051781 0.99999800 -0.00193011 -410.09622482
0.08342754 0.00188018 0.99651207 -1.29895391
0.00000000 0.00000000 0.00000000 1.00000000
145	145	146
0.99581523 -0.00382246 -0.09130940 -13.71466539
0.00240673 0.99987526 -0.01560981 -418.13967851
0.09135768 0.01532473 0.99570022 -1.03230462
0.00000000 0.00000000 0.00000000 1.00000000
146	146	147
0.99532614 -0.00662740 -0.09634284 -9.12816194
0.00470663 0.99978588 -0.02015041 -427.30321948
0.09645576 0.01960278 0.99514422 -0.77552175
0.00000000 0.00000000 0.00000000 1.00000000
147	147	148
0.99527449 -0.00855036 -0.09672423 -4.88211239
0.00640213 0.99972638 -0.02249838 -437.89300536
0.09689013 0.02177282 0.99505691 -0.37242606
0.00000000 0.00000000 0.00000000 1.00000000
148	148	149
0.99567469 -0.00754433 -0.09260129 -1.38118554
0.00551440 0.99973928 -0.02215749 -448.95528695
0.09274431 0.02155101 0.99545670 -0.19345323
0.00000000 0.00000000 0.00000000 1.00000000
149	149	150
0.99531355 -0.00674067 -0.09646501 1.59185891
0.00467338 0.99975490 -0.02164042 -458.49819531
0.09658724 0.02108819 0.99510110 -0.04367639
0.00000000 0.00000000 0.00000000 1.00000000
150	150	151
0.99511036 -0.00817570 -0.09843034 4.41554682
0.00611509 0.99975617 -0.02121820 -467.95229464
0.09857982 0.02051254 0.99491771 0.06573202
0.00000000 0.00000000 0.00000000 1.00000000
151	151	152
0.99504825 -0.00784647 -0.09908281 6.97459468
0.00573086 0.99974987 -0.02161845 -477.27181957
0.09922765 0.02094357 0.99484433 0.18601981
0.00000000 0.00000000 0.00000000 1.00000000
152	152	153
0.99494870 -0.00917796 -0.09996421 9.82611205
0.00685614 0.99969926 -0.02354532 -487.36464573
0.10015025 0.02274102 0.99471241 0.31636776
0.00000000 0.00000000 0.00000000 1.00000000
153	153	154
0.99535273 -0.00717999 -0.09602809 12.38399184
0.00532702 0.99979491 -0.01953859 -496.88635499
0.09614868 0.01893624 0.99518684 0.47122099
0.00000000 0.00000000 0.00000000 1.00000000
154	154	155
0.99637813 -0.00594397 -0.08482505 15.19243425
0.00440778 0.99982308 -0.01828588 -506.98564089
0.08491874 0.01784576 0.99622805 0.61179701
0.00000000 0.00000000 0.00000000 1.00000000
155	155	156
0.99672363 -0.00685102 -0.08059203 18.00086514
0.00537703 0.99981454 -0.01849243 -516.84704965
0.08070378 0.01799849 0.99657561 0.71110474
0.00000000 0.00000000 0.00000000 1.00000000
156	156	157
0.99749812 -0.00658153 -0.07038592 20.84827184
0.00535434 0.99983060 -0.01760967 -526.48828243
0.07048989 0.01718874 0.99736439 0.84830977
0.00000000 0.00000000 0.00000000 1.00000000
157	157	158
0.99783358 -0.00534045 -0.06557157 23.79965987
0.00410867 0.99981283 -0.01890575 -535.86296380
0.06566026 0.01859538 0.99766875 1.05487976
0.00000000 0.00000000 0.00000000 1.00000000
158	158	159
0.99808384 -0.00593158 -0.06159108 26.87866349
0.00511854 0.99989778 -0.01335003 -546.11513705
0.06166397 0.01300920 0.99801218 1.13185764
0.00000000 0.00000000 0.00000000 1.00000000
159	159	160
0.99812431 -0.00520436 -0.06099817 29.82236804
0.00421412 0.99985743 -0.01635136 -555.70904021
0.06107457 0.01606364 0.99800394 1.26292081
0.00000000 0.00000000 0.00000000 1.00000000
160	160	161
0.99814250 -0.00504949 -0.06071293 32.64789722
0.00398312 0.99983590 -0.01767229 -565.43102556
0.06079220 0.01739763 0.99799881 1.36111848
0.00000000 0.00000000 0.00000000 1.00000000
161	161	162
0.99846953 -0.00583714 -0.05499561 35.15475001
0.00500252 0.99987041 -0.01530159 -574.55001014
0.05507780 0.01500305 0.99836934 1.35171320
0.00000000 0.00000000 0.00000000 1.00000000
162	162	163
0.99898185 -0.00597445 -0.04471654 37.89718177
0.00544118 0.99991274 -0.01203777 -584.21654586
0.04478455 0.01178220 0.99892719 1.45977261
0.00000000 0.00000000 0.00000000 1.00000000
163	163	164
0.99937892 -0.00578406 -0.03476086 40.63941828
0.00547142 0.99994378 -0.00908252 -593.46516818
0.03481144 0.00888669 0.99935439 1.48588211
0.00000000 0.00000000 0.00000000 1.00000000
164	164	165
0.99960364 -0.00470941 -0.02775576 43.52744948
0.00452391 0.99996704 -0.00674235 -603.40939620
0.02778659 0.00661411 0.99959200 1.52492288
0.00000000 0.00000000 0.00000000 1.00000000
165	165	166
0.99980564 -0.00403130 -0.01929829 46.53321316
0.00392802 0.99997778 -0.00538648 -613.48202840
0.01931958 0.00530963 0.99979926 1.54573923
0.00000000 0.00000000 0.00000000 1.00000000
166	166	167
0.99994289 -0.00380506 -0.00998729 50.57822737
0.00377167 0.99998724 -0.00335980 -627.63145696
0.00999995 0.00332194 0.99994448 1.56864900
0.00000000 0.00000000 0.00000000 1.00000000
167	167	168
0.99999105 -0.00363159 -0.00217278 52.87172934
0.00363464 0.99999241 0.00140475 -637.96260483
0.00216766 -0.00141264 0.99999665 1.76432967
0.00000000 0.00000000 0.00000000 1.00000000
168	168	169
0.99999061 -0.00300407 -0.00312280 52.40646729
0.00300860 0.99999443 0.00144652 -641.88286046
0.00311844 -0.00145591 0.99999408 1.84680223
0.00000000 0.00000000 0.00000000 1.00000000
169	169	170
0.99998133 -0.00216612 0.00571418 51.07206858
0.00215789 0.99999663 0.00144685 -645.39516559
-0.00571729 -0.00143449 0.99998263 1.94291317
0.00000000 0.00000000 0.00000000 1.00000000
170	170	171
0.99994275 -0.00176689 0.01055310 48.89533709
0.00173846 0.99999484 0.00270268 -649.41256567
-0.01055782 -0.00268418 0.99994066 2.02656328
0.00000000 0.00000000 0.00000000 1.00000000
171	171	172
0.99996985 -0.00062859 0.00773989 45.43678410
0.00058635 0.99998493 0.00545802 -654.05889900
-0.00774321 -0.00545332 0.99995515 2.11706329
0.00000000 0.00000000 0.00000000 1.00000000
172	172	173
0.99994567 0.00144817 0.01032294 38.87099019
-0.00149317 0.99998941 0.00435289 -660.72005731
-0.01031653 -0.00436807 0.99993724 2.32214925
0.00000000 0.00000000 0.00000000 1.00000000
173	173	174
0.99989362 0.00252498 0.01436598 19.68507583
-0.00260166 0.99998246 0.00532141 -666.70093274
-0.01435229 -0.00535822 0.99988264 2.61587420
0.00000000 0.00000000 0.00000000 1.00000000
174	174	175
0.99992891 0.00334306 0.01144505 8.73347172
-0.00336460 0.99999260 0.00186360 -667.54957747
-0.01143873 -0.00190198 0.99993277 2.57147472
0.00000000 0.00000000 0.00000000 1.00000000
175	175	176
0.99987771 0.00494017 0.01483751 0.21023728
-0.00503566 0.99996681 0.00640506 -668.11606894
-0.01480538 -0.00647900 0.99986940 2.59229765
0.00000000 0.00000000 0.00000000 1.00000000
176	176	177
0.99988795 0.00426566 0.01434926 -8.93319247
-0.00435935 0.99996934 0.00650427 -668.49692984
-0.01432108 -0.00656610 0.99987589 2.59080026
0.00000000 0.00000000 0.00000000 1.00000000
177	177	178
0.99989316 0.00287404 0.01433206 -17.34154363
-0.00294681 0.99998286 0.00505893 -668.95566612
-0.01431727 -0.00510062 0.99988449 2.75229938
0.00000000 0.00000000 0.00000000 1.00000000
178	178	179
0.99989803 0.00192946 0.01414944 -24.02900243
-0.00200762 0.99998280 0.00551142 -669.70754613
-0.01413856 -0.00553927 0.99988470 2.91968271
0.00000000 0.00000000 0.00000000 1.00000000
179	179	180
0.99988143 0.00066997 0.01538402 -30.42825129
-0.00075047 0.99998606 0.00522712 -671.06404183
-0.01538030 -0.00523805 0.99986800 3.09135545
0.00000000 0.00000000 0.00000000 1.00000000
180	180	181
0.99987243 -0.00237933 0.01579449 -36.86483258
0.00230811 0.99998710 0.00452561 -673.59673831
-0.01580505 -0.00448857 0.99986502 3.26247631
0.00000000 0.00000000 0.00000000 1.00000000
181	181	182
0.99984969 -0.00381758 0.01691229 -43.77810374
0.00376263 0.99998754 0.00327982 -677.31389768
-0.01692460 -0.00321569 0.99985160 3.45383640
0.00000000 0.00000000 0.00000000 1.00000000
182	182	183
0.99984789 -0.00637681 0.01623392 -50.82222285
0.00634226 0.99997751 0.00217889 -682.87446340
-0.01624745 -0.00207560 0.99986585 3.70905412
0.00000000 0.00000000 0.00000000 1.00000000
183	183	184
0.99978091 -0.01100319 0.01780617 -59.23729654
0.01103632 0.99993754 -0.00176353 -695.17371895
-0.01778565 0.00195966 0.99983990 4.19075922
0.00000000 0.00000000 0.00000000 1.00000000
184	184	185
0.99979599 -0.01145362 0.01663719 -62.69912366
0.01149688 0.99993077 -0.00250722 -706.62984118
-0.01660733 0.00269799 0.99985845 4.21483062
0.00000000 0.00000000 0.00000000 1.00000000
185	185	186
0.99977907 -0.01193000 0.01730544 -64.80407188
0.01204047 0.99990770 -0.00629364 -717.47757815
-0.01722876 0.00650061 0.99983044 4.34537233
0.00000000 0.00000000 0.00000000 1.00000000
186	186	187
0.99978423 -0.01266590 0.01646403 -67.23111534
0.01278691 0.99989184 -0.00726608 -729.42026604
-0.01637022 0.00747504 0.99983806 4.46371021
0.00000000 0.00000000 0.00000000 1.00000000
187	187	188
0.99982660 -0.01175127 0.01444534 -71.50566634
0.01183307 0.99991436 -0.00559023 -747.30953115
-0.01437841 0.00576019 0.99988003 4.36061386
0.00000000 0.00000000 0.00000000 1.00000000
188	188	189
0.99981873 -0.01134649 0.01528946 -72.90771191
0.01144739 0.99991317 -0.00652833 -753.18113044
-0.01521406 0.00670217 0.99986180 4.22982037
0.00000000 0.00000000 0.00000000 1.00000000
189	189	190
0.99982176 -0.00934659 0.01640392 -74.32382183
0.00949383 0.99991514 -0.00892115 -758.76475435
-0.01631914 0.00907529 0.99982565 4.06777181
0.00000000 0.00000000 0.00000000 1.00000000
190	190	191
0.99983795 -0.00997958 0.01498254 -75.55013219
0.01012220 0.99990389 -0.00947328 -763.92854414
-0.01488656 0.00962340 0.99984288 3.86543231
0.00000000 0.00000000 0.00000000 1.00000000
191	191	192
0.99986794 -0.00976493 0.01299021 -76.65053446
0.00990431 0.99989361 -0.01070888 -769.06097101
-0.01288426 0.01083612 0.99985828 3.64629634
0.00000000 0.00000000 0.00000000 1.00000000
192	192	193
0.99987927 -0.01043064 0.01151757 -77.77552865
0.01055996 0.99988124 -0.01122461 -774.57529084
-0.01139912 0.01134488 0.99987067 3.37954087
0.00000000 0.00000000 0.00000000 1.00000000
193	193	194
0.99990337 -0.00687237 0.01208373 -81.13718927
0.00701097 0.99990969 -0.01146572 -788.30572740
-0.01200384 0.01154933 0.99986125 2.71521389
0.00000000 0.00000000 0.00000000 1.00000000
194	194	195
0.99989562 -0.00441188 0.01375825 -84.15456951
0.00456088 0.99993109 -0.01081756 -795.35477796
-0.01370957 0.01087918 0.99984683 2.44640965
0.00000000 0.00000000 0.00000000 1.00000000
195	195	196
0.99992071 -0.00188837 0.01245037 -88.23330551
0.00200852 0.99995147 -0.00964466 -802.10534052
-0.01243155 0.00966891 0.99987598 2.17189623
0.00000000 0.00000000 0.00000000 1.00000000
196	196	197
0.99992343 0.00060683 0.01236013 -94.47589834
-0.00052590 0.99997841 -0.00654957 -809.52910835
-0.01236384 0.00654257 0.99990216 1.86207854
0.00000000 0.00000000 0.00000000 1.00000000
197	197	198
0.99989471 0.00491766 0.01365225 -104.34221543
-0.00487932 0.99998406 -0.00284055 -816.78685947
-0.01366600 0.00277364 0.99990277 1.57158927
0.00000000 0.00000000 0.00000000 1.00000000
198	198	199
0.99980837 0.00927301 0.01724061 -117.23939639
-0.00932001 0.99995306 0.00264742 -820.91672763
-0.01721525 -0.00280760 0.99984786 1.36144787
0.00000000 0.00000000 0.00000000 1.00000000
199	199	200
0.99979039 0.01035033 0.01766474 -129.03545764
-0.01058705 0.99985470 0.01336023 -822.61676887
-0.01752389 -0.01354445 0.99975470 1.27889159
0.00000000 0.00000000 0.00000000 1.00000000
200	200	201
0.99975371 0.01176196 0.01881973 -139.65703497
-0.01217047 0.99968955 0.02174122 -824.06815370
-0.01855817 -0.02196491 0.99958648 1.27858785
0.00000000 0.00000000 0.00000000 1.00000000
201	201	202
