0	0	1
0.99688255 -0.00389575 0.07880362 21.94620440
0.00230298 0.99979143 0.02029270 6.88253555
-0.07886624 -0.02004796 0.99668360 -25.44335076
0.00000000 0.00000000 0.00000000 1.00000000
1	1	2
0.99696236 -0.00295258 0.07782890 14.27076414
0.00141309 0.99980240 0.01982815 20.13633658
-0.07787206 -0.01965794 0.99676954 -25.14423643
0.00000000 0.00000000 0.00000000 1.00000000
2	2	3
0.99696652 -0.00370312 0.07774341 9.57638764
0.00221887 0.99981379 0.01916931 30.24527800
-0.07779992 -0.01893865 0.99678909 -24.97289653
0.00000000 0.00000000 0.00000000 1.00000000
3	3	4
0.99699910 -0.00340155 0.07733842 5.05615568
0.00196394 0.99982401 0.01865705 39.29889162
-0.07738827 -0.01844917 0.99683032 -24.84343772
0.00000000 0.00000000 0.00000000 1.00000000
4	4	5
0.99696579 -0.00369865 0.07775305 0.37571267
0.00219452 0.99980898 0.01942151 48.66786758
-0.07781003 -0.01919195 0.99678346 -24.77441333
0.00000000 0.00000000 0.00000000 1.00000000
5	5	6
0.99698357 -0.00390011 0.07751489 -4.06998983
0.00237368 0.99980165 0.01977445 57.46554039
-0.07757663 -0.01953081 0.99679507 -24.75578951
0.00000000 0.00000000 0.00000000 1.00000000
6	6	7
0.99690686 -0.00408993 0.07848557 -8.55798981
0.00260736 0.99981641 0.01898295 66.58039801
-0.07854880 -0.01871960 0.99673450 -24.66833147
0.00000000 0.00000000 0.00000000 1.00000000
7	7	8
0.99703146 -0.00479881 0.07684558 -13.09224347
0.00335394 0.99981537 0.01892037 75.37059223
-0.07692219 -0.01860647 0.99686347 -24.62177045
0.00000000 0.00000000 0.00000000 1.00000000
8	8	9
0.99719433 -0.00352120 0.07477349 -17.72261509
0.00195385 0.99977706 0.02102412 84.02801089
-0.07483085 -0.02081903 0.99697889 -24.49065998
0.00000000 0.00000000 0.00000000 1.00000000
9	9	10
0.99717849 -0.00433090 0.07494200 -22.24540351
0.00283159 0.99979395 0.02010097 92.57435783
-0.07501362 -0.01983205 0.99698528 -24.39412941
0.00000000 0.00000000 0.00000000 1.00000000
10	10	11
0.99728377 -0.00266357 0.07360694 -26.94949739
0.00113932 0.99978421 0.02074213 101.74986303
-0.07364630 -0.02060193 0.99707160 -24.23775557
0.00000000 0.00000000 0.00000000 1.00000000
11	11	12
0.99730110 -0.00107891 0.07341227 -31.53019670
-0.00042968 0.99978913 0.02053077 110.93061252
-0.07341894 -0.02050690 0.99709033 -24.05223698
0.00000000 0.00000000 0.00000000 1.00000000
12	12	13
0.99733985 -0.00004672 0.07289181 -36.57472788
-0.00140508 0.99980167 0.01986575 120.81734084
-0.07287828 -0.01991533 0.99714198 -23.79501759
0.00000000 0.00000000 0.00000000 1.00000000
13	13	14
0.99734375 0.00008461 0.07283844 -41.86504972
-0.00143835 0.99982721 0.01853326 131.10841021
-0.07282429 -0.01858880 0.99717154 -23.40303964
0.00000000 0.00000000 0.00000000 1.00000000
14	14	15
0.99734111 -0.00018051 0.07287436 -47.26398819
-0.00108752 0.99984871 0.01736008 142.97110029
-0.07286647 -0.01739317 0.99719003 -23.17730015
0.00000000 0.00000000 0.00000000 1.00000000
15	15	16
0.99737113 0.00053987 0.07246054 -50.25815757
-0.00156620 0.99989925 0.01410801 154.52481434
-0.07244562 -0.01418441 0.99727150 -23.45064714
0.00000000 0.00000000 0.00000000 1.00000000
16	16	17
0.99739140 0.00027789 0.07218251 -50.06259680
-0.00119641 0.99991886 0.01268209 158.50971209
-0.07217313 -0.01273537 0.99731081 -23.59557714
0.00000000 0.00000000 0.00000000 1.00000000
17	17	18
0.99738141 -0.00018938 0.07232076 -49.19341339
-0.00072798 0.99991962 0.01265803 161.98629090
-0.07231735 -0.01267753 0.99730110 -23.82446511
0.00000000 0.00000000 0.00000000 1.00000000
18	18	19
0.99735865 -0.00056253 0.07263199 -47.55026294
-0.00036753 0.99991812 0.01279112 165.90391385
-0.07263324 -0.01278402 0.99727678 -24.08137959
0.00000000 0.00000000 0.00000000 1.00000000
19	19	20
0.99729395 -0.00104450 0.07350978 -44.99756356
0.00004809 0.99990812 0.01355516 170.97558394
-0.07351719 -0.01351495 0.99720237 -24.45591357
0.00000000 0.00000000 0.00000000 1.00000000
20	20	21
0.99720262 0.00018382 0.07474559 -38.39772341
-0.00128582 0.99989119 0.01469559 178.43284550
-0.07473475 -0.01475059 0.99709435 -25.54727947
0.00000000 0.00000000 0.00000000 1.00000000
21	21	22
0.99719462 -0.00033027 0.07485170 -24.20861641
-0.00083387 0.99987920 0.01552089 185.92747899
-0.07484779 -0.01553977 0.99707388 -27.06058529
0.00000000 0.00000000 0.00000000 1.00000000
22	22	23
0.99722114 0.00152991 0.07448255 -14.36756718
-0.00272077 0.99987005 0.01588968 189.93720184
-0.07444856 -0.01604817 0.99709572 -28.06455501
0.00000000 0.00000000 0.00000000 1.00000000
23	23	24
0.99730405 0.00255095 0.07333570 -5.19153673
-0.00373211 0.99986545 0.01597377 193.28889708
-0.07328509 -0.01620440 0.99717938 -28.84729446
0.00000000 0.00000000 0.00000000 1.00000000
24	24	25
0.99732815 0.00396281 0.07294426 4.08926476
-0.00519374 0.99984717 0.01669299 196.82888991
-0.07286696 -0.01702724 0.99719631 -29.75593466
0.00000000 0.00000000 0.00000000 1.00000000
25	25	26
0.99735216 0.00508215 0.07254540 14.09679412
-0.00634476 0.99983220 0.01718449 200.48077191
-0.07244589 -0.01759927 0.99721706 -30.70084391
0.00000000 0.00000000 0.00000000 1.00000000
26	26	27
0.99734328 0.00615784 0.07258414 23.91646567
-0.00747780 0.99981133 0.01792741 204.14686375
-0.07246005 -0.01842255 0.99720116 -31.57740595
0.00000000 0.00000000 0.00000000 1.00000000
27	27	28
0.99729748 0.00658241 0.07317379 33.64164425
-0.00790966 0.99980915 0.01786336 207.75370325
-0.07304224 -0.01839387 0.99715921 -32.42676317
0.00000000 0.00000000 0.00000000 1.00000000
28	28	29
0.99723027 0.00696928 0.07404880 42.98712820
-0.00835422 0.99979562 0.01840980 211.28769131
-0.07390536 -0.01897743 0.99708468 -33.25178527
0.00000000 0.00000000 0.00000000 1.00000000
29	29	30
0.99710990 0.00660888 0.07568463 52.94196791
-0.00806957 0.99978673 0.01901007 214.92261829
-0.07554286 -0.01956587 0.99695058 -34.10749214
0.00000000 0.00000000 0.00000000 1.00000000
30	30	31
0.99704994 0.00513029 0.07658398 63.17492806
-0.00660540 0.99979728 0.01902040 218.62780722
-0.07647087 -0.01947016 0.99688170 -34.86475983
0.00000000 0.00000000 0.00000000 1.00000000
31	31	32
0.99694325 0.00374220 0.07803939 74.32409039
-0.00524183 0.99980536 0.01902032 222.21236312
-0.07795302 -0.01937125 0.99676882 -35.56819608
0.00000000 0.00000000 0.00000000 1.00000000
32	32	33
0.99688007 0.00285072 0.07887966 82.48384618
-0.00437757 0.99980626 0.01919056 223.23378486
-0.07880967 -0.01947599 0.99669941 -35.81836073
0.00000000 0.00000000 0.00000000 1.00000000
33	33	34
0.99675671 0.00195653 0.08045017 87.15531324
-0.00340633 0.99983420 0.01788770 222.30055787
-0.08040184 -0.01810372 0.99659811 -35.94427445
0.00000000 0.00000000 0.00000000 1.00000000
34	34	35
0.99663286 0.00157272 0.08197841 91.22614625
-0.00303034 0.99983947 0.01765912 220.59307918
-0.08193748 -0.01784809 0.99647764 -36.09449910
0.00000000 0.00000000 0.00000000 1.00000000
35	35	36
0.99666392 0.00078372 0.08161139 95.91574067
-0.00225163 0.99983732 0.01789602 217.98198628
-0.08158409 -0.01802007 0.99650354 -36.29928421
0.00000000 0.00000000 0.00000000 1.00000000
36	36	37
0.99661042 0.00088055 0.08226114 101.73302721
-0.00244514 0.99981799 0.01892110 213.88560418
-0.08222951 -0.01905811 0.99643118 -36.55597549
0.00000000 0.00000000 0.00000000 1.00000000
37	37	38
0.99660634 0.00438039 0.08219858 110.03150533
-0.00606112 0.99977741 0.02020892 203.28873769
-0.08209176 -0.02063856 0.99641106 -36.60668800
0.00000000 0.00000000 0.00000000 1.00000000
38	38	39
0.99657614 0.00848203 0.08224389 112.20039122
-0.01020441 0.99973686 0.02054460 192.39176932
-0.08204799 -0.02131351 0.99640045 -36.54342133
0.00000000 0.00000000 0.00000000 1.00000000
39	39	40
0.99653108 0.01142704 0.08243312 113.33992050
-0.01312777 0.99971140 0.02011920 183.16499459
-0.08217943 -0.02113157 0.99639350 -36.42714036
0.00000000 0.00000000 0.00000000 1.00000000
40	40	41
0.99645758 0.01424938 0.08288093 114.49042138
-0.01593219 0.99967942 0.01967816 174.24084831
-0.08257396 -0.02092893 0.99636515 -36.27879622
0.00000000 0.00000000 0.00000000 1.00000000
41	41	42
0.99634357 0.01788278 0.08354462 115.84379189
-0.01958238 0.99961673 0.01956862 164.20457638
-0.08316266 -0.02113307 0.99631188 -36.05095982
0.00000000 0.00000000 0.00000000 1.00000000
42	42	43
0.99627945 0.01990986 0.08385021 117.46528663
-0.02166539 0.99956363 0.02007880 153.15417093
-0.08341386 -0.02182074 0.99627606 -35.76652196
0.00000000 0.00000000 0.00000000 1.00000000
43	43	44
0.99621631 0.02191658 0.08409951 118.73673914
-0.02370897 0.99951129 0.02037341 142.56495260
-0.08361190 -0.02229023 0.99624906 -35.55837682
0.00000000 0.00000000 0.00000000 1.00000000
44	44	45
0.99615875 0.02403792 0.08420173 120.08858208
-0.02594172 0.99943030 0.02158923 131.44892728
-0.08363480 -0.02369064 0.99621482 -35.38963983
0.00000000 0.00000000 0.00000000 1.00000000
45	45	46
0.99611376 0.02591630 0.08417669 121.34666607
-0.02799878 0.99932806 0.02365366 120.45233932
-0.08350711 -0.02591859 0.99617006 -35.18353227
0.00000000 0.00000000 0.00000000 1.00000000
46	46	47
0.99607761 0.02762128 0.08406223 122.43225931
-0.02981666 0.99924336 0.02497355 109.72597393
-0.08330883 -0.02738205 0.99614751 -34.83555788
0.00000000 0.00000000 0.00000000 1.00000000
47	47	48
0.99604143 0.02914273 0.08397715 123.92971322
-0.03144500 0.99916140 0.02622408 97.98121129
-0.08314249 -0.02876093 0.99612255 -34.39330694
0.00000000 0.00000000 0.00000000 1.00000000
48	48	49
0.99593797 0.03100353 0.08453605 127.27040378
-0.03348325 0.99904489 0.02807465 80.25776365
-0.08358490 -0.03079115 0.99602483 -34.14295567
0.00000000 0.00000000 0.00000000 1.00000000
49	49	50
0.99574826 0.03077084 0.08682488 128.63270880
-0.03352929 0.99897247 0.03049253 72.65849939
-0.08579738 -0.03327406 0.99575682 -34.21266558
0.00000000 0.00000000 0.00000000 1.00000000
50	50	51
0.99572541 0.03069957 0.08711172 129.54867836
-0.03363149 0.99890927 0.03239111 66.29088051
-0.08602231 -0.03518235 0.99567182 -34.14786298
0.00000000 0.00000000 0.00000000 1.00000000
51	51	52
0.99569286 0.02964189 0.08784697 130.33215106
-0.03275731 0.99887676 0.03423711 60.42982427
-0.08673344 -0.03696728 0.99554544 -34.13125155
0.00000000 0.00000000 0.00000000 1.00000000
52	52	53
0.99571790 0.02848771 0.08794490 131.26330345
-0.03164798 0.99889475 0.03475166 55.39852810
-0.08685771 -0.03738613 0.99551897 -34.16822253
0.00000000 0.00000000 0.00000000 1.00000000
53	53	54
0.99576561 0.02745683 0.08773240 132.26183911
-0.03051732 0.99896477 0.03373555 49.74558917
-0.08671530 -0.03627006 0.99557267 -34.16355165
0.00000000 0.00000000 0.00000000 1.00000000
54	54	55
0.99586109 0.02534577 0.08728275 133.67034443
-0.02832938 0.99904994 0.03311579 37.72097313
-0.08636048 -0.03545140 0.99563300 -34.07494758
0.00000000 0.00000000 0.00000000 1.00000000
55	55	56
0.99595640 0.02190985 0.08712523 134.80662693
-0.02485958 0.99914889 0.03291649 26.43531391
-0.08632988 -0.03494929 0.99565340 -33.67733569
0.00000000 0.00000000 0.00000000 1.00000000
56	56	57
0.99605357 0.01490632 0.08749331 136.26610488
-0.01796699 0.99925010 0.03429915 15.16552612
-0.08691643 -0.03573579 0.99557445 -33.36436188
0.00000000 0.00000000 0.00000000 1.00000000
57	57	58
0.99593418 0.00874976 0.08965797 137.87368756
-0.01196022 0.99930401 0.03533337 3.24936648
-0.08928641 -0.03626204 0.99534567 -32.92651159
0.00000000 0.00000000 0.00000000 1.00000000
58	58	59
0.99593864 0.00356627 0.08996391 138.74989176
-0.00661356 0.99941358 0.03359708 -7.26112811
-0.08979133 -0.03405562 0.99537819 -32.49810531
0.00000000 0.00000000 0.00000000 1.00000000
59	59	60
0.99592425 0.00013853 0.09019347 139.56595546
-0.00319819 0.99942419 0.03377964 -17.67201476
-0.09013685 -0.03393042 0.99535123 -32.23920175
0.00000000 0.00000000 0.00000000 1.00000000
60	60	61
0.99593564 -0.00144327 0.09005620 140.06532320
-0.00155639 0.99944653 0.03322966 -27.93941694
-0.09005431 -0.03323477 0.99538217 -32.04656699
0.00000000 0.00000000 0.00000000 1.00000000
61	61	62
0.99591750 -0.00306910 0.09021590 141.14391596
0.00008742 0.99945416 0.03303585 -37.91859071
-0.09026804 -0.03289310 0.99537416 -31.73212535
0.00000000 0.00000000 0.00000000 1.00000000
62	62	63
0.99589122 -0.00397033 0.09047049 142.18679751
0.00099823 0.99945903 0.03287319 -48.42753106
-0.09055207 -0.03264782 0.99535644 -31.37458173
0.00000000 0.00000000 0.00000000 1.00000000
63	63	64
0.99591296 -0.00481791 0.09018962 143.41686429
0.00197356 0.99949865 0.03160002 -58.98812932
-0.09029665 -0.03129287 0.99542316 -31.07469438
0.00000000 0.00000000 0.00000000 1.00000000
64	64	65
0.99586880 -0.00545441 0.09063988 144.24972831
0.00267646 0.99952378 0.03074151 -69.00733720
-0.09076439 -0.03037191 0.99540915 -30.98303638
0.00000000 0.00000000 0.00000000 1.00000000
65	65	66
0.99591566 -0.00612881 0.09008021 145.12950803
0.00344675 0.99954697 0.02989957 -78.93749037
-0.09022265 -0.02946697 0.99548560 -30.80387359
0.00000000 0.00000000 0.00000000 1.00000000
66	66	67
0.99588846 -0.00724011 0.09029810 146.55962350
0.00469925 0.99958787 0.02831960 -88.72306592
-0.09046593 -0.02777883 0.99551206 -30.49862487
0.00000000 0.00000000 0.00000000 1.00000000
67	67	68
0.99589352 -0.00805411 0.09017335 147.38425419
0.00561242 0.99961157 0.02729861 -98.29603507
-0.09035819 -0.02668041 0.99555188 -30.33665865
0.00000000 0.00000000 0.00000000 1.00000000
68	68	69
0.99583570 -0.00954284 0.09066533 148.40968265
0.00735619 0.99967469 0.02442145 -108.72284691
-0.09086888 -0.02365280 0.99558194 -30.24226480
0.00000000 0.00000000 0.00000000 1.00000000
69	69	70
0.99585106 -0.01014321 0.09043105 149.42944606
0.00816869 0.99972066 0.02217803 -119.18033008
-0.09063075 -0.02134732 0.99565574 -30.17593748
0.00000000 0.00000000 0.00000000 1.00000000
70	70	71
0.99582764 -0.01079689 0.09061317 150.79087873
0.00892162 0.99973809 0.02107495 -128.79709996
-0.09081698 -0.02017860 0.99566315 -29.92012459
0.00000000 0.00000000 0.00000000 1.00000000
71	71	72
0.99581643 -0.01172615 0.09062080 152.17162991
0.00997496 0.99975513 0.01975322 -138.71850885
-0.09083023 -0.01876664 0.99568955 -29.73656297
0.00000000 0.00000000 0.00000000 1.00000000
72	72	73
0.99578302 -0.01294866 0.09082129 153.46921036
0.01134074 0.99977009 0.01819792 -149.23524787
-0.09103605 -0.01709120 0.99570092 -29.63903840
0.00000000 0.00000000 0.00000000 1.00000000
73	73	74
0.99577523 -0.01428573 0.09070617 155.20739737
0.01265578 0.99974840 0.01851936 -159.25528578
-0.09094791 -0.01729316 0.99570549 -29.55726738
0.00000000 0.00000000 0.00000000 1.00000000
74	74	75
0.99573766 -0.01700074 0.09065041 157.15618731
0.01516867 0.99966731 0.02086115 -169.94507236
-0.09097491 -0.01939719 0.99566426 -29.50949964
0.00000000 0.00000000 0.00000000 1.00000000
75	75	76
0.99565645 -0.01796074 0.09135447 158.83451989
0.01608205 0.99964463 0.02125964 -180.67891740
-0.09170385 -0.01969813 0.99559148 -29.42329345
0.00000000 0.00000000 0.00000000 1.00000000
76	76	77
0.99556222 -0.01883231 0.09220205 160.39633010
0.01682971 0.99960632 0.02244932 -191.34304819
-0.09258852 -0.02079796 0.99548722 -29.33416045
0.00000000 0.00000000 0.00000000 1.00000000
77	77	78
0.99552706 -0.01963342 0.09241432 162.46265048
0.01761584 0.99958944 0.02259732 -207.67001211
-0.09282004 -0.02086829 0.99546419 -29.14823323
0.00000000 0.00000000 0.00000000 1.00000000
78	78	79
0.99540754 -0.02129303 0.09332975 163.65900936
0.01920448 0.99954592 0.02321961 -218.51219915
-0.09378178 -0.02132063 0.99536446 -28.98518986
0.00000000 0.00000000 0.00000000 1.00000000
79	79	80
0.99530644 -0.02333578 0.09391769 164.01552732
0.02112209 0.99947676 0.02449615 -223.83917971
-0.09444018 -0.02239744 0.99527856 -28.83980734
0.00000000 0.00000000 0.00000000 1.00000000
80	80	81
0.99521322 -0.02436876 0.09464043 164.23417227
0.02203880 0.99942964 0.02558687 -228.65884950
-0.09520997 -0.02337863 0.99518265 -28.72891280
0.00000000 0.00000000 0.00000000 1.00000000
81	81	82
0.99523762 -0.02522092 0.09415938 164.49803123
0.02287703 0.99940300 0.02588995 -233.27442520
-0.09475613 -0.02361257 0.99522044 -28.62993806
0.00000000 0.00000000 0.00000000 1.00000000
82	82	83
0.99524020 -0.02595304 0.09393290 164.73601772
0.02356845 0.99937340 0.02640728 -237.90961622
-0.09455939 -0.02406773 0.99522825 -28.53443734
0.00000000 0.00000000 0.00000000 1.00000000
83	83	84
0.99525301 -0.02649880 0.09364437 165.07061799
0.02405894 0.99934348 0.02708835 -246.46476307
-0.09430070 -0.02470678 0.99523713 -28.36172931
0.00000000 0.00000000 0.00000000 1.00000000
84	84	85
0.99527012 -0.02683132 0.09336739 165.67323748
0.02434395 0.99932040 0.02767866 -263.71270534
-0.09404659 -0.02527481 0.99524692 -27.95722628
0.00000000 0.00000000 0.00000000 1.00000000
85	85	86
0.99531244 -0.02696854 0.09287542 166.20094160
0.02455593 0.99933317 0.02702256 -276.07813448
-0.09354225 -0.02461524 0.99531098 -27.79644948
0.00000000 0.00000000 0.00000000 1.00000000
86	86	87
0.99533362 -0.02728140 0.09255657 166.48360762
0.02491791 0.99933565 0.02659613 -287.69454744
-0.09322066 -0.02416571 0.99535216 -27.53511001
0.00000000 0.00000000 0.00000000 1.00000000
87	87	88
0.99542259 -0.02721272 0.09161517 166.27064668
0.02486672 0.99933543 0.02665211 -298.26435832
-0.09227956 -0.02425194 0.99543776 -27.16474782
0.00000000 0.00000000 0.00000000 1.00000000
88	88	89
0.99541776 -0.02848528 0.09128017 166.08042925
0.02624088 0.99932537 0.02569475 -308.37262942
-0.09195052 -0.02318174 0.99549370 -26.80184108
0.00000000 0.00000000 0.00000000 1.00000000
89	89	90
0.99545144 -0.02936305 0.09063248 165.86631128
0.02705176 0.99927937 0.02662588 -318.79127860
-0.09134899 -0.02405301 0.99552841 -26.15320798
0.00000000 0.00000000 0.00000000 1.00000000
90	90	91
0.99546411 -0.02943715 0.09046915 165.47472129
0.02714630 0.99928150 0.02644907 -329.47951096
-0.09118273 -0.02387320 0.99554798 -25.59020394
0.00000000 0.00000000 0.00000000 1.00000000
91	91	92
0.99545667 -0.02934614 0.09058046 165.20103663
0.02708310 0.99929206 0.02611280 -339.38759441
-0.09128264 -0.02354096 0.99554674 -25.23613983
0.00000000 0.00000000 0.00000000 1.00000000
92	92	93
0.99545203 -0.02910682 0.09070859 165.40517033
0.02690899 0.99931617 0.02535932 -349.37549012
-0.09138469 -0.02280311 0.99555455 -24.90888076
0.00000000 0.00000000 0.00000000 1.00000000
93	93	94
0.99544823 -0.02888116 0.09082239 166.51883016
0.02671686 0.99933147 0.02495635 -359.75673300
-0.09148244 -0.02241626 0.99555435 -24.64057462
0.00000000 0.00000000 0.00000000 1.00000000
94	94	95
0.99543256 -0.02862493 0.09107489 167.89419208
0.02650473 0.99935074 0.02440487 -369.41219334
-0.09171434 -0.02187949 0.99554496 -24.44790643
0.00000000 0.00000000 0.00000000 1.00000000
95	95	96
0.99542745 -0.02752997 0.09146746 169.46582393
0.02550071 0.99940368 0.02328089 -379.61762016
-0.09205384 -0.02084195 0.99553589 -24.48845937
0.00000000 0.00000000 0.00000000 1.00000000
96	96	97
0.99558372 -0.02623968 0.09013618 171.85049878
0.02436630 0.99946490 0.02182200 -390.47954728
-0.09066055 -0.01952934 0.99569035 -24.47157608
0.00000000 0.00000000 0.00000000 1.00000000
97	97	98
0.99562199 -0.02541239 0.08995033 174.34929053
0.02366148 0.99951026 0.02047848 -400.66187734
-0.09042669 -0.01826047 0.99573569 -24.42383142
0.00000000 0.00000000 0.00000000 1.00000000
98	98	99
0.99565120 -0.02519616 0.08968742 176.41164541
0.02353203 0.99953163 0.01956425 -411.74138354
-0.09013836 -0.01736864 0.99577779 -24.42509273
0.00000000 0.00000000 0.00000000 1.00000000
99	99	100
0.99570683 -0.02493267 0.08914183 176.57571085
0.02354744 0.99958559 0.01655780 -429.05169310
-0.08951772 -0.01438766 0.99588131 -24.22676931
0.00000000 0.00000000 0.00000000 1.00000000
100	100	101
0.99568720 -0.02476116 0.08940858 174.54622614
0.02340688 0.99959534 0.01616413 -434.25317090
-0.08977264 -0.01400164 0.99586386 -24.19003976
0.00000000 0.00000000 0.00000000 1.00000000
101	101	102
0.99585691 -0.02368724 0.08779485 172.70269149
0.02242842 0.99963141 0.01529720 -438.09093675
-0.08812484 -0.01326473 0.99602111 -24.14823429
0.00000000 0.00000000 0.00000000 1.00000000
102	102	103
0.99595475 -0.02347072 0.08673671 170.73076116
0.02223659 0.99963768 0.01516743 -441.52948050
-0.08706128 -0.01317735 0.99611580 -24.01435502
0.00000000 0.00000000 0.00000000 1.00000000
103	103	104
0.99592873 -0.02257230 0.08727228 167.77747135
0.02128623 0.99965110 0.01563911 -445.44189869
-0.08759484 -0.01371774 0.99606173 -23.80331563
0.00000000 0.00000000 0.00000000 1.00000000
104	104	105
0.99585468 -0.02156168 0.08836598 163.49726146
0.02026443 0.99967370 0.01555142 -448.63966208
-0.08867246 -0.01369627 0.99596667 -23.47548443
0.00000000 0.00000000 0.00000000 1.00000000
105	105	106
0.99603389 -0.01911025 0.08689818 150.59873369
0.01788959 0.99973036 0.01480416 -455.24223476
-0.08715766 -0.01319087 0.99610719 -22.68804017
0.00000000 0.00000000 0.00000000 1.00000000
106	106	107
0.99626176 -0.01478673 0.08511086 138.98011634
0.01338343 0.99976532 0.01703493 -460.85373765
-0.08534278 -0.01583217 0.99622585 -21.63753232
0.00000000 0.00000000 0.00000000 1.00000000
107	107	108
0.99658517 -0.01136893 0.08178472 127.73067838
0.00979004 0.99975838 0.01968064 -465.50974320
-0.08198870 -0.01881276 0.99645569 -20.53206883
0.00000000 0.00000000 0.00000000 1.00000000
108	108	109
0.99673047 -0.00880876 0.08031678 117.79696021
0.00720609 0.99976954 0.02022239 -469.40261629
-0.08047640 -0.01957750 0.99656423 -19.66036703
0.00000000 0.00000000 0.00000000 1.00000000
109	109	110
0.99635570 -0.00629340 0.08506301 107.50084034
0.00508313 0.99988286 0.01443702 -473.37202124
-0.08514391 -0.01395202 0.99627098 -18.82338352
0.00000000 0.00000000 0.00000000 1.00000000
110	110	111
0.99646605 -0.00497386 0.08384907 98.21713816
0.00376073 0.99988605 0.01461981 -476.81621303
-0.08391223 -0.01425281 0.99637121 -18.06570780
0.00000000 0.00000000 0.00000000 1.00000000
111	111	112
0.99642054 -0.00442403 0.08441878 88.76468370
0.00332037 0.99990724 0.01320948 -480.45820270
-0.08446938 -0.01288190 0.99634280 -17.28007157
0.00000000 0.00000000 0.00000000 1.00000000
112	112	113
0.99644531 -0.00537617 0.08407051 79.30187163
0.00415619 0.99988361 0.01467966 -484.24477890
-0.08413964 -0.01427806 0.99635167 -16.38794862
0.00000000 0.00000000 0.00000000 1.00000000
113	113	114
0.99649083 -0.00759354 0.08335681 67.27162025
0.00635676 0.99986589 0.01509256 -489.15548126
-0.08346023 -0.01450972 0.99640547 -15.09419814
0.00000000 0.00000000 0.00000000 1.00000000
114	114	115
0.99670121 -0.00773170 0.08078941 62.12854354
0.00650926 0.99986048 0.01538365 -489.93075919
-0.08089708 -0.01480702 0.99661247 -14.55708176
0.00000000 0.00000000 0.00000000 1.00000000
115	115	116
0.99668701 -0.00946237 0.08078033 58.31351954
0.00838641 0.99987168 0.01364853 -489.50540524
-0.08089911 -0.01292585 0.99663848 -14.18956047
0.00000000 0.00000000 0.00000000 1.00000000
116	116	117
0.99658588 -0.01183805 0.08170953 54.24691449
0.01076858 0.99985065 0.01351704 -488.50998557
-0.08185735 -0.01259099 0.99656452 -13.79580236
0.00000000 0.00000000 0.00000000 1.00000000
117	117	118
0.99659674 -0.01253084 0.08147340 49.12684360
0.01155073 0.99985528 0.01249002 -486.96773278
-0.08161812 -0.01150643 0.99659725 -13.32345906
0.00000000 0.00000000 0.00000000 1.00000000
118	118	119
0.99635794 -0.01508976 0.08392349 42.00147744
0.01377200 0.99977297 0.01625883 -484.28843093
-0.08414978 -0.01504382 0.99633955 -12.63030660
0.00000000 0.00000000 0.00000000 1.00000000
119	119	120
0.99588752 -0.02296133 0.08764031 31.65499760
0.02164119 0.99963802 0.01598380 -470.88944021
-0.08797560 -0.01402142 0.99602394 -11.83063755
0.00000000 0.00000000 0.00000000 1.00000000
120	120	121
0.99553296 -0.02586415 0.09080293 27.92742832
0.02432871 0.99954238 0.01797608 -459.60048397
-0.09122631 -0.01568666 0.99570663 -11.73930430
0.00000000 0.00000000 0.00000000 1.00000000
121	121	122
0.99549568 -0.02781073 0.09063620 24.61803520
0.02637568 0.99950766 0.01699273 -449.18073049
-0.09106415 -0.01452559 0.99573909 -11.64052029
0.00000000 0.00000000 0.00000000 1.00000000
122	122	123
0.99533935 -0.03057714 0.09145831 21.09154480
0.02943586 0.99947138 0.01380200 -438.36157169
-0.09183199 -0.01104552 0.99571325 -11.55288668
0.00000000 0.00000000 0.00000000 1.00000000
123	123	124
0.99562243 -0.03234530 0.08769123 17.10218868
0.03128489 0.99942014 0.01344043 -426.21852518
-0.08807512 -0.01063819 0.99605703 -11.47982448
0.00000000 0.00000000 0.00000000 1.00000000
124	124	125
0.99567327 -0.03333636 0.08673765 15.87840478
0.03248069 0.99940896 0.01125807 -417.80529397
-0.08706169 -0.00839206 0.99616757 -11.55044583
0.00000000 0.00000000 0.00000000 1.00000000
125	125	126
0.99564477 -0.03350126 0.08700096 16.20799823
0.03273507 0.99941182 0.01021887 -411.87938341
-0.08729213 -0.00732638 0.99615582 -11.62590637
0.00000000 0.00000000 0.00000000 1.00000000
126	126	127
0.99547767 -0.03444704 0.08853027 17.67973518
0.03369619 0.99938247 0.00996227 -405.19533678
-0.08881877 -0.00693408 0.99602367 -11.82833504
0.00000000 0.00000000 0.00000000 1.00000000
127	127	128
0.99548470 -0.03497944 0.08824197 20.52482987
0.03436894 0.99937367 0.00842883 -397.50222860
-0.08848154 -0.00535799 0.99606341 -12.13650881
0.00000000 0.00000000 0.00000000 1.00000000
128	128	129
0.99537048 -0.03591943 0.08914818 23.71609030
0.03551279 0.99935034 0.00614392 -390.56426141
-0.08931095 -0.00294958 0.99599942 -12.53919044
0.00000000 0.00000000 0.00000000 1.00000000
129	129	130
0.99530082 -0.03690230 0.08952374 25.90666398
0.03653898 0.99931600 0.00569437 -384.56549788
-0.08967264 -0.00239651 0.99596841 -12.82221295
0.00000000 0.00000000 0.00000000 1.00000000
130	130	131
0.99528656 -0.03718857 0.08956376 27.54827329
0.03675110 0.99930312 0.00652919 -378.41449392
-0.08974415 -0.00320685 0.99595969 -13.05239120
0.00000000 0.00000000 0.00000000 1.00000000
131	131	132
0.99526261 -0.03694203 0.08993117 28.33540157
0.03639699 0.99930779 0.00769365 -371.65793640
-0.09015314 -0.00438398 0.99591827 -13.20672748
0.00000000 0.00000000 0.00000000 1.00000000
132	132	133
0.99522248 -0.03691604 0.09038483 26.89092075
0.03634329 0.99930754 0.00797500 -367.38984490
-0.09061665 -0.00465202 0.99587498 -13.15077966
0.00000000 0.00000000 0.00000000 1.00000000
133	133	134
0.99516117 -0.03613077 0.09137189 23.84826804
0.03538450 0.99932597 0.00977471 -366.86738040
-0.09166347 -0.00649426 0.99576887 -12.91400312
0.00000000 0.00000000 0.00000000 1.00000000
134	134	135
0.99509959 -0.03417541 0.09278386 20.89866663
0.03329525 0.99938483 0.01101804 -366.51949618
-0.09310333 -0.00787479 0.99562531 -12.66675243
0.00000000 0.00000000 0.00000000 1.00000000
135	135	136
0.99512286 -0.03259282 0.09310321 17.95233752
0.03163319 0.99943030 0.01176480 -367.13388664
-0.09343362 -0.00876227 0.99558695 -12.41044947
0.00000000 0.00000000 0.00000000 1.00000000
136	136	137
0.99510496 -0.03252463 0.09331808 15.39103215
0.03151759 0.99942818 0.01224544 -368.88280076
-0.09366300 -0.00924433 0.99556104 -12.15473353
0.00000000 0.00000000 0.00000000 1.00000000
137	137	138
0.99507988 -0.03305474 0.09339926 13.66903237
0.03199871 0.99940617 0.01278207 -371.29934404
-0.09376631 -0.00973053 0.99554668 -11.96896421
0.00000000 0.00000000 0.00000000 1.00000000
138	138	139
0.99511139 -0.03202830 0.09342109 12.63043606
0.03092185 0.99943374 0.01326761 -374.05566122
-0.09379313 -0.01031400 0.99553828 -11.83870992
0.00000000 0.00000000 0.00000000 1.00000000
139	139	140
0.99511666 -0.03239360 0.09323885 12.06401741
0.03125002 0.99941771 0.01369939 -377.07477508
-0.09362833 -0.01071878 0.99554952 -11.75423990
0.00000000 0.00000000 0.00000000 1.00000000
140	140	141
0.99764790 -0.02075255 0.06532993 -10.71346511
0.01915632 0.99950475 0.02496578 -367.48415378
-0.06581568 -0.02365558 0.99755136 -10.58055981
0.00000000 0.00000000 0.00000000 1.00000000
141	141	142
0.99775150 -0.01930482 0.06418154 -9.07671281
0.01767755 0.99951014 0.02582610 -381.06090350
-0.06464867 -0.02463345 0.99760400 -10.65077853
0.00000000 0.00000000 0.00000000 1.00000000
142	142	143
0.99796404 -0.01827561 0.06110460 -4.06325660
0.01676034 0.99954143 0.02521937 -390.73325441
-0.06153748 -0.02414389 0.99781271 -10.95140161
0.00000000 0.00000000 0.00000000 1.00000000
143	143	144
0.99800997 -0.01935082 0.06001376 0.46879972
0.01791308 0.99954170 0.02440305 -398.57458968
-0.06045848 -0.02327945 0.99789921 -11.18416044
0.00000000 0.00000000 0.00000000 1.00000000
144	144	145
0.99794528 -0.02079278 0.06060421 4.98484176
0.01943786 0.99954966 0.02286143 -406.15531710
-0.06105227 -0.02163644 0.99790004 -11.38793748
0.00000000 0.00000000 0.00000000 1.00000000
145	145	146
0.99795863 -0.02178173 0.06003435 9.71260367
0.02069506 0.99961162 0.01866352 -414.06260665
-0.06041755 -0.01738300 0.99802182 -11.66395402
0.00000000 0.00000000 0.00000000 1.00000000
146	146	147
0.99804097 -0.02387930 0.05782731 14.47591249
0.02294178 0.99959526 0.01682247 -423.09443837
-0.05820562 -0.01546285 0.99818486 -11.85156238
0.00000000 0.00000000 0.00000000 1.00000000
147	147	148
0.99794773 -0.02843423 0.05737439 18.96930764
0.02760663 0.99950381 0.01516609 -433.54905533
-0.05777716 -0.01355105 0.99823753 -11.76697040
0.00000000 0.00000000 0.00000000 1.00000000
148	148	149
0.99794163 -0.03096347 0.05615849 22.77284683
0.03024476 0.99944995 0.01360318 -444.53559660
-0.05654880 -0.01187668 0.99832919 -11.73226375
0.00000000 0.00000000 0.00000000 1.00000000
149	149	150
0.99779418 -0.03370701 0.05718923 25.99328367
0.03306815 0.99938008 0.01208118 -453.96698925
-0.05756099 -0.01016339 0.99829026 -11.71205078
0.00000000 0.00000000 0.00000000 1.00000000
150	150	151
0.99768333 -0.03759294 0.05669875 29.12532890
0.03703430 0.99925485 0.01087188 -463.37226692
-0.05706521 -0.00874690 0.99833214 -11.68620036
0.00000000 0.00000000 0.00000000 1.00000000
151	151	152
0.99751246 -0.04203352 0.05658685 31.99146160
0.04153667 0.99908765 0.00992867 -472.50563054
-0.05695256 -0.00755354 0.99834831 -11.70879023
0.00000000 0.00000000 0.00000000 1.00000000
152	152	153
0.99738185 -0.04473805 0.05681499 35.21353283
0.04428142 0.99897607 0.00927144 -482.44386983
-0.05717160 -0.00673132 0.99834167 -11.69868005
0.00000000 0.00000000 0.00000000 1.00000000
153	153	154
0.99736217 -0.04547627 0.05657401 38.17720458
0.04500879 0.99894132 0.00951059 -491.86628633
-0.05694662 -0.00693917 0.99835311 -11.71957827
0.00000000 0.00000000 0.00000000 1.00000000
154	154	155
0.99721346 -0.04690694 0.05800908 41.39625543
0.04649014 0.99888246 0.00851479 -501.79030017
-0.05834365 -0.00579421 0.99827974 -11.75942519
0.00000000 0.00000000 0.00000000 1.00000000
155	155	156
0.99716856 -0.04831574 0.05762329 44.62424457
0.04805391 0.99882719 0.00592169 -511.48882461
-0.05784182 -0.00313590 0.99832084 -11.80866870
0.00000000 0.00000000 0.00000000 1.00000000
156	156	157
0.99717213 -0.04881096 0.05714217 47.90505912
0.04859087 0.99880504 0.00523561 -520.98766975
-0.05732944 -0.00244422 0.99835232 -11.86902162
0.00000000 0.00000000 0.00000000 1.00000000
157	157	158
0.99719170 -0.04979262 0.05594116 51.29631582
0.04971077 0.99875958 0.00285456 -530.22441362
-0.05601391 -0.00006566 0.99842999 -11.87078230
0.00000000 0.00000000 0.00000000 1.00000000
158	158	159
0.99716100 -0.04951574 0.05672852 54.83079097
0.04938372 0.99877292 0.00372756 -540.26108087
-0.05684348 -0.00091552 0.99838268 -11.97853298
0.00000000 0.00000000 0.00000000 1.00000000
159	159	160
0.99728382 -0.04919428 0.05481700 58.19998195
0.04904656 0.99878833 0.00403761 -549.65505643
-0.05494921 -0.00133806 0.99848825 -12.04975888
0.00000000 0.00000000 0.00000000 1.00000000
160	160	161
0.99732347 -0.04843105 0.05477524 61.45518826
0.04831233 0.99882618 0.00349027 -559.20850896
-0.05487998 -0.00083461 0.99849261 -12.09835992
0.00000000 0.00000000 0.00000000 1.00000000
161	161	162
0.99753888 -0.04820104 0.05092003 64.36856247
0.04816729 0.99883749 0.00189059 -568.18566019
-0.05095196 0.00056675 0.99870094 -12.23811869
0.00000000 0.00000000 0.00000000 1.00000000
162	162	163
0.99732243 -0.04886416 0.05440833 67.48775000
0.04880244 0.99880541 0.00246326 -577.64235745
-0.05446370 0.00019860 0.99851573 -12.29975421
0.00000000 0.00000000 0.00000000 1.00000000
163	163	164
0.99738867 -0.04885459 0.05318900 70.63985144
0.04883906 0.99880539 0.00159237 -586.77004283
-0.05320326 0.00100949 0.99858319 -12.44054415
0.00000000 0.00000000 0.00000000 1.00000000
164	164	165
0.99730294 -0.04854571 0.05504689 73.95524416
0.04861811 0.99881744 0.00002395 -596.53723082
-0.05498296 0.00265239 0.99848377 -12.57364415
0.00000000 0.00000000 0.00000000 1.00000000
165	165	166
0.99735598 -0.04854068 0.05408193 77.39439393
0.04874025 0.99880866 -0.00237652 -606.44430942
-0.05390214 0.00500620 0.99853367 -12.77208700
0.00000000 0.00000000 0.00000000 1.00000000
166	166	167
0.99748766 -0.04650100 0.05344183 82.05189184
0.04692605 0.99887572 -0.00672576 -620.36412982
-0.05306899 0.00921667 0.99854831 -13.06384187
0.00000000 0.00000000 0.00000000 1.00000000
167	167	168
0.99741830 -0.04455656 0.05631555 84.79560113
0.04492955 0.99897570 -0.00537394 -630.58202849
-0.05601842 0.00789030 0.99839856 -13.09044569
0.00000000 0.00000000 0.00000000 1.00000000
168	168	169
0.99781101 -0.04166984 0.05134999 84.48309279
0.04203868 0.99909722 -0.00612335 -634.50260908
-0.05104847 0.00826863 0.99866195 -12.98925054
0.00000000 0.00000000 0.00000000 1.00000000
169	169	170
0.99782328 -0.03850993 0.05353212 83.26556671
0.03897227 0.99921124 -0.00761948 -638.02881390
-0.05319647 0.00968917 0.99853706 -12.86362917
0.00000000 0.00000000 0.00000000 1.00000000
170	170	171
0.99802911 -0.03675102 0.05086518 81.28464200
0.03698482 0.99930912 -0.00366260 -642.16203419
-0.05069544 0.00553662 0.99869881 -12.70728932
0.00000000 0.00000000 0.00000000 1.00000000
171	171	172
0.99825522 -0.03465154 0.04780992 78.07496720
0.03476571 0.99939428 -0.00155824 -646.91602500
-0.04772696 0.00321767 0.99885524 -12.54601487
0.00000000 0.00000000 0.00000000 1.00000000
172	172	173
0.99847015 -0.02819219 0.04756643 71.76232169
0.02834106 0.99959529 -0.00245797 -653.76965770
-0.04747789 0.00380230 0.99886505 -12.13567498
0.00000000 0.00000000 0.00000000 1.00000000
173	173	174
0.99852554 -0.02233251 0.04947738 52.88330362
0.02247954 0.99974438 -0.00241711 -660.23696765
-0.04941075 0.00352578 0.99877232 -11.16563794
0.00000000 0.00000000 0.00000000 1.00000000
174	174	175
0.99873485 -0.01739016 0.04718352 42.01234437
0.01740817 0.99984847 0.00002925 -661.32311198
-0.04717688 0.00079217 0.99888624 -10.85659450
0.00000000 0.00000000 0.00000000 1.00000000
175	175	176
0.99881851 -0.01484433 0.04627342 33.58634026
0.01500169 0.99988280 -0.00305510 -662.02997678
-0.04622264 0.00374567 0.99892414 -10.56324902
0.00000000 0.00000000 0.00000000 1.00000000
176	176	177
0.99886073 -0.01350872 0.04576844 24.48440986
0.01372251 0.99989634 -0.00436017 -662.55338273
-0.04570480 0.00498326 0.99894256 -10.28117855
0.00000000 0.00000000 0.00000000 1.00000000
177	177	178
0.99882403 -0.01273025 0.04678129 16.10443758
0.01303755 0.99989535 -0.00626951 -663.16149657
-0.04669658 0.00687205 0.99888548 -9.86246712
0.00000000 0.00000000 0.00000000 1.00000000
178	178	179
0.99887415 -0.01262344 0.04572845 9.45245597
0.01296757 0.99988973 -0.00723659 -664.02412316
-0.04563205 0.00782143 0.99892770 -9.48205002
0.00000000 0.00000000 0.00000000 1.00000000
179	179	180
0.99890378 -0.01280011 0.04502664 3.09917434
0.01318221 0.99987949 -0.00819951 -665.48101828
-0.04491626 0.00878407 0.99895214 -9.13548005
0.00000000 0.00000000 0.00000000 1.00000000
180	180	181
0.99891539 -0.01328535 0.04462666 -3.27064489
0.01370701 0.99986414 -0.00915584 -668.11105760
-0.04449896 0.00975761 0.99896178 -8.80685958
0.00000000 0.00000000 0.00000000 1.00000000
181	181	182
0.99890442 -0.01412361 0.04461474 -10.10204000
0.01454257 0.99985302 -0.00908010 -671.90750085
-0.04447994 0.00971897 0.99896300 -8.47800501
0.00000000 0.00000000 0.00000000 1.00000000
182	182	183
0.99890872 -0.01483462 0.04428658 -17.05097054
0.01526172 0.99984008 -0.00932153 -677.57443344
-0.04414121 0.00998725 0.99897538 -8.10127426
0.00000000 0.00000000 0.00000000 1.00000000
183	183	184
0.99884723 -0.01774173 0.04460326 -25.30406894
0.01820618 0.99978396 -0.01002850 -689.97222194
-0.04441570 0.01082900 0.99895444 -7.55486828
0.00000000 0.00000000 0.00000000 1.00000000
184	184	185
0.99876638 -0.01792531 0.04630765 -28.64625663
0.01849553 0.99975795 -0.01191481 -701.45287459
-0.04608287 0.01275659 0.99885617 -7.54073472
0.00000000 0.00000000 0.00000000 1.00000000
185	185	186
0.99855141 -0.01798260 0.05071191 -30.68869596
0.01861799 0.99975363 -0.01208481 -712.36379743
-0.05048210 0.01301145 0.99864021 -7.42255001
0.00000000 0.00000000 0.00000000 1.00000000
186	186	187
0.99840233 -0.01747975 0.05373307 -33.05404756
0.01816044 0.99976058 -0.01220577 -724.32693206
-0.05350685 0.01316208 0.99848073 -7.27065437
0.00000000 0.00000000 0.00000000 1.00000000
187	187	188
0.99832401 -0.01903084 0.05465352 -37.23664616
0.01953018 0.99977213 -0.00861700 -742.23073656
-0.05447708 0.00966995 0.99846820 -7.32783090
0.00000000 0.00000000 0.00000000 1.00000000
188	188	189
0.99825491 -0.01898561 0.05591666 -38.60964032
0.01939175 0.99978931 -0.00672967 -748.13792790
-0.05577712 0.00780225 0.99841276 -7.40529776
0.00000000 0.00000000 0.00000000 1.00000000
189	189	190
0.99818450 -0.01857922 0.05729331 -39.97674206
0.01902492 0.99979277 -0.00724345 -753.72195399
-0.05714686 0.00832030 0.99833111 -7.52101128
0.00000000 0.00000000 0.00000000 1.00000000
190	190	191
0.99810088 -0.01932637 0.05849030 -41.16618942
0.01980331 0.99977512 -0.00758552 -758.83184703
-0.05833055 0.00872942 0.99825916 -7.65173292
0.00000000 0.00000000 0.00000000 1.00000000
191	191	192
0.99799330 -0.02000236 0.06007721 -42.25625327
0.02045679 0.99976652 -0.00695853 -763.95234126
-0.05992400 0.00817355 0.99816948 -7.81889252
0.00000000 0.00000000 0.00000000 1.00000000
192	192	193
0.99782771 -0.02060143 0.06257349 -43.37842698
0.02103198 0.99975939 -0.00622982 -769.55453221
-0.06243009 0.00753233 0.99802092 -8.01644170
0.00000000 0.00000000 0.00000000 1.00000000
193	193	194
0.99773639 -0.01988548 0.06423916 -46.65774746
0.02024265 0.99978302 -0.00491387 -783.24948584
-0.06412750 0.00620312 0.99792243 -8.43111989
0.00000000 0.00000000 0.00000000 1.00000000
194	194	195
0.99751132 -0.02069493 0.06740100 -49.62854486
0.02101583 0.99977092 -0.00405540 -790.35081219
-0.06730164 0.00546179 0.99771772 -8.51906054
0.00000000 0.00000000 0.00000000 1.00000000
195	195	196
0.99728624 -0.02157872 0.07038831 -53.62851067
0.02192646 0.99975088 -0.00417124 -797.11028282
-0.07028076 0.00570329 0.99751095 -8.50625370
0.00000000 0.00000000 0.00000000 1.00000000
196	196	197
0.99729094 -0.02149534 0.07034716 -59.77253599
0.02164630 0.99976473 -0.00138418 -804.68722876
-0.07030085 0.00290318 0.99752161 -8.38419889
0.00000000 0.00000000 0.00000000 1.00000000
197	197	198
0.99721739 -0.02446382 0.07042018 -69.51206372
0.02450024 0.99969976 0.00034673 -812.12953368
-0.07040752 0.00137955 0.99751736 -8.04923224
0.00000000 0.00000000 0.00000000 1.00000000
198	198	199
0.99688268 -0.02782443 0.07382901 -82.29679172
0.02757962 0.99961022 0.00433363 -816.66192329
-0.07392081 -0.00228395 0.99726150 -7.48632485
0.00000000 0.00000000 0.00000000 1.00000000
199	199	200
0.99670294 -0.03157706 0.07474047 -94.04614106
0.03121038 0.99949441 0.00606935 -818.80755017
-0.07489433 -0.00371666 0.99718455 -6.89388235
0.00000000 0.00000000 0.00000000 1.00000000
200	200	201
0.99668039 -0.03440044 0.07378901 -104.65517199
0.03394196 0.99939597 0.00745873 -820.76478544
-0.07400102 -0.00492943 0.99724598 -6.28404407
0.00000000 0.00000000 0.00000000 1.00000000
201	201	202
0.99665400 -0.03697425 0.07289519 -118.82141436
0.03632477 0.99928782 0.01021592 -823.88701224
-0.07322100 -0.00753384 0.99728728 -5.47515958
0.00000000 0.00000000 0.00000000 1.00000000
202	202	203
0.99672220 -0.03797845 0.07143173 -126.67365021
0.03721133 0.99923489 0.01203988 -825.88810046
-0.07183433 -0.00934234 0.99737282 -4.97951172
0.00000000 0.00000000 0.00000000 1.00000000
203	203	204
0.99678784 -0.03837006 0.07029749 -132.48206688
0.03752026 0.99920642 0.01336981 -827.46931978
-0.07075471 -0.01068928 0.99743647 -4.74359563
0.00000000 0.00000000 0.00000000 1.00000000
204	204	205
0.99681880 -0.03851944 0.06977487 -138.24436765
0.03761426 0.99919085 0.01424096 -829.11665785
