1264	1739	1770
0.99995400 -0.00297500 -0.00912400 -1.23427800
0.00292500 0.99998000 -0.00557200 -0.59250600
0.00914000 0.00554500 0.99994300 -0.00197400
0.00000000 0.00000000 0.00000000 1.00000000
549	1214	1770
0.99999400 0.00251200 0.00252000 1.31202600
-0.00251500 0.99999600 0.00085500 -2.41856100
-0.00251800 -0.00086100 0.99999600 0.06169600
0.00000000 0.00000000 0.00000000 1.00000000
234	1529	1770
0.99996500 0.00831900 0.00067200 2.09516100
-0.00831600 0.99995300 -0.00507400 -3.89293300
-0.00071400 0.00506900 0.99998700 -0.21395600
0.00000000 0.00000000 0.00000000 1.00000000
294	1469	1770
0.99935300 0.03594800 0.00091300 -5.05893300
-0.03594200 0.99933300 -0.00651500 8.68745500
-0.00114700 0.00647800 0.99997800 -0.05777900
0.00000000 0.00000000 0.00000000 1.00000000
309	1454	1770
0.99994200 0.00789700 0.00732000 -4.38128500
-0.00786600 0.99996000 -0.00415300 1.43769700
-0.00735300 0.00409600 0.99996500 0.01547700
0.00000000 0.00000000 0.00000000 1.00000000
24	499	1770
0.99997800 0.00091100 0.00664000 4.59189300
-0.00092400 0.99999800 0.00198100 1.65005600
-0.00663900 -0.00198700 0.99997600 -0.03564300
0.00000000 0.00000000 0.00000000 1.00000000
1254	1729	1770
0.99994500 -0.00063400 -0.01043200 -1.17712500
0.00072900 0.99995800 0.00912100 0.26652200
0.01042600 -0.00912800 0.99990400 0.03663200
0.00000000 0.00000000 0.00000000 1.00000000
1269	1744	1770
0.99999500 0.00206600 0.00225600 0.21358600
-0.00206800 0.99999800 0.00082100 -1.39784100
-0.00225500 -0.00082600 0.99999700 -0.04404900
0.00000000 0.00000000 0.00000000 1.00000000
649	1114	1770
0.99432100 0.01501800 0.10535900 7.26718700
0.00087300 0.98880800 -0.14918900 4.45525400
-0.10642000 0.14843400 0.98318000 -0.39149100
0.00000000 0.00000000 0.00000000 1.00000000
69	829	1770
0.99999500 0.00019500 0.00313600 0.16960000
-0.00021300 0.99998400 0.00563700 2.45829900
-0.00313500 -0.00563800 0.99997900 0.02826400
0.00000000 0.00000000 0.00000000 1.00000000
19	494	1770
0.99997300 0.00291100 -0.00675800 -0.10925600
-0.00292700 0.99999300 -0.00239000 1.50072600
0.00675100 0.00241000 0.99997400 -0.54816300
0.00000000 0.00000000 0.00000000 1.00000000
169	1594	1770
0.99996600 0.00405800 0.00717000 -1.16650800
-0.00424000 0.99966500 0.02553800 0.44622200
-0.00706400 -0.02556800 0.99964800 0.04993700
0.00000000 0.00000000 0.00000000 1.00000000
379	1384	1770
0.99997400 0.00536300 0.00474800 1.94544900
-0.00541200 0.99993000 0.01055000 7.09738700
-0.00469100 -0.01057600 0.99993300 0.07550400
0.00000000 0.00000000 0.00000000 1.00000000
119	1644	1770
0.99997400 0.00658000 0.00282500 -2.34688900
-0.00656900 0.99997200 -0.00368400 7.72387300
-0.00284900 0.00366600 0.99998900 -0.02146200
0.00000000 0.00000000 0.00000000 1.00000000
94	1669	1770
0.99998200 0.00446200 -0.00401000 1.95289600
-0.00447100 0.99998700 -0.00226300 -8.57661500
0.00400000 0.00228100 0.99998900 -0.09796100
0.00000000 0.00000000 0.00000000 1.00000000
149	1614	1770
0.99995700 0.00857800 0.00344400 1.38587100
-0.00862100 0.99987900 0.01292700 -4.37436400
-0.00333300 -0.01295700 0.99991100 0.00504000
0.00000000 0.00000000 0.00000000 1.00000000
24	1739	1770
0.99999200 -0.00186600 0.00348100 9.13153700
0.00186000 0.99999700 0.00154600 3.29344300
-0.00348400 -0.00154000 0.99999300 -0.08946500
0.00000000 0.00000000 0.00000000 1.00000000
644	1119	1770
0.99964200 -0.02290900 0.01381100 1.53530900
0.02276200 0.99968400 0.01067200 -0.84597300
-0.01405200 -0.01035400 0.99984800 0.05192200
0.00000000 0.00000000 0.00000000 1.00000000
594	1169	1770
0.99978000 -0.00857400 0.01916500 1.54815300
0.00893900 0.99977800 -0.01908700 -0.04114200
-0.01899700 0.01925400 0.99963400 -0.03037600
0.00000000 0.00000000 0.00000000 1.00000000
944	1704	1770
0.99997400 0.00725400 0.00019600 -1.26007600
-0.00725400 0.99997200 -0.00204800 -2.41042900
-0.00021000 0.00204600 0.99999800 0.02450900
0.00000000 0.00000000 0.00000000 1.00000000
474	1289	1770
0.99998800 0.00495800 0.00048200 6.35362600
-0.00495500 0.99996600 -0.00659800 4.53627100
-0.00051400 0.00659500 0.99997800 -0.00520400
0.00000000 0.00000000 0.00000000 1.00000000
204	1559	1770
0.99976300 0.01462000 -0.01613000 -5.84674100
-0.01468300 0.99988500 -0.00378200 -1.47269500
0.01607300 0.00401700 0.99986300 -0.16482100
0.00000000 0.00000000 0.00000000 1.00000000
369	1394	1770
0.99987500 -0.00797600 0.01362700 2.02772000
0.00777900 0.99986600 0.01441300 1.14227900
-0.01374000 -0.01430600 0.99980300 -0.23694600
0.00000000 0.00000000 0.00000000 1.00000000
29	504	1770
0.99999200 -0.00333700 -0.00235700 3.59676000
0.00333800 0.99999400 0.00032600 1.21780700
0.00235600 -0.00033400 0.99999700 0.07834800
0.00000000 0.00000000 0.00000000 1.00000000
319	1444	1770
0.99993300 0.00847100 -0.00790100 -3.80556800
-0.00847500 0.99996400 -0.00043300 -0.05367000
0.00789700 0.00050000 0.99996900 -0.03382600
0.00000000 0.00000000 0.00000000 1.00000000
84	844	1770
0.99999600 0.00266000 -0.00099300 -0.00090100
-0.00265200 0.99996300 0.00815800 2.99827700
0.00101500 -0.00815500 0.99996600 0.00506300
0.00000000 0.00000000 0.00000000 1.00000000
949	1709	1770
0.99999300 0.00284800 0.00241500 -0.89755200
-0.00283500 0.99998300 -0.00509700 -4.81984500
-0.00243000 0.00509000 0.99998400 0.00539700
0.00000000 0.00000000 0.00000000 1.00000000
1604	1644	1770
-0.99947400 -0.00441700 0.03212500 4.51209500
0.00587600 -0.99894800 0.04548600 -15.46579500
0.03189100 0.04565100 0.99844800 0.43353300
0.00000000 0.00000000 0.00000000 1.00000000
19	24	1770
0.06078600 0.95890300 -0.27714800 -10.73587400
-0.37311500 0.27936200 0.88472700 -10.40021400
0.92579200 0.04962900 0.37476200 -0.37880700
0.00000000 0.00000000 0.00000000 1.00000000
624	1139	1770
0.99998700 -0.00478500 0.00163100 3.30399800
0.00479200 0.99997900 -0.00426400 -6.95441300
-0.00161100 0.00427100 0.99999000 -0.00072000
0.00000000 0.00000000 0.00000000 1.00000000
24	494	1770
0.97516000 0.21812200 -0.03853800 -9.97522400
-0.22048700 0.97251600 -0.07482400 -4.80804800
0.02115800 0.08146300 0.99645200 -1.31319600
0.00000000 0.00000000 0.00000000 1.00000000
119	1604	1770
-0.99994400 -0.00381800 0.00985800 2.87162300
0.00383800 -0.99999100 0.00205000 -9.67875700
0.00985000 0.00208800 0.99994900 -0.05150700
0.00000000 0.00000000 0.00000000 1.00000000
159	1644	1770
0.99580800 0.02418400 0.08821600 -2.46135200
-0.02481300 0.99967400 0.00603400 10.38912300
-0.08804100 -0.00819800 0.99608300 0.35968000
0.00000000 0.00000000 0.00000000 1.00000000
59	819	1770
0.99999000 -0.00074700 0.00439500 0.99248700
0.00071400 0.99997200 0.00742600 3.28841800
-0.00440000 -0.00742300 0.99996300 -0.03204800
0.00000000 0.00000000 0.00000000 1.00000000
19	499	1770
-0.36537100 0.92211400 -0.12731600 -4.75834100
-0.93084700 -0.36115100 0.05561900 -15.55782600
0.00530700 0.13883300 0.99030200 1.47508000
0.00000000 0.00000000 0.00000000 1.00000000
364	1399	1770
0.99998700 -0.00240500 -0.00449400 4.89713400
0.00239100 0.99999300 -0.00297400 1.67192400
0.00450100 0.00296300 0.99998500 0.04498100
0.00000000 0.00000000 0.00000000 1.00000000
24	1744	1770
0.91890700 0.36344800 0.15334800 -17.89967100
-0.34430600 0.92867900 -0.13787000 -4.44273300
-0.19252000 0.07389100 0.97850700 0.90683600
0.00000000 0.00000000 0.00000000 1.00000000
1109	1114	1770
0.96903500 0.00220600 -0.24691200 -27.30727000
-0.06051200 0.97159000 -0.22880500 0.48779200
0.23939200 0.23666100 0.94163800 -5.47758700
0.00000000 0.00000000 0.00000000 1.00000000
24	1264	1770
0.99982400 -0.00158200 0.01870800 10.32415700
0.00150500 0.99999000 0.00416500 3.90261900
-0.01871500 -0.00413600 0.99981600 -0.18112500
0.00000000 0.00000000 0.00000000 1.00000000
359	1404	1770
0.99995900 -0.00062300 -0.00900500 6.16226700
0.00056200 0.99997700 -0.00673400 2.25835100
0.00900900 0.00672900 0.99993700 0.33403800
0.00000000 0.00000000 0.00000000 1.00000000
564	1199	1770
0.99999900 0.00028700 0.00119100 -1.68407300
-0.00027800 0.99997000 -0.00769200 -2.62579500
-0.00119300 0.00769200 0.99997000 -0.01008200
0.00000000 0.00000000 0.00000000 1.00000000
279	1484	1770
0.99969900 0.01839600 0.01624100 10.67919000
-0.01869200 0.99965800 0.01829300 2.55165800
-0.01589900 -0.01859100 0.99970100 0.13448400
0.00000000 0.00000000 0.00000000 1.00000000
214	1404	1770
0.19105200 0.97353400 -0.12542200 -6.07205900
0.97498100 -0.20300300 -0.09056700 17.73021300
-0.11363100 -0.10498100 -0.98796100 -5.33818600
0.00000000 0.00000000 0.00000000 1.00000000
144	1619	1770
0.99995300 0.00782100 0.00570300 2.91282000
-0.00782300 0.99996900 0.00034400 -3.75238000
-0.00570000 -0.00038900 0.99998400 -0.18652500
0.00000000 0.00000000 0.00000000 1.00000000
799	964	1770
0.99997600 -0.00656400 -0.00207400 -3.06797200
0.00657800 0.99995400 0.00695700 6.12616200
0.00202800 -0.00697000 0.99997400 -0.00274200
0.00000000 0.00000000 0.00000000 1.00000000
284	1479	1770
0.99999200 -0.00208200 0.00345200 -1.61632200
0.00210200 0.99998000 -0.00596800 -4.39724800
-0.00344000 0.00597500 0.99997600 -0.27388600
0.00000000 0.00000000 0.00000000 1.00000000
1119	1124	1770
-0.27070500 -0.17920800 -0.94583500 7.88365000
-0.15648100 -0.96126100 0.22691700 -12.35909900
-0.94985900 0.20943300 0.23217500 -5.43113800
0.00000000 0.00000000 0.00000000 1.00000000
774	989	1770
0.99982600 0.00454400 -0.01810100 -2.46237400
-0.00416400 0.99977200 0.02093500 3.19083900
0.01819200 -0.02085600 0.99961700 -0.12480300
0.00000000 0.00000000 0.00000000 1.00000000
314	1449	1770
0.99999400 0.00040500 0.00345700 -4.04662200
-0.00041000 0.99999900 0.00149000 1.31399100
-0.00345700 -0.00149200 0.99999300 0.03357200
0.00000000 0.00000000 0.00000000 1.00000000
934	1694	1770
0.99999800 0.00203700 -0.00031300 -0.70980000
-0.00203200 0.99991900 0.01254700 -3.42408900
0.00033800 -0.01254600 0.99992100 -0.00663200
0.00000000 0.00000000 0.00000000 1.00000000
769	994	1770
0.99992600 -0.01053300 -0.00607600 -8.10427000
0.01058500 0.99990600 0.00869400 17.04070800
0.00598300 -0.00875800 0.99994400 -0.17917100
0.00000000 0.00000000 0.00000000 1.00000000
189	1574	1770
0.99995400 -0.00688400 -0.00660800 -1.71641400
0.00675300 0.99978600 -0.01956200 -7.35241100
0.00674100 0.01951600 0.99978700 -0.24338300
0.00000000 0.00000000 0.00000000 1.00000000
24	1269	1770
0.95449700 0.03727800 0.29588300 -5.32388300
-0.04013300 0.99918800 0.00357900 -3.19658000
-0.29550900 -0.01529000 0.95521800 3.73246500
0.00000000 0.00000000 0.00000000 1.00000000
504	1734	1770
0.99995200 0.00736200 0.00646300 4.96891300
-0.00737700 0.99997000 0.00220900 2.23298600
-0.00644700 -0.00225600 0.99997700 -0.01014600
0.00000000 0.00000000 0.00000000 1.00000000
1269	1739	1770
0.85002600 0.45068900 -0.27264500 20.69766200
-0.50321100 0.84778500 -0.16745200 9.83589900
0.15567500 0.27953600 0.94743100 -1.68831600
0.00000000 0.00000000 0.00000000 1.00000000
494	499	1770
0.99325100 -0.11585400 0.00548700 11.37764100
0.11595600 0.99087200 -0.06874600 9.90395800
0.00252800 0.06891800 0.99761900 -0.56840800
0.00000000 0.00000000 0.00000000 1.00000000
1264	1269	1770
0.78730100 -0.60998200 -0.08988500 -3.58009700
0.61566900 0.76987400 0.16806700 -12.10764500
-0.03331800 -0.18765900 0.98166900 3.92320300
0.00000000 0.00000000 0.00000000 1.00000000
124	1639	1770
0.99999900 0.00079400 -0.00146100 1.30593700
-0.00079700 0.99999800 -0.00201100 0.67580200
0.00146000 0.00201200 0.99999700 0.10548800
0.00000000 0.00000000 0.00000000 1.00000000
159	1604	1770
0.99998000 -0.00098200 -0.00628800 1.39528800
0.00094800 0.99998500 -0.00546000 -4.31417000
0.00629400 0.00545400 0.99996500 0.04374200
0.00000000 0.00000000 0.00000000 1.00000000
604	1159	1770
0.99999300 -0.00318800 -0.00203400 5.39474700
0.00319100 0.99999400 0.00140400 -11.69315300
0.00203000 -0.00141100 0.99999700 -0.07816300
0.00000000 0.00000000 0.00000000 1.00000000
79	839	1770
0.99998700 0.00490800 -0.00100500 -0.04907600
-0.00489300 0.99988100 0.01462000 5.86293300
0.00107700 -0.01461500 0.99989300 0.01318300
0.00000000 0.00000000 0.00000000 1.00000000
34	509	1770
0.99976300 0.01631800 -0.01442400 -0.57871100
-0.01611600 0.99977200 0.01398700 -0.34054500
0.01464800 -0.01375100 0.99979800 -0.04772300
0.00000000 0.00000000 0.00000000 1.00000000
1439	1559	1770
0.92305700 0.31394300 0.22227200 7.83102000
-0.27573600 0.94292300 -0.18672600 12.68796600
-0.26820600 0.11107100 0.95693700 -2.36253900
0.00000000 0.00000000 0.00000000 1.00000000
219	1544	1770
0.99954400 -0.02817100 -0.01086700 -10.16670400
0.02809700 0.99958200 -0.00687600 -4.20985100
0.01105600 0.00656700 0.99991700 0.03671400
0.00000000 0.00000000 0.00000000 1.00000000
639	1124	1770
0.99993100 -0.00950200 0.00683600 -7.44127400
0.00950700 0.99995500 -0.00072200 -1.53382100
-0.00682900 0.00078700 0.99997600 -0.02051400
0.00000000 0.00000000 0.00000000 1.00000000
654	1109	1770
0.99999200 -0.00381700 0.00068800 7.20875800
0.00381700 0.99999300 -0.00043200 2.59492100
-0.00068600 0.00043500 1.00000000 0.07483700
0.00000000 0.00000000 0.00000000 1.00000000
19	1739	1770
-0.30584500 0.94143000 0.14201700 -9.32271500
-0.92705500 -0.32845000 0.18080400 -16.94987700
0.21685900 -0.07635900 0.97321200 3.49660800
0.00000000 0.00000000 0.00000000 1.00000000
499	1739	1770
0.99998500 -0.00531900 -0.00113200 4.69657700
0.00531500 0.99998100 -0.00318100 1.75844400
0.00114800 0.00317500 0.99999400 -0.05433200
0.00000000 0.00000000 0.00000000 1.00000000
254	1509	1770
0.99979800 0.02006800 0.00149400 5.55508900
-0.02008500 0.99971600 0.01279000 0.92405300
-0.00123700 -0.01281800 0.99991700 0.02030200
0.00000000 0.00000000 0.00000000 1.00000000
1249	1724	1770
0.99999800 0.00176400 -0.00105400 -1.39774500
-0.00175300 0.99994900 0.00996400 6.09736200
0.00107200 -0.00996200 0.99995000 -0.21480700
0.00000000 0.00000000 0.00000000 1.00000000
249	1514	1770
0.99963100 0.02502000 0.01056800 2.47133900
-0.02498700 0.99968200 -0.00332200 -0.07762500
-0.01064800 0.00305700 0.99993900 0.02481000
0.00000000 0.00000000 0.00000000 1.00000000
659	1104	1770
0.99999600 0.00131600 -0.00250800 6.61423800
-0.00132300 0.99999600 -0.00247300 4.31344600
0.00250500 0.00247700 0.99999400 -0.04063500
0.00000000 0.00000000 0.00000000 1.00000000
474	1299	1770
0.98332100 0.09205000 -0.15686400 -6.90680500
-0.06067500 0.97908500 0.19419400 -5.10185000
0.17145800 -0.18143700 0.96834000 -1.20153700
0.00000000 0.00000000 0.00000000 1.00000000
1244	1719	1770
0.99998600 0.00522300 0.00037300 -2.97566800
-0.00522400 0.99998100 0.00330000 -0.02116600
-0.00035600 -0.00330200 0.99999400 -0.15396100
0.00000000 0.00000000 0.00000000 1.00000000
929	1689	1770
0.99998200 0.00535800 -0.00259800 -0.01788400
-0.00534700 0.99997700 0.00415700 -2.98734300
0.00262000 -0.00414300 0.99998800 -0.00304500
0.00000000 0.00000000 0.00000000 1.00000000
414	1349	1770
0.99997700 0.00683500 -0.00036400 -1.90980900
-0.00684300 0.99960300 -0.02733900 8.68458100
0.00017700 0.02734100 0.99962600 0.33497200
0.00000000 0.00000000 0.00000000 1.00000000
1739	1744	1770
0.97501500 0.10818500 0.19401400 -21.19165000
-0.12919400 0.98665600 0.09909300 -8.98854800
-0.18070500 -0.12168300 0.97598100 1.94106200
0.00000000 0.00000000 0.00000000 1.00000000
744	1024	1770
0.99979800 -0.01497000 0.01340900 39.23431700
0.01495200 0.99988700 0.00149200 15.83918000
-0.01343000 -0.00129200 0.99990900 -0.67510300
0.00000000 0.00000000 0.00000000 1.00000000
89	1674	1770
0.99998800 0.00493900 -0.00031300 -0.56698000
-0.00493900 0.99998800 -0.00040800 -10.83206600
0.00031100 0.00040900 1.00000000 0.33424400
0.00000000 0.00000000 0.00000000 1.00000000
1289	1299	1770
0.99999300 -0.00346800 0.00101000 -16.03066600
0.00345300 0.99989400 0.01411300 -12.23468000
-0.00105900 -0.01411000 0.99990000 -0.02155500
0.00000000 0.00000000 0.00000000 1.00000000
244	1519	1770
0.99974200 -0.02225400 0.00452500 3.27681800
0.02223300 0.99974200 0.00464300 -0.07785400
-0.00462700 -0.00454100 0.99997900 -0.01948200
0.00000000 0.00000000 0.00000000 1.00000000
119	159	1770
-0.99701900 0.01737200 0.07517400 -2.39974400
0.01035300 -0.93538800 0.35347200 6.75626700
0.07645800 0.35319700 0.93242000 -0.98932400
0.00000000 0.00000000 0.00000000 1.00000000
449	1314	1770
0.99995400 -0.00450300 0.00851800 -2.38081200
0.00464100 0.99985600 -0.01630600 3.15470500
-0.00844300 0.01634500 0.99983100 0.07457100
0.00000000 0.00000000 0.00000000 1.00000000
644	1124	1770
-0.89098000 -0.03712600 -0.45252200 13.90371200
0.02687000 -0.99921600 0.02907300 -10.18768300
-0.45324600 0.01374500 0.89127900 7.45910400
0.00000000 0.00000000 0.00000000 1.00000000
174	1589	1770
0.99991600 0.00399100 0.01231500 0.28477000
-0.00399400 0.99999200 0.00024400 -0.06825700
-0.01231400 -0.00029300 0.99992400 0.03613800
0.00000000 0.00000000 0.00000000 1.00000000
499	1744	1770
0.95321200 0.28125200 0.11083500 5.66263200
-0.30206900 0.90057800 0.31259200 -0.30895800
-0.01189800 -0.33144600 0.94339900 2.82125500
0.00000000 0.00000000 0.00000000 1.00000000
49	809	1770
0.99993400 -0.01138400 -0.00159800 0.55627500
0.01143800 0.99914600 0.03969800 6.61992100
0.00114400 -0.03971400 0.99921000 0.97984800
0.00000000 0.00000000 0.00000000 1.00000000
954	1714	1770
0.99998800 -0.00292300 0.00391100 -3.22243900
0.00292500 0.99999600 -0.00045400 0.36239500
-0.00390900 0.00046600 0.99999200 -0.33880500
0.00000000 0.00000000 0.00000000 1.00000000
199	1564	1770
0.99927300 0.02017300 -0.03233700 -3.32233800
-0.02052900 0.99973200 -0.01070300 -0.37164900
0.03211200 0.01135900 0.99942000 -0.04592200
0.00000000 0.00000000 0.00000000 1.00000000
779	984	1770
0.99993300 -0.01161400 -0.00029700 -6.50494800
0.01161400 0.99993100 0.00201600 6.15872000
0.00027400 -0.00201900 0.99999800 0.04391100
0.00000000 0.00000000 0.00000000 1.00000000
329	1434	1770
0.99999900 -0.00019600 -0.00162400 -4.79498900
0.00020100 0.99999500 0.00318700 -0.74057200
0.00162400 -0.00318800 0.99999400 -0.04268700
0.00000000 0.00000000 0.00000000 1.00000000
214	1409	1770
0.11056000 0.85048300 0.51425200 -7.09277000
-0.50965500 0.49272900 -0.70531600 -6.18319000
-0.85324600 -0.18411200 0.48792900 -19.44098000
0.00000000 0.00000000 0.00000000 1.00000000
919	1679	1770
0.99996900 0.00762600 -0.00177000 0.30344100
-0.00761700 0.99995900 0.00498900 0.57681000
0.00180800 -0.00497500 0.99998600 0.04973600
0.00000000 0.00000000 0.00000000 1.00000000
544	1219	1770
0.99996800 -0.00022000 0.00801800 5.09992200
0.00027200 0.99997900 -0.00646700 -5.20573100
-0.00801700 0.00646900 0.99994700 0.07620200
0.00000000 0.00000000 0.00000000 1.00000000
204	1439	1770
0.77225200 -0.57462600 0.27098400 -6.93038200
0.61911200 0.77638500 -0.11801300 -12.95910000
-0.14257400 0.25890500 0.95532200 -1.92518100
0.00000000 0.00000000 0.00000000 1.00000000
494	1744	1770
0.99995900 0.00392800 0.00814300 4.09974300
-0.00397600 0.99997500 0.00588600 3.92950400
-0.00812000 -0.00591800 0.99995000 -0.04036700
0.00000000 0.00000000 0.00000000 1.00000000
29	1264	1770
0.59790200 0.38729000 0.70179800 6.13427200
-0.62805100 0.77036600 0.10994400 1.58893600
-0.49806100 -0.50650100 0.70384100 -2.17449400
0.00000000 0.00000000 0.00000000 1.00000000
24	29	1770
0.99582200 0.07172300 0.05651600 3.38891000
-0.07017300 0.99711500 -0.02893800 0.81448600
-0.05842900 0.02485200 0.99798200 -0.17424700
0.00000000 0.00000000 0.00000000 1.00000000
19	504	1770
-0.73362400 -0.67577900 0.07155100 16.72304000
-0.67890200 0.72422400 -0.12079500 13.39322200
0.02981200 -0.13719500 -0.99009500 8.79408000
0.00000000 0.00000000 0.00000000 1.00000000
214	359	1770
-0.97781400 0.04325400 -0.20496000 -22.75780500
0.12686000 0.90089000 -0.41509500 -6.60198400
0.16669100 -0.43188700 -0.88639000 9.36326700
0.00000000 0.00000000 0.00000000 1.00000000
19	1264	1770
-0.10665100 0.97838300 0.17718200 -8.74658000
-0.29446100 -0.20128300 0.93422600 -5.76223900
0.94969400 0.04746300 0.30956300 6.96552800
0.00000000 0.00000000 0.00000000 1.00000000
1264	1744	1770
0.94762200 0.13498100 0.28947100 -17.85292800
-0.17195200 0.97936100 0.10622900 -6.67079800
-0.26915800 -0.15044000 0.95127400 6.73442400
0.00000000 0.00000000 0.00000000 1.00000000
444	1319	1770
0.99993800 -0.00714500 0.00852600 -3.61788700
0.00717100 0.99997000 -0.00300500 4.48299000
-0.00850500 0.00306600 0.99995900 -0.00142500
0.00000000 0.00000000 0.00000000 1.00000000
639	1114	1770
0.96763300 0.25178300 0.01709100 -36.52996300
-0.25092700 0.95270100 0.17145700 -5.96083900
0.02688700 -0.17019600 0.98504300 1.64014000
0.00000000 0.00000000 0.00000000 1.00000000
519	1719	1770
0.99997600 0.00685800 -0.00110300 -0.51303300
-0.00685800 0.99997600 -0.00050500 -3.54912900
0.00109900 0.00051300 0.99999900 -0.10065700
0.00000000 0.00000000 0.00000000 1.00000000
259	1504	1770
0.99986200 -0.01598600 -0.00457600 0.60258100
0.01592200 0.99977900 -0.01374100 0.18280800
0.00479500 0.01366600 0.99989500 -0.11291000
0.00000000 0.00000000 0.00000000 1.00000000
1614	1644	1770
0.99616500 -0.00017100 0.08749700 1.79876100
-0.00055500 0.99996600 0.00827000 -4.66379400
-0.08749600 -0.00828700 0.99613000 -0.02802100
0.00000000 0.00000000 0.00000000 1.00000000
19	1744	1770
0.99997600 0.00664500 0.00219800 3.98925800
-0.00665400 0.99996900 0.00412100 5.44264300
-0.00217000 -0.00413600 0.99998900 -0.53223000
0.00000000 0.00000000 0.00000000 1.00000000
274	1489	1770
0.99965200 0.02436300 -0.01009300 4.62473000
-0.02439100 0.99969900 -0.00265300 -1.38576500
0.01002500 0.00289800 0.99994600 0.23893800
0.00000000 0.00000000 0.00000000 1.00000000
29	1739	1770
0.53000200 -0.83182800 -0.16480300 -13.20423900
0.80543500 0.55459900 -0.20903300 -22.36410000
0.26527900 -0.02195000 0.96392200 -4.80841900
0.00000000 0.00000000 0.00000000 1.00000000
24	504	1770
-0.82275400 -0.54211800 0.17083300 0.60830300
0.37713400 -0.74552500 -0.54951100 24.16225200
0.42526000 -0.38768500 0.81783500 8.97391500
0.00000000 0.00000000 0.00000000 1.00000000
429	1334	1770
0.99999500 -0.00224600 0.00235400 -5.24650100
0.00225900 0.99998300 -0.00541500 4.58512500
-0.00234200 0.00542000 0.99998300 -0.05164000
0.00000000 0.00000000 0.00000000 1.00000000
1424	1544	1770
0.91449300 0.39659900 -0.08007700 0.77769500
-0.38102200 0.91073900 0.15930400 -4.71590200
0.13610900 -0.11517100 0.98397700 1.46238500
0.00000000 0.00000000 0.00000000 1.00000000
494	504	1770
0.56824000 -0.80041900 -0.19087600 2.25710300
-0.80938100 -0.58550200 0.04570600 7.07810500
-0.14834200 0.12851900 -0.98055000 6.32662100
0.00000000 0.00000000 0.00000000 1.00000000
269	1494	1770
0.99999700 0.00225800 0.00074500 4.15400400
-0.00226000 0.99999100 0.00346700 -2.99750900
-0.00073700 -0.00346900 0.99999400 -0.01054000
0.00000000 0.00000000 0.00000000 1.00000000
1104	1129	1770
0.99937200 -0.00611800 -0.03491500 3.22478900
0.00924200 0.99589800 0.09001400 5.00393200
0.03422100 -0.09028000 0.99532800 -0.42646700
0.00000000 0.00000000 0.00000000 1.00000000
29	1259	1770
0.99999800 -0.00188600 0.00002700 10.34886300
0.00188600 0.99998400 0.00535900 4.19555900
-0.00003700 -0.00535900 0.99998600 0.11125500
0.00000000 0.00000000 0.00000000 1.00000000
1259	1264	1770
0.99547900 -0.06866200 0.06563400 -13.01509700
0.06987300 0.99742200 -0.01633400 -5.52833000
-0.06434300 0.02084600 0.99771000 -0.62831200
0.00000000 0.00000000 0.00000000 1.00000000
179	1584	1770
0.99836600 -0.01348200 0.05553100 -9.54039000
0.01264600 0.99980200 0.01537000 -3.29648700
-0.05572700 -0.01464300 0.99833900 0.37781600
0.00000000 0.00000000 0.00000000 1.00000000
19	29	1770
0.98368600 -0.04172500 0.17498700 7.72076500
0.00915500 0.98308000 0.18294600 10.39469200
-0.17966000 -0.17836000 0.96742400 0.72637000
0.00000000 0.00000000 0.00000000 1.00000000
499	1264	1770
0.99993200 -0.00342300 0.01116800 5.90766200
0.00335200 0.99997400 0.00639200 2.36576900
-0.01118900 -0.00635500 0.99991700 -0.09682800
0.00000000 0.00000000 0.00000000 1.00000000
29	1734	1770
0.99996200 0.00413100 0.00768000 8.64465800
-0.00415700 0.99998600 0.00330900 3.50664900
-0.00766600 -0.00334100 0.99996500 0.04401200
0.00000000 0.00000000 0.00000000 1.00000000
494	1264	1770
0.78067400 -0.59329900 -0.19632600 10.37807600
0.59745000 0.80069800 -0.04400500 16.08559400
0.18330600 -0.08294200 0.97955100 3.01105200
0.00000000 0.00000000 0.00000000 1.00000000
219	1434	1770
0.95930900 0.00710800 0.28226800 -21.47472200
-0.27788600 0.20097100 0.93935600 -0.09650600
-0.05005000 -0.97957200 0.19476800 4.34017000
0.00000000 0.00000000 0.00000000 1.00000000
1404	1439	1770
0.87814800 0.07062800 -0.47314600 0.16182600
-0.04064600 0.99648100 0.07330800 0.70719200
0.47665800 -0.04514400 0.87792900 2.36293200
0.00000000 0.00000000 0.00000000 1.00000000
639	649	1770
-1.00000000 0.00000000 0.00000000 -20.08684300
0.00000000 -1.00000000 0.00000000 -37.69361100
0.00000000 0.00000000 1.00000000 1.08646700
0.00000000 0.00000000 0.00000000 1.00000000
549	779	1770
0.99810700 -0.00040900 0.06150300 -8.98522300
-0.00400000 0.99742900 0.07154900 12.56198800
-0.06137400 -0.07165900 0.99553900 0.28055500
0.00000000 0.00000000 0.00000000 1.00000000
519	1244	1770
0.99999600 -0.00129300 -0.00242800 2.49623900
0.00128600 0.99999500 -0.00281100 -3.57361300
0.00243200 0.00280800 0.99999300 0.04575000
0.00000000 0.00000000 0.00000000 1.00000000
654	1114	1770
0.71442100 -0.69722700 -0.05897600 -8.53500300
0.69965800 0.71290500 0.04737700 -5.38156900
0.00901200 -0.07511100 0.99713400 -0.25096200
0.00000000 0.00000000 0.00000000 1.00000000
499	1269	1770
0.88479100 -0.30362000 0.35349700 -2.80720100
0.30742200 0.95041900 0.04685200 -8.39087400
-0.35019600 0.06721900 0.93426100 2.63480300
0.00000000 0.00000000 0.00000000 1.00000000
1149	1159	1770
0.98773700 -0.09982400 -0.12004100 -9.64390700
0.09526400 0.99451600 -0.04315900 15.49829500
0.12369100 0.03119500 0.99183000 0.49275600
0.00000000 0.00000000 0.00000000 1.00000000
214	1439	1770
-0.86317200 -0.04036500 -0.50329400 -14.92378800
-0.17501400 0.95892100 0.22325100 13.57275300
0.47360800 0.28078700 -0.83477800 14.03701600
0.00000000 0.00000000 0.00000000 1.00000000
1604	1614	1770
0.99142600 -0.00348300 0.13062600 -4.96770400
0.04016800 0.95936900 -0.27928200 17.62226200
-0.12434600 0.28213400 0.95128200 -1.27522700
0.00000000 0.00000000 0.00000000 1.00000000
809	954	1770
0.99996700 -0.00692500 0.00415700 1.77295300
0.00706800 0.99934900 -0.03538300 -9.67894800
-0.00390900 0.03541100 0.99936500 -0.27619600
0.00000000 0.00000000 0.00000000 1.00000000
219	1424	1770
-0.97283500 0.18230700 -0.14267500 -4.72422000
-0.22466300 -0.89215600 0.39189900 10.23698800
-0.05584300 0.41330700 0.90887800 -1.69554900
0.00000000 0.00000000 0.00000000 1.00000000
509	1729	1770
1.00000000 -0.00088200 -0.00025300 1.43748500
0.00088300 0.99999000 0.00434700 -0.35842200
0.00024900 -0.00434700 0.99999100 0.03974800
0.00000000 0.00000000 0.00000000 1.00000000
599	1164	1770
0.99982500 -0.01722300 0.00734800 3.26536400
0.01725900 0.99983900 -0.00483700 -4.42034500
-0.00726300 0.00496300 0.99996100 -0.69556800
0.00000000 0.00000000 0.00000000 1.00000000
794	969	1770
0.99999900 -0.00171600 0.00020900 -4.36405100
0.00171600 0.99999800 -0.00101100 6.80211700
-0.00020700 0.00101100 0.99999900 -0.02119100
0.00000000 0.00000000 0.00000000 1.00000000
824	939	1770
0.99998800 -0.00483600 0.00020600 1.18497800
0.00483700 0.99996500 -0.00675300 -9.36692200
-0.00017400 0.00675400 0.99997700 -0.12699300
0.00000000 0.00000000 0.00000000 1.00000000
119	1614	1770
0.99558100 0.00757000 -0.09360500 -4.02286500
-0.00787100 0.99996500 -0.00284100 12.23335800
0.09358100 0.00356500 0.99560500 -0.29485700
0.00000000 0.00000000 0.00000000 1.00000000
809	1714	1770
0.99986100 -0.00120400 0.01665400 -1.48627400
0.00130600 0.99998000 -0.00611400 -9.69311400
-0.01664700 0.00613500 0.99984300 -0.32298200
0.00000000 0.00000000 0.00000000 1.00000000
1434	1544	1770
0.85116900 0.50720900 0.13509400 -4.63608400
-0.50794800 0.86081000 -0.03154700 -1.09443300
-0.13229100 -0.04176800 0.99033000 -0.31471400
0.00000000 0.00000000 0.00000000 1.00000000
734	1024	1770
-0.66967100 -0.13891800 -0.72954900 9.94881200
-0.71903000 0.36709900 0.59011400 -6.97348700
0.18583900 0.91975000 -0.34572200 22.39812600
0.00000000 0.00000000 0.00000000 1.00000000
634	1129	1770
0.99997500 0.00692300 -0.00134800 -7.69279200
-0.00691400 0.99995100 0.00714100 -5.29624100
0.00139700 -0.00713200 0.99997400 0.16948400
0.00000000 0.00000000 0.00000000 1.00000000
29	1269	1770
-0.41921900 -0.90122600 -0.10976200 15.55672300
0.77756500 -0.29400000 -0.55583800 2.00457600
0.46866600 -0.31836500 0.82401200 -0.17991300
0.00000000 0.00000000 0.00000000 1.00000000
659	1129	1770
0.99990500 -0.00952000 -0.00996500 9.53896300
0.01027600 0.99683300 0.07885200 9.27945000
0.00918300 -0.07894700 0.99683700 -0.16381100
0.00000000 0.00000000 0.00000000 1.00000000
924	1684	1770
0.99999500 0.00164500 0.00254500 0.41591000
-0.00165800 0.99998600 0.00511800 -2.70927800
-0.00253700 -0.00512200 0.99998400 0.08102400
0.00000000 0.00000000 0.00000000 1.00000000
29	494	1770
0.76190900 -0.18689000 0.62013400 -2.16403800
0.61904100 0.49171200 -0.61237800 -13.40030300
-0.19048000 0.85046500 0.49033300 -13.99164900
0.00000000 0.00000000 0.00000000 1.00000000
744	1019	1770
0.99997600 -0.00261800 0.00641400 -8.22854300
0.00261000 0.99999600 0.00127500 -3.41158800
-0.00641800 -0.00125900 0.99997900 0.17360300
0.00000000 0.00000000 0.00000000 1.00000000
1259	1739	1770
0.99911200 -0.03129500 -0.02819300 -8.58639600
0.03543800 0.98631500 0.16101800 -3.92694000
0.02276800 -0.16187500 0.98654900 0.47646500
0.00000000 0.00000000 0.00000000 1.00000000
664	1099	1770
0.99996600 -0.00016700 0.00824900 2.97267100
0.00012500 0.99998700 0.00506500 1.44498500
-0.00825000 -0.00506400 0.99995300 0.74368200
0.00000000 0.00000000 0.00000000 1.00000000
29	1744	1770
0.78593100 0.24210700 -0.56894300 -8.06542700
-0.34936600 0.93307300 -0.08555100 -0.96664800
0.51015300 0.26600700 0.81791500 -8.84199700
0.00000000 0.00000000 0.00000000 1.00000000
594	599	1770
0.99320400 0.07167700 0.09169400 10.84917200
-0.06074900 0.99128700 -0.11687700 8.30375500
-0.09927200 0.11051200 0.98890400 2.65065800
0.00000000 0.00000000 0.00000000 1.00000000
499	504	1770
0.95747300 -0.23755400 0.16374900 4.42684700
0.26781400 0.94288600 -0.19809600 -4.25858300
-0.10733900 0.23352600 0.96640800 -2.78389800
0.00000000 0.00000000 0.00000000 1.00000000
1619	1639	1770
0.99611200 -0.00067000 0.08809100 9.60136200
-0.00165400 0.99965300 0.02630600 -7.18638200
-0.08807800 -0.02635000 0.99576500 -0.19521400
0.00000000 0.00000000 0.00000000 1.00000000
539	1224	1770
0.99998500 -0.00008300 -0.00540200 5.14394600
0.00011300 0.99998400 0.00559000 -6.58670800
0.00540200 -0.00559100 0.99997000 0.05181600
0.00000000 0.00000000 0.00000000 1.00000000
784	1224	1770
0.99725300 -0.01047300 -0.07332800 -25.15724800
0.00596700 0.99809500 -0.06140400 24.84102900
0.07383200 0.06079800 0.99541600 -0.58557800
0.00000000 0.00000000 0.00000000 1.00000000
609	1154	1770
0.99998400 -0.00406700 -0.00403100 4.50406200
0.00407500 0.99999000 0.00186400 -9.67675900
0.00402300 -0.00188000 0.99999000 -0.07442200
0.00000000 0.00000000 0.00000000 1.00000000
604	609	1770
0.03596800 0.49519000 -0.86804000 -7.56912300
-0.93985200 -0.27848000 -0.19780800 1.14548200
-0.33968400 0.82294300 0.45538900 1.08661700
0.00000000 0.00000000 0.00000000 1.00000000
509	1254	1770
0.99997200 0.00363800 0.00655900 2.64570300
-0.00361200 0.99998600 -0.00392300 -0.67063300
-0.00657300 0.00389900 0.99997100 -0.02111700
0.00000000 0.00000000 0.00000000 1.00000000
619	1144	1770
0.99996700 -0.00463400 -0.00664200 3.67402500
0.00471100 0.99992000 0.01170300 -6.04657400
0.00658700 -0.01173400 0.99990900 0.25172400
0.00000000 0.00000000 0.00000000 1.00000000
149	1644	1770
0.99718800 0.00942400 0.07434200 3.18362600
-0.01011100 0.99991000 0.00887300 -9.14000700
-0.07425200 -0.00960000 0.99719300 -0.03046700
0.00000000 0.00000000 0.00000000 1.00000000
39	514	1770
0.99998100 0.00536400 0.00299900 1.03273900
-0.00537900 0.99997300 0.00495600 -6.05408900
-0.00297200 -0.00497200 0.99998300 0.07855500
0.00000000 0.00000000 0.00000000 1.00000000
119	149	1770
0.99494500 -0.00449700 -0.10032000 -5.46284400
0.00056300 0.99923100 -0.03920300 16.72002300
0.10041900 0.03894800 0.99418300 0.02082800
0.00000000 0.00000000 0.00000000 1.00000000
479	1284	1770
0.99998500 -0.00391700 0.00375400 6.17789700
0.00390300 0.99998600 0.00355400 4.72179400
-0.00376800 -0.00354000 0.99998700 0.01054800
0.00000000 0.00000000 0.00000000 1.00000000
354	1409	1770
0.99993300 0.01060200 0.00464300 0.55064800
-0.01060600 0.99994400 0.00071900 0.69386700
-0.00463500 -0.00076800 0.99998900 0.01564900
0.00000000 0.00000000 0.00000000 1.00000000
779	1214	1770
0.99903600 -0.01049700 -0.04262000 10.43554600
0.00733300 0.99725200 -0.07372600 -15.12183900
0.04327700 0.07334300 0.99636700 -0.61566100
0.00000000 0.00000000 0.00000000 1.00000000
29	499	1770
0.97763200 -0.21031200 0.00226100 -21.88091500
0.20585700 0.95461100 -0.21526800 -7.65830200
0.04311500 0.21091800 0.97655200 -2.15998000
0.00000000 0.00000000 0.00000000 1.00000000
214	1559	1770
0.95124100 -0.30837100 0.00694900 2.03906400
0.30042700 0.93137100 0.20565200 -0.40955300
-0.06988900 -0.19353700 0.97860100 0.32725600
0.00000000 0.00000000 0.00000000 1.00000000
139	1624	1770
0.99986200 0.00400900 0.01610400 -21.91204700
-0.00401400 0.99999200 0.00024500 15.66373200
-0.01610300 -0.00031000 0.99987000 -0.46522300
0.00000000 0.00000000 0.00000000 1.00000000
329	1429	1770
0.99970200 -0.00592300 -0.02370200 14.74177200
0.00551600 0.99983700 -0.01719700 1.24660400
0.02380000 0.01706100 0.99957100 0.29115300
0.00000000 0.00000000 0.00000000 1.00000000
24	1259	1770
0.38730900 -0.78128600 0.48947300 -2.13655200
0.92181800 0.33715400 -0.19125700 -3.35742800
-0.01560100 0.52528100 0.85078600 0.50996700
0.00000000 0.00000000 0.00000000 1.00000000
19	1269	1770
0.99996200 0.00623800 0.00614600 3.66879000
-0.00627500 0.99996200 0.00603200 6.86633000
-0.00610800 -0.00607000 0.99996300 -0.54612700
0.00000000 0.00000000 0.00000000 1.00000000
854	909	1770
0.99996900 -0.00472800 -0.00629700 -6.05331100
0.00484800 0.99980600 0.01910800 8.00734900
0.00620500 -0.01913700 0.99979800 -0.14396400
0.00000000 0.00000000 0.00000000 1.00000000
609	1159	1770
0.95984000 -0.00705800 0.28045900 -2.00163600
-0.04112700 0.98534300 0.16555000 6.27956800
-0.27751700 -0.17043600 0.94548200 -2.91668600
0.00000000 0.00000000 0.00000000 1.00000000
324	1439	1770
1.00000000 0.00036000 -0.00017400 -5.70074600
-0.00036000 1.00000000 -0.00089800 -1.31748800
0.00017400 0.00089800 1.00000000 0.02192000
0.00000000 0.00000000 0.00000000 1.00000000
634	644	1770
-1.00000000 0.00000000 0.00000000 -3.85481800
0.00000000 -1.00000000 0.00000000 14.39114200
0.00000000 0.00000000 1.00000000 -0.35655400
0.00000000 0.00000000 0.00000000 1.00000000
1259	1734	1770
0.99999100 0.00405600 0.00127500 -1.79191000
-0.00405500 0.99999200 -0.00068500 -0.66703900
-0.00127800 0.00068000 0.99999900 -0.05828000
0.00000000 0.00000000 0.00000000 1.00000000
534	1229	1770
0.99999500 0.00013800 -0.00328700 4.31460200
-0.00011500 0.99997600 0.00688300 -5.98571200
0.00328800 -0.00688300 0.99997100 0.06081000
0.00000000 0.00000000 0.00000000 1.00000000
1544	1554	1770
0.99948500 -0.02405000 -0.02122400 0.97883100
0.02346800 0.99935300 -0.02725300 0.91179100
0.02186600 0.02674100 0.99940300 -0.96317900
0.00000000 0.00000000 0.00000000 1.00000000
494	1269	1770
0.99996800 0.00270400 0.00751500 3.77314400
-0.00274100 0.99998400 0.00492500 5.35009100
-0.00750100 -0.00494500 0.99996000 0.05114700
0.00000000 0.00000000 0.00000000 1.00000000
34	1254	1770
0.99976200 0.01851000 -0.01154800 1.94248700
-0.01841700 0.99979800 0.00810800 -0.97240400
0.01169600 -0.00789400 0.99990000 -0.03789500
0.00000000 0.00000000 0.00000000 1.00000000
324	1559	1770
-0.19425500 -0.30401200 -0.93265300 -19.29606900
-0.49683500 -0.78930400 0.36076700 -1.38203600
-0.84582500 0.53345600 0.00228200 11.43135900
0.00000000 0.00000000 0.00000000 1.00000000
149	1604	1770
0.99897100 -0.04469500 -0.00774100 0.68028100
0.04524700 0.99390900 0.10048600 -2.77860800
0.00320300 -0.10073300 0.99490800 -1.02760300
0.00000000 0.00000000 0.00000000 1.00000000
1404	1559	1770
0.99884600 -0.01037200 0.04689500 25.24319700
0.00674900 0.99702600 0.07676600 9.92193400
-0.04755200 -0.07636100 0.99594600 0.67015200
0.00000000 0.00000000 0.00000000 1.00000000
359	1439	1770
0.49789900 -0.86413300 0.07329000 -0.98760000
0.86722900 0.49643000 -0.03835400 9.31151900
-0.00324000 0.08265600 0.99657300 -0.53410700
0.00000000 0.00000000 0.00000000 1.00000000
649	654	1770
0.95928600 0.27799400 0.04990400 25.72916400
-0.28003900 0.95915300 0.04003800 0.64085000
-0.03673500 -0.05238300 0.99795100 1.43339300
0.00000000 0.00000000 0.00000000 1.00000000
394	1369	1770
0.99999300 -0.00263100 0.00282600 -1.61344200
0.00262800 0.99999600 0.00105800 11.48765300
-0.00282800 -0.00105100 0.99999500 0.06317900
0.00000000 0.00000000 0.00000000 1.00000000
4	1759	1770
0.99998100 0.00427400 -0.00448400 -2.96163900
-0.00424000 0.99996200 0.00760100 6.02222300
0.00451700 -0.00758200 0.99996100 -0.08066300
0.00000000 0.00000000 0.00000000 1.00000000
1434	1554	1770
0.96785800 -0.19297500 -0.16128300 6.83890700
0.23695200 0.91462100 0.32760100 5.58303000
0.08429400 -0.35528700 0.93094900 -3.85123700
0.00000000 0.00000000 0.00000000 1.00000000
504	1259	1770
0.99999200 0.00113800 0.00374700 6.76727400
-0.00114900 0.99999600 0.00277100 2.92658500
-0.00374300 -0.00277500 0.99998900 0.03065700
0.00000000 0.00000000 0.00000000 1.00000000
289	1474	1770
0.99998300 0.00578600 0.00017500 -2.50115200
-0.00578600 0.99998300 0.00066900 -1.77782000
-0.00017100 -0.00067000 1.00000000 -0.01012500
0.00000000 0.00000000 0.00000000 1.00000000
44	519	1770
0.99998500 0.00448600 0.00326500 1.99624100
-0.00452000 0.99993400 0.01053900 -6.04725400
-0.00321800 -0.01055400 0.99993900 0.05170300
0.00000000 0.00000000 0.00000000 1.00000000
64	1699	1770
0.99999500 0.00311500 -0.00070300 0.91990600
-0.00311000 0.99996900 0.00718600 -9.42374700
0.00072500 -0.00718400 0.99997400 -0.01150300
0.00000000 0.00000000 0.00000000 1.00000000
504	1744	1770
-0.10786900 0.80065800 -0.58933000 4.65395600
0.77940700 0.43610200 0.44982300 -4.87952100
0.61716300 -0.41080600 -0.67108000 4.66737000
0.00000000 0.00000000 0.00000000 1.00000000
64	824	1770
1.00000000 0.00011000 -0.00092600 0.53553200
-0.00010500 0.99998800 0.00485400 2.33559300
0.00092600 -0.00485400 0.99998800 -0.00465800
0.00000000 0.00000000 0.00000000 1.00000000
1259	1269	1770
0.97140900 0.13330000 -0.19645600 -8.83586500
-0.09329900 0.97526100 0.20040500 -3.12247400
0.21831000 -0.17634600 0.95981400 -2.65542200
0.00000000 0.00000000 0.00000000 1.00000000
34	1729	1770
0.99963000 0.01617700 -0.02188900 0.80306800
-0.01582400 0.99974300 0.01622900 -0.75066400
0.02214600 -0.01587600 0.99962900 -0.01081000
0.00000000 0.00000000 0.00000000 1.00000000
184	1579	1770
0.99971000 0.01871700 0.01514300 -0.98298200
-0.01924700 0.99918100 0.03559800 -5.25805200
-0.01446400 -0.03587900 0.99925100 -0.02384500
0.00000000 0.00000000 0.00000000 1.00000000
724	1039	1770
0.99880300 -0.00811800 -0.04823700 -2.32175200
0.00814000 0.99996700 0.00026400 -4.40706500
0.04823300 -0.00065600 0.99883600 0.01601200
0.00000000 0.00000000 0.00000000 1.00000000
39	1249	1770
