1264	1739	1770
0.99995400 -0.00297500 -0.00912400 -1.23427800
0.00292500 0.99998000 -0.00557200 -0.59250600
0.00914000 0.00554500 0.99994300 -0.00197400
0.00000000 0.00000000 0.00000000 1.00000000
549	1214	1770
0.99999400 0.00251200 0.00252000 1.31202600
-0.00251500 0.99999600 0.00085500 -2.41856100
-0.00251800 -0.00086100 0.99999600 0.06169600
0.00000000 0.00000000 0.00000000 1.00000000
234	1529	1770
0.99996500 0.00831900 0.00067200 2.09516100
-0.00831600 0.99995300 -0.00507400 -3.89293300
-0.00071400 0.00506900 0.99998700 -0.21395600
0.00000000 0.00000000 0.00000000 1.00000000
294	1469	1770
0.99935300 0.03594800 0.00091300 -5.05893300
-0.03594200 0.99933300 -0.00651500 8.68745500
-0.00114700 0.00647800 0.99997800 -0.05777900
0.00000000 0.00000000 0.00000000 1.00000000
309	1454	1770
0.99994200 0.00789700 0.00732000 -4.38128500
-0.00786600 0.99996000 -0.00415300 1.43769700
-0.00735300 0.00409600 0.99996500 0.01547700
0.00000000 0.00000000 0.00000000 1.00000000
1254	1729	1770
0.99994500 -0.00063400 -0.01043200 -1.17712500
0.00072900 0.99995800 0.00912100 0.26652200
0.01042600 -0.00912800 0.99990400 0.03663200
0.00000000 0.00000000 0.00000000 1.00000000
1269	1744	1770
0.99999500 0.00206600 0.00225600 0.21358600
-0.00206800 0.99999800 0.00082100 -1.39784100
-0.00225500 -0.00082600 0.99999700 -0.04404900
0.00000000 0.00000000 0.00000000 1.00000000
649	1114	1770
0.99432100 0.01501800 0.10535900 7.26718700
0.00087300 0.98880800 -0.14918900 4.45525400
-0.10642000 0.14843400 0.98318000 -0.39149100
0.00000000 0.00000000 0.00000000 1.00000000
169	1594	1770
0.99996600 0.00405800 0.00717000 -1.16650800
-0.00424000 0.99966500 0.02553800 0.44622200
-0.00706400 -0.02556800 0.99964800 0.04993700
0.00000000 0.00000000 0.00000000 1.00000000
379	1384	1770
0.99997400 0.00536300 0.00474800 1.94544900
-0.00541200 0.99993000 0.01055000 7.09738700
-0.00469100 -0.01057600 0.99993300 0.07550400
0.00000000 0.00000000 0.00000000 1.00000000
119	1644	1770
0.99997400 0.00658000 0.00282500 -2.34688900
-0.00656900 0.99997200 -0.00368400 7.72387300
-0.00284900 0.00366600 0.99998900 -0.02146200
0.00000000 0.00000000 0.00000000 1.00000000
149	1614	1770
0.99995700 0.00857800 0.00344400 1.38587100
-0.00862100 0.99987900 0.01292700 -4.37436400
-0.00333300 -0.01295700 0.99991100 0.00504000
0.00000000 0.00000000 0.00000000 1.00000000
644	1119	1770
0.99964200 -0.02290900 0.01381100 1.53530900
0.02276200 0.99968400 0.01067200 -0.84597300
-0.01405200 -0.01035400 0.99984800 0.05192200
0.00000000 0.00000000 0.00000000 1.00000000
594	1169	1770
0.99978000 -0.00857400 0.01916500 1.54815300
0.00893900 0.99977800 -0.01908700 -0.04114200
-0.01899700 0.01925400 0.99963400 -0.03037600
0.00000000 0.00000000 0.00000000 1.00000000
944	1704	1770
0.99997400 0.00725400 0.00019600 -1.26007600
-0.00725400 0.99997200 -0.00204800 -2.41042900
-0.00021000 0.00204600 0.99999800 0.02450900
0.00000000 0.00000000 0.00000000 1.00000000
474	1289	1770
0.99998800 0.00495800 0.00048200 6.35362600
-0.00495500 0.99996600 -0.00659800 4.53627100
-0.00051400 0.00659500 0.99997800 -0.00520400
0.00000000 0.00000000 0.00000000 1.00000000
204	1559	1770
0.99976300 0.01462000 -0.01613000 -5.84674100
-0.01468300 0.99988500 -0.00378200 -1.47269500
0.01607300 0.00401700 0.99986300 -0.16482100
0.00000000 0.00000000 0.00000000 1.00000000
369	1394	1770
0.99987500 -0.00797600 0.01362700 2.02772000
0.00777900 0.99986600 0.01441300 1.14227900
-0.01374000 -0.01430600 0.99980300 -0.23694600
0.00000000 0.00000000 0.00000000 1.00000000
319	1444	1770
0.99993300 0.00847100 -0.00790100 -3.80556800
-0.00847500 0.99996400 -0.00043300 -0.05367000
0.00789700 0.00050000 0.99996900 -0.03382600
0.00000000 0.00000000 0.00000000 1.00000000
949	1709	1770
0.99999300 0.00284800 0.00241500 -0.89755200
-0.00283500 0.99998300 -0.00509700 -4.81984500
-0.00243000 0.00509000 0.99998400 0.00539700
0.00000000 0.00000000 0.00000000 1.00000000
624	1139	1770
0.99998700 -0.00478500 0.00163100 3.30399800
0.00479200 0.99997900 -0.00426400 -6.95441300
-0.00161100 0.00427100 0.99999000 -0.00072000
0.00000000 0.00000000 0.00000000 1.00000000
24	494	1770
0.97516000 0.21812200 -0.03853800 -9.97522400
-0.22048700 0.97251600 -0.07482400 -4.80804800
0.02115800 0.08146300 0.99645200 -1.31319600
0.00000000 0.00000000 0.00000000 1.00000000
364	1399	1770
0.99998700 -0.00240500 -0.00449400 4.89713400
0.00239100 0.99999300 -0.00297400 1.67192400
0.00450100 0.00296300 0.99998500 0.04498100
0.00000000 0.00000000 0.00000000 1.00000000
24	1744	1770
0.91890700 0.36344800 0.15334800 -17.89967100
-0.34430600 0.92867900 -0.13787000 -4.44273300
-0.19252000 0.07389100 0.97850700 0.90683600
0.00000000 0.00000000 0.00000000 1.00000000
1109	1114	1770
0.96903500 0.00220600 -0.24691200 -27.30727000
-0.06051200 0.97159000 -0.22880500 0.48779200
0.23939200 0.23666100 0.94163800 -5.47758700
0.00000000 0.00000000 0.00000000 1.00000000
359	1404	1770
0.99995900 -0.00062300 -0.00900500 6.16226700
0.00056200 0.99997700 -0.00673400 2.25835100
0.00900900 0.00672900 0.99993700 0.33403800
0.00000000 0.00000000 0.00000000 1.00000000
564	1199	1770
0.99999900 0.00028700 0.00119100 -1.68407300
-0.00027800 0.99997000 -0.00769200 -2.62579500
-0.00119300 0.00769200 0.99997000 -0.01008200
0.00000000 0.00000000 0.00000000 1.00000000
279	1484	1770
0.99969900 0.01839600 0.01624100 10.67919000
-0.01869200 0.99965800 0.01829300 2.55165800
-0.01589900 -0.01859100 0.99970100 0.13448400
0.00000000 0.00000000 0.00000000 1.00000000
144	1619	1770
0.99995300 0.00782100 0.00570300 2.91282000
-0.00782300 0.99996900 0.00034400 -3.75238000
-0.00570000 -0.00038900 0.99998400 -0.18652500
0.00000000 0.00000000 0.00000000 1.00000000
799	964	1770
0.99997600 -0.00656400 -0.00207400 -3.06797200
0.00657800 0.99995400 0.00695700 6.12616200
0.00202800 -0.00697000 0.99997400 -0.00274200
0.00000000 0.00000000 0.00000000 1.00000000
284	1479	1770
0.99999200 -0.00208200 0.00345200 -1.61632200
0.00210200 0.99998000 -0.00596800 -4.39724800
-0.00344000 0.00597500 0.99997600 -0.27388600
0.00000000 0.00000000 0.00000000 1.00000000
774	989	1770
0.99982600 0.00454400 -0.01810100 -2.46237400
-0.00416400 0.99977200 0.02093500 3.19083900
0.01819200 -0.02085600 0.99961700 -0.12480300
0.00000000 0.00000000 0.00000000 1.00000000
314	1449	1770
0.99999400 0.00040500 0.00345700 -4.04662200
-0.00041000 0.99999900 0.00149000 1.31399100
-0.00345700 -0.00149200 0.99999300 0.03357200
0.00000000 0.00000000 0.00000000 1.00000000
934	1694	1770
0.99999800 0.00203700 -0.00031300 -0.70980000
-0.00203200 0.99991900 0.01254700 -3.42408900
0.00033800 -0.01254600 0.99992100 -0.00663200
0.00000000 0.00000000 0.00000000 1.00000000
769	994	1770
0.99992600 -0.01053300 -0.00607600 -8.10427000
0.01058500 0.99990600 0.00869400 17.04070800
0.00598300 -0.00875800 0.99994400 -0.17917100
0.00000000 0.00000000 0.00000000 1.00000000
189	1574	1770
0.99995400 -0.00688400 -0.00660800 -1.71641400
0.00675300 0.99978600 -0.01956200 -7.35241100
0.00674100 0.01951600 0.99978700 -0.24338300
0.00000000 0.00000000 0.00000000 1.00000000
24	1269	1770
0.95449700 0.03727800 0.29588300 -5.32388300
-0.04013300 0.99918800 0.00357900 -3.19658000
-0.29550900 -0.01529000 0.95521800 3.73246500
0.00000000 0.00000000 0.00000000 1.00000000
504	1734	1770
0.99995200 0.00736200 0.00646300 4.96891300
-0.00737700 0.99997000 0.00220900 2.23298600
-0.00644700 -0.00225600 0.99997700 -0.01014600
0.00000000 0.00000000 0.00000000 1.00000000
124	1639	1770
0.99999900 0.00079400 -0.00146100 1.30593700
-0.00079700 0.99999800 -0.00201100 0.67580200
0.00146000 0.00201200 0.99999700 0.10548800
0.00000000 0.00000000 0.00000000 1.00000000
159	1604	1770
0.99998000 -0.00098200 -0.00628800 1.39528800
0.00094800 0.99998500 -0.00546000 -4.31417000
0.00629400 0.00545400 0.99996500 0.04374200
0.00000000 0.00000000 0.00000000 1.00000000
604	1159	1770
0.99999300 -0.00318800 -0.00203400 5.39474700
0.00319100 0.99999400 0.00140400 -11.69315300
0.00203000 -0.00141100 0.99999700 -0.07816300
0.00000000 0.00000000 0.00000000 1.00000000
219	1544	1770
0.99954400 -0.02817100 -0.01086700 -10.16670400
0.02809700 0.99958200 -0.00687600 -4.20985100
0.01105600 0.00656700 0.99991700 0.03671400
0.00000000 0.00000000 0.00000000 1.00000000
639	1124	1770
0.99993100 -0.00950200 0.00683600 -7.44127400
0.00950700 0.99995500 -0.00072200 -1.53382100
-0.00682900 0.00078700 0.99997600 -0.02051400
0.00000000 0.00000000 0.00000000 1.00000000
654	1109	1770
0.99999200 -0.00381700 0.00068800 7.20875800
0.00381700 0.99999300 -0.00043200 2.59492100
-0.00068600 0.00043500 1.00000000 0.07483700
0.00000000 0.00000000 0.00000000 1.00000000
499	1739	1770
0.99998500 -0.00531900 -0.00113200 4.69657700
0.00531500 0.99998100 -0.00318100 1.75844400
0.00114800 0.00317500 0.99999400 -0.05433200
0.00000000 0.00000000 0.00000000 1.00000000
254	1509	1770
0.99979800 0.02006800 0.00149400 5.55508900
-0.02008500 0.99971600 0.01279000 0.92405300
-0.00123700 -0.01281800 0.99991700 0.02030200
0.00000000 0.00000000 0.00000000 1.00000000
1249	1724	1770
0.99999800 0.00176400 -0.00105400 -1.39774500
-0.00175300 0.99994900 0.00996400 6.09736200
0.00107200 -0.00996200 0.99995000 -0.21480700
0.00000000 0.00000000 0.00000000 1.00000000
249	1514	1770
0.99963100 0.02502000 0.01056800 2.47133900
-0.02498700 0.99968200 -0.00332200 -0.07762500
-0.01064800 0.00305700 0.99993900 0.02481000
0.00000000 0.00000000 0.00000000 1.00000000
659	1104	1770
0.99999600 0.00131600 -0.00250800 6.61423800
-0.00132300 0.99999600 -0.00247300 4.31344600
0.00250500 0.00247700 0.99999400 -0.04063500
0.00000000 0.00000000 0.00000000 1.00000000
1244	1719	1770
0.99998600 0.00522300 0.00037300 -2.97566800
-0.00522400 0.99998100 0.00330000 -0.02116600
-0.00035600 -0.00330200 0.99999400 -0.15396100
0.00000000 0.00000000 0.00000000 1.00000000
929	1689	1770
0.99998200 0.00535800 -0.00259800 -0.01788400
-0.00534700 0.99997700 0.00415700 -2.98734300
0.00262000 -0.00414300 0.99998800 -0.00304500
0.00000000 0.00000000 0.00000000 1.00000000
414	1349	1770
0.99997700 0.00683500 -0.00036400 -1.90980900
-0.00684300 0.99960300 -0.02733900 8.68458100
0.00017700 0.02734100 0.99962600 0.33497200
0.00000000 0.00000000 0.00000000 1.00000000
744	1024	1770
0.99979800 -0.01497000 0.01340900 39.23431700
0.01495200 0.99988700 0.00149200 15.83918000
-0.01343000 -0.00129200 0.99990900 -0.67510300
0.00000000 0.00000000 0.00000000 1.00000000
244	1519	1770
0.99974200 -0.02225400 0.00452500 3.27681800
0.02223300 0.99974200 0.00464300 -0.07785400
-0.00462700 -0.00454100 0.99997900 -0.01948200
0.00000000 0.00000000 0.00000000 1.00000000
449	1314	1770
0.99995400 -0.00450300 0.00851800 -2.38081200
0.00464100 0.99985600 -0.01630600 3.15470500
-0.00844300 0.01634500 0.99983100 0.07457100
0.00000000 0.00000000 0.00000000 1.00000000
174	1589	1770
0.99991600 0.00399100 0.01231500 0.28477000
-0.00399400 0.99999200 0.00024400 -0.06825700
-0.01231400 -0.00029300 0.99992400 0.03613800
0.00000000 0.00000000 0.00000000 1.00000000
954	1714	1770
0.99998800 -0.00292300 0.00391100 -3.22243900
0.00292500 0.99999600 -0.00045400 0.36239500
-0.00390900 0.00046600 0.99999200 -0.33880500
0.00000000 0.00000000 0.00000000 1.00000000
199	1564	1770
0.99927300 0.02017300 -0.03233700 -3.32233800
-0.02052900 0.99973200 -0.01070300 -0.37164900
0.03211200 0.01135900 0.99942000 -0.04592200
0.00000000 0.00000000 0.00000000 1.00000000
779	984	1770
0.99993300 -0.01161400 -0.00029700 -6.50494800
0.01161400 0.99993100 0.00201600 6.15872000
0.00027400 -0.00201900 0.99999800 0.04391100
0.00000000 0.00000000 0.00000000 1.00000000
329	1434	1770
0.99999900 -0.00019600 -0.00162400 -4.79498900
0.00020100 0.99999500 0.00318700 -0.74057200
0.00162400 -0.00318800 0.99999400 -0.04268700
0.00000000 0.00000000 0.00000000 1.00000000
919	1679	1770
0.99996900 0.00762600 -0.00177000 0.30344100
-0.00761700 0.99995900 0.00498900 0.57681000
0.00180800 -0.00497500 0.99998600 0.04973600
0.00000000 0.00000000 0.00000000 1.00000000
544	1219	1770
0.99996800 -0.00022000 0.00801800 5.09992200
0.00027200 0.99997900 -0.00646700 -5.20573100
-0.00801700 0.00646900 0.99994700 0.07620200
0.00000000 0.00000000 0.00000000 1.00000000
494	1744	1770
0.99995900 0.00392800 0.00814300 4.09974300
-0.00397600 0.99997500 0.00588600 3.92950400
-0.00812000 -0.00591800 0.99995000 -0.04036700
0.00000000 0.00000000 0.00000000 1.00000000
29	1264	1770
0.59790200 0.38729000 0.70179800 6.13427200
-0.62805100 0.77036600 0.10994400 1.58893600
-0.49806100 -0.50650100 0.70384100 -2.17449400
0.00000000 0.00000000 0.00000000 1.00000000
444	1319	1770
0.99993800 -0.00714500 0.00852600 -3.61788700
0.00717100 0.99997000 -0.00300500 4.48299000
-0.00850500 0.00306600 0.99995900 -0.00142500
0.00000000 0.00000000 0.00000000 1.00000000
519	1719	1770
0.99997600 0.00685800 -0.00110300 -0.51303300
-0.00685800 0.99997600 -0.00050500 -3.54912900
0.00109900 0.00051300 0.99999900 -0.10065700
0.00000000 0.00000000 0.00000000 1.00000000
259	1504	1770
0.99986200 -0.01598600 -0.00457600 0.60258100
0.01592200 0.99977900 -0.01374100 0.18280800
0.00479500 0.01366600 0.99989500 -0.11291000
0.00000000 0.00000000 0.00000000 1.00000000
1614	1644	1770
0.99616500 -0.00017100 0.08749700 1.79876100
-0.00055500 0.99996600 0.00827000 -4.66379400
-0.08749600 -0.00828700 0.99613000 -0.02802100
0.00000000 0.00000000 0.00000000 1.00000000
274	1489	1770
0.99965200 0.02436300 -0.01009300 4.62473000
-0.02439100 0.99969900 -0.00265300 -1.38576500
0.01002500 0.00289800 0.99994600 0.23893800
0.00000000 0.00000000 0.00000000 1.00000000
429	1334	1770
0.99999500 -0.00224600 0.00235400 -5.24650100
0.00225900 0.99998300 -0.00541500 4.58512500
-0.00234200 0.00542000 0.99998300 -0.05164000
0.00000000 0.00000000 0.00000000 1.00000000
269	1494	1770
0.99999700 0.00225800 0.00074500 4.15400400
-0.00226000 0.99999100 0.00346700 -2.99750900
-0.00073700 -0.00346900 0.99999400 -0.01054000
0.00000000 0.00000000 0.00000000 1.00000000
1104	1129	1770
0.99937200 -0.00611800 -0.03491500 3.22478900
0.00924200 0.99589800 0.09001400 5.00393200
0.03422100 -0.09028000 0.99532800 -0.42646700
0.00000000 0.00000000 0.00000000 1.00000000
179	1584	1770
0.99836600 -0.01348200 0.05553100 -9.54039000
0.01264600 0.99980200 0.01537000 -3.29648700
-0.05572700 -0.01464300 0.99833900 0.37781600
0.00000000 0.00000000 0.00000000 1.00000000
499	1264	1770
0.99993200 -0.00342300 0.01116800 5.90766200
0.00335200 0.99997400 0.00639200 2.36576900
-0.01118900 -0.00635500 0.99991700 -0.09682800
0.00000000 0.00000000 0.00000000 1.00000000
549	779	1770
0.99810700 -0.00040900 0.06150300 -8.98522300
-0.00400000 0.99742900 0.07154900 12.56198800
-0.06137400 -0.07165900 0.99553900 0.28055500
0.00000000 0.00000000 0.00000000 1.00000000
519	1244	1770
0.99999600 -0.00129300 -0.00242800 2.49623900
0.00128600 0.99999500 -0.00281100 -3.57361300
0.00243200 0.00280800 0.99999300 0.04575000
0.00000000 0.00000000 0.00000000 1.00000000
614	1149	1770
0.99993400 -0.00972700 -0.00612600 2.19354800
0.00977100 0.99992600 0.00718800 -5.44036100
0.00605600 -0.00724700 0.99995500 0.11892200
0.00000000 0.00000000 0.00000000 1.00000000
809	954	1770
0.99996700 -0.00692500 0.00415700 1.77295300
0.00706800 0.99934900 -0.03538300 -9.67894800
-0.00390900 0.03541100 0.99936500 -0.27619600
0.00000000 0.00000000 0.00000000 1.00000000
509	1729	1770
1.00000000 -0.00088200 -0.00025300 1.43748500
0.00088300 0.99999000 0.00434700 -0.35842200
0.00024900 -0.00434700 0.99999100 0.03974800
0.00000000 0.00000000 0.00000000 1.00000000
599	1164	1770
0.99982500 -0.01722300 0.00734800 3.26536400
0.01725900 0.99983900 -0.00483700 -4.42034500
-0.00726300 0.00496300 0.99996100 -0.69556800
0.00000000 0.00000000 0.00000000 1.00000000
794	969	1770
0.99999900 -0.00171600 0.00020900 -4.36405100
0.00171600 0.99999800 -0.00101100 6.80211700
-0.00020700 0.00101100 0.99999900 -0.02119100
0.00000000 0.00000000 0.00000000 1.00000000
824	939	1770
0.99998800 -0.00483600 0.00020600 1.18497800
0.00483700 0.99996500 -0.00675300 -9.36692200
-0.00017400 0.00675400 0.99997700 -0.12699300
0.00000000 0.00000000 0.00000000 1.00000000
119	1614	1770
0.99558100 0.00757000 -0.09360500 -4.02286500
-0.00787100 0.99996500 -0.00284100 12.23335800
0.09358100 0.00356500 0.99560500 -0.29485700
0.00000000 0.00000000 0.00000000 1.00000000
809	1714	1770
0.99986100 -0.00120400 0.01665400 -1.48627400
0.00130600 0.99998000 -0.00611400 -9.69311400
-0.01664700 0.00613500 0.99984300 -0.32298200
0.00000000 0.00000000 0.00000000 1.00000000
634	1129	1770
0.99997500 0.00692300 -0.00134800 -7.69279200
-0.00691400 0.99995100 0.00714100 -5.29624100
0.00139700 -0.00713200 0.99997400 0.16948400
0.00000000 0.00000000 0.00000000 1.00000000
659	1129	1770
0.99990500 -0.00952000 -0.00996500 9.53896300
0.01027600 0.99683300 0.07885200 9.27945000
0.00918300 -0.07894700 0.99683700 -0.16381100
0.00000000 0.00000000 0.00000000 1.00000000
924	1684	1770
0.99999500 0.00164500 0.00254500 0.41591000
-0.00165800 0.99998600 0.00511800 -2.70927800
-0.00253700 -0.00512200 0.99998400 0.08102400
0.00000000 0.00000000 0.00000000 1.00000000
744	1019	1770
0.99997600 -0.00261800 0.00641400 -8.22854300
0.00261000 0.99999600 0.00127500 -3.41158800
-0.00641800 -0.00125900 0.99997900 0.17360300
0.00000000 0.00000000 0.00000000 1.00000000
664	1099	1770
0.99996600 -0.00016700 0.00824900 2.97267100
0.00012500 0.99998700 0.00506500 1.44498500
-0.00825000 -0.00506400 0.99995300 0.74368200
0.00000000 0.00000000 0.00000000 1.00000000
1619	1639	1770
0.99611200 -0.00067000 0.08809100 9.60136200
-0.00165400 0.99965300 0.02630600 -7.18638200
-0.08807800 -0.02635000 0.99576500 -0.19521400
0.00000000 0.00000000 0.00000000 1.00000000
539	1224	1770
0.99998500 -0.00008300 -0.00540200 5.14394600
0.00011300 0.99998400 0.00559000 -6.58670800
0.00540200 -0.00559100 0.99997000 0.05181600
0.00000000 0.00000000 0.00000000 1.00000000
784	1224	1770
0.99725300 -0.01047300 -0.07332800 -25.15724800
0.00596700 0.99809500 -0.06140400 24.84102900
0.07383200 0.06079800 0.99541600 -0.58557800
0.00000000 0.00000000 0.00000000 1.00000000
609	1154	1770
0.99998400 -0.00406700 -0.00403100 4.50406200
0.00407500 0.99999000 0.00186400 -9.67675900
0.00402300 -0.00188000 0.99999000 -0.07442200
0.00000000 0.00000000 0.00000000 1.00000000
509	1254	1770
0.99997200 0.00363800 0.00655900 2.64570300
-0.00361200 0.99998600 -0.00392300 -0.67063300
-0.00657300 0.00389900 0.99997100 -0.02111700
0.00000000 0.00000000 0.00000000 1.00000000
619	1144	1770
0.99996700 -0.00463400 -0.00664200 3.67402500
0.00471100 0.99992000 0.01170300 -6.04657400
0.00658700 -0.01173400 0.99990900 0.25172400
0.00000000 0.00000000 0.00000000 1.00000000
149	1644	1770
0.99718800 0.00942400 0.07434200 3.18362600
-0.01011100 0.99991000 0.00887300 -9.14000700
-0.07425200 -0.00960000 0.99719300 -0.03046700
0.00000000 0.00000000 0.00000000 1.00000000
119	149	1770
0.99494500 -0.00449700 -0.10032000 -5.46284400
0.00056300 0.99923100 -0.03920300 16.72002300
0.10041900 0.03894800 0.99418300 0.02082800
0.00000000 0.00000000 0.00000000 1.00000000
479	1284	1770
0.99998500 -0.00391700 0.00375400 6.17789700
0.00390300 0.99998600 0.00355400 4.72179400
-0.00376800 -0.00354000 0.99998700 0.01054800
0.00000000 0.00000000 0.00000000 1.00000000
354	1409	1770
0.99993300 0.01060200 0.00464300 0.55064800
-0.01060600 0.99994400 0.00071900 0.69386700
-0.00463500 -0.00076800 0.99998900 0.01564900
0.00000000 0.00000000 0.00000000 1.00000000
779	1214	1770
0.99903600 -0.01049700 -0.04262000 10.43554600
0.00733300 0.99725200 -0.07372600 -15.12183900
0.04327700 0.07334300 0.99636700 -0.61566100
0.00000000 0.00000000 0.00000000 1.00000000
139	1624	1770
0.99986200 0.00400900 0.01610400 -21.91204700
-0.00401400 0.99999200 0.00024500 15.66373200
-0.01610300 -0.00031000 0.99987000 -0.46522300
0.00000000 0.00000000 0.00000000 1.00000000
854	909	1770
0.99996900 -0.00472800 -0.00629700 -6.05331100
0.00484800 0.99980600 0.01910800 8.00734900
0.00620500 -0.01913700 0.99979800 -0.14396400
0.00000000 0.00000000 0.00000000 1.00000000
324	1439	1770
1.00000000 0.00036000 -0.00017400 -5.70074600
-0.00036000 1.00000000 -0.00089800 -1.31748800
0.00017400 0.00089800 1.00000000 0.02192000
0.00000000 0.00000000 0.00000000 1.00000000
1259	1734	1770
0.99999100 0.00405600 0.00127500 -1.79191000
-0.00405500 0.99999200 -0.00068500 -0.66703900
-0.00127800 0.00068000 0.99999900 -0.05828000
0.00000000 0.00000000 0.00000000 1.00000000
534	1229	1770
0.99999500 0.00013800 -0.00328700 4.31460200
-0.00011500 0.99997600 0.00688300 -5.98571200
0.00328800 -0.00688300 0.99997100 0.06081000
0.00000000 0.00000000 0.00000000 1.00000000
494	1269	1770
0.99996800 0.00270400 0.00751500 3.77314400
-0.00274100 0.99998400 0.00492500 5.35009100
-0.00750100 -0.00494500 0.99996000 0.05114700
0.00000000 0.00000000 0.00000000 1.00000000
1404	1559	1770
0.99884600 -0.01037200 0.04689500 25.24319700
0.00674900 0.99702600 0.07676600 9.92193400
-0.04755200 -0.07636100 0.99594600 0.67015200
0.00000000 0.00000000 0.00000000 1.00000000
649	654	1770
0.95928600 0.27799400 0.04990400 25.72916400
-0.28003900 0.95915300 0.04003800 0.64085000
-0.03673500 -0.05238300 0.99795100 1.43339300
0.00000000 0.00000000 0.00000000 1.00000000
394	1369	1770
0.99999300 -0.00263100 0.00282600 -1.61344200
0.00262800 0.99999600 0.00105800 11.48765300
-0.00282800 -0.00105100 0.99999500 0.06317900
0.00000000 0.00000000 0.00000000 1.00000000
504	1259	1770
0.99999200 0.00113800 0.00374700 6.76727400
-0.00114900 0.99999600 0.00277100 2.92658500
-0.00374300 -0.00277500 0.99998900 0.03065700
0.00000000 0.00000000 0.00000000 1.00000000
289	1474	1770
0.99998300 0.00578600 0.00017500 -2.50115200
-0.00578600 0.99998300 0.00066900 -1.77782000
-0.00017100 -0.00067000 1.00000000 -0.01012500
0.00000000 0.00000000 0.00000000 1.00000000
184	1579	1770
0.99971000 0.01871700 0.01514300 -0.98298200
-0.01924700 0.99918100 0.03559800 -5.25805200
-0.01446400 -0.03587900 0.99925100 -0.02384500
0.00000000 0.00000000 0.00000000 1.00000000
724	1039	1770
0.99880300 -0.00811800 -0.04823700 -2.32175200
0.00814000 0.99996700 0.00026400 -4.40706500
0.04823300 -0.00065600 0.99883600 0.01601200
0.00000000 0.00000000 0.00000000 1.00000000
544	784	1770
0.99672900 0.00077000 0.08081600 -3.11740100
-0.00485200 0.99872100 0.05032100 7.24190200
-0.08067400 -0.05054800 0.99545800 -0.04843700
0.00000000 0.00000000 0.00000000 1.00000000
559	1204	1770
0.99998200 -0.00222300 -0.00559700 -6.08070900
0.00222500 0.99999700 0.00033000 -2.45845000
0.00559600 -0.00034200 0.99998400 0.04353300
0.00000000 0.00000000 0.00000000 1.00000000
339	1424	1770
0.99986100 0.01220000 0.01137400 -1.96657100
-0.01216500 0.99992100 -0.00310400 0.66522500
-0.01141100 0.00296500 0.99993000 0.02995200
0.00000000 0.00000000 0.00000000 1.00000000
784	979	1770
0.99997400 -0.00725800 -0.00036600 -7.36114900
0.00726000 0.99996800 0.00321600 9.05834200
0.00034300 -0.00321800 0.99999500 -0.05570400
0.00000000 0.00000000 0.00000000 1.00000000
574	1189	1770
0.99999400 0.00031000 0.00346000 6.17673700
-0.00030900 1.00000000 -0.00035100 -4.73141800
-0.00346000 0.00035000 0.99999400 -0.17079500
0.00000000 0.00000000 0.00000000 1.00000000
334	1429	1770
0.99999900 0.00102700 -0.00065700 -4.63680500
-0.00102800 0.99999900 -0.00023200 -0.45844600
0.00065700 0.00023200 1.00000000 0.10330200
0.00000000 0.00000000 0.00000000 1.00000000
734	1034	1770
0.99974100 -0.01273000 0.01885200 34.00283400
0.01244800 0.99981000 0.01500200 21.44999100
-0.01903900 -0.01476300 0.99971000 -0.76774400
0.00000000 0.00000000 0.00000000 1.00000000
124	1619	1770
0.99638400 0.00029400 -0.08496100 -8.22296400
-0.00237800 0.99969900 -0.02442100 7.92400300
0.08492800 0.02453500 0.99608500 -0.46820000
0.00000000 0.00000000 0.00000000 1.00000000
224	1539	1770
0.99996200 -0.00791400 0.00355200 -2.13692300
0.00790100 0.99996200 0.00375900 -1.69869400
-0.00358200 -0.00373100 0.99998700 0.07974700
0.00000000 0.00000000 0.00000000 1.00000000
759	1004	1770
0.99996400 -0.00728400 -0.00428000 -3.18575100
0.00734900 0.99985500 0.01533900 8.65250300
0.00416800 -0.01537000 0.99987300 -0.12366100
0.00000000 0.00000000 0.00000000 1.00000000
224	344	1770
0.99556700 -0.03483900 0.08736700 22.58460600
0.03295100 0.99919300 0.02296000 -7.76309400
-0.08809700 -0.01997900 0.99591200 -2.05528300
0.00000000 0.00000000 0.00000000 1.00000000
639	1109	1770
0.99847200 0.00367800 -0.05514100 -4.01019900
-0.00842000 0.99625900 -0.08600700 -7.56024000
0.05461900 0.08634000 0.99476700 -1.60750900
0.00000000 0.00000000 0.00000000 1.00000000
409	1354	1770
0.99995800 -0.00884900 -0.00254100 -1.06199500
0.00881900 0.99989400 -0.01157600 10.02629300
0.00264300 0.01155300 0.99993000 0.14251100
0.00000000 0.00000000 0.00000000 1.00000000
779	1219	1770
0.99800900 -0.00688200 -0.06269200 -26.78840400
0.00200400 0.99698700 -0.07754000 20.82335600
0.06303700 0.07726000 0.99501600 0.08489600
0.00000000 0.00000000 0.00000000 1.00000000
554	1209	1770
0.99998800 0.00485300 0.00119300 -7.49017700
-0.00484900 0.99998200 -0.00346800 -15.34884500
-0.00121000 0.00346200 0.99999300 0.15978600
0.00000000 0.00000000 0.00000000 1.00000000
459	1304	1770
0.99986500 0.00825900 -0.01422100 1.63688900
-0.00839000 0.99992300 -0.00918700 6.42677900
0.01414400 0.00930500 0.99985700 0.33113900
0.00000000 0.00000000 0.00000000 1.00000000
544	779	1770
0.97627400 -0.03935200 0.21293200 31.32635600
0.04681100 0.99845000 -0.03010100 -25.14730600
-0.21141800 0.03935400 0.97660300 -3.43818300
0.00000000 0.00000000 0.00000000 1.00000000
134	1629	1770
0.99986300 0.01466700 -0.00761600 -0.79840900
-0.01445900 0.99953800 0.02671600 0.37958500
0.00800400 -0.02660200 0.99961400 -0.02383500
0.00000000 0.00000000 0.00000000 1.00000000
874	889	1770
0.99996400 -0.00187900 -0.00825600 -2.58508100
0.00193700 0.99997300 0.00707000 8.60046400
0.00824200 -0.00708600 0.99994100 0.00428700
0.00000000 0.00000000 0.00000000 1.00000000
534	974	1770
0.99723500 -0.01472700 0.07283700 20.20274000
0.01051100 0.99826500 0.05792900 -23.91988800
-0.07356400 -0.05700300 0.99566000 0.02817500
0.00000000 0.00000000 0.00000000 1.00000000
1399	1559	1770
0.99966100 -0.01657200 -0.02006800 -22.22057100
0.01830700 0.99580900 0.08960700 -3.50940100
0.01849900 -0.08994400 0.99577500 -0.00000300
0.00000000 0.00000000 0.00000000 1.00000000
699	1064	1770
0.99999900 0.00141400 0.00014500 -1.57555500
-0.00141500 0.99997100 0.00751300 9.07752500
-0.00013500 -0.00751300 0.99997200 -0.18864400
0.00000000 0.00000000 0.00000000 1.00000000
299	1464	1770
0.99999700 0.00090800 0.00219700 -4.30336700
-0.00090100 0.99999400 -0.00332500 1.05952700
-0.00220000 0.00332300 0.99999200 -0.10269700
0.00000000 0.00000000 0.00000000 1.00000000
569	1194	1770
0.99999800 -0.00204900 0.00087900 4.00134500
0.00204700 0.99999600 0.00201900 -6.54661600
-0.00088300 -0.00201700 0.99999800 0.01843800
0.00000000 0.00000000 0.00000000 1.00000000
389	1374	1770
0.99972600 0.00425400 -0.02300800 0.59786000
-0.00326000 0.99906700 0.04306800 -3.39776600
0.02317000 -0.04298100 0.99880700 0.45073000
0.00000000 0.00000000 0.00000000 1.00000000
209	1554	1770
0.99993200 0.01074900 -0.00449900 -0.54934200
-0.01076700 0.99993300 -0.00415500 -0.07121100
0.00445400 0.00420300 0.99998100 0.07321800
0.00000000 0.00000000 0.00000000 1.00000000
114	1649	1770
0.99995300 -0.00294900 0.00928500 -3.59586100
0.00295400 0.99999500 -0.00054900 -0.12714400
-0.00928300 0.00057600 0.99995700 0.07796100
0.00000000 0.00000000 0.00000000 1.00000000
344	1419	1770
0.99960800 0.02574000 0.01098300 2.99378100
-0.02547900 0.99940300 -0.02334100 -0.57406200
-0.01157700 0.02305200 0.99966700 -0.53211200
0.00000000 0.00000000 0.00000000 1.00000000
939	1699	1770
0.99996200 0.00858500 -0.00163000 -0.76521600
-0.00857200 0.99993000 0.00819100 -2.49379300
0.00170000 -0.00817700 0.99996500 0.07651900
0.00000000 0.00000000 0.00000000 1.00000000
749	1014	1770
0.99977000 -0.00899700 0.01946600 1.62368200
0.00947800 0.99964800 -0.02478300 -0.14958400
-0.01923700 0.02496200 0.99950300 -0.03735200
0.00000000 0.00000000 0.00000000 1.00000000
204	1399	1770
0.99494100 0.09989500 -0.01062600 16.19388000
-0.10045500 0.98847200 -0.11327600 0.14199000
-0.00081200 0.11377000 0.99350700 -0.15218900
0.00000000 0.00000000 0.00000000 1.00000000
729	1034	1770
0.99995600 -0.00204700 0.00918900 -9.03798500
0.00197300 0.99996600 0.00801000 -5.65125700
-0.00920500 -0.00799200 0.99992600 0.21414700
0.00000000 0.00000000 0.00000000 1.00000000
704	1059	1770
0.99992200 -0.01214600 0.00273600 -2.55844400
0.01215000 0.99992500 -0.00160000 7.63178600
-0.00271700 0.00163300 0.99999500 -0.01002700
0.00000000 0.00000000 0.00000000 1.00000000
1114	1124	1770
0.99999200 -0.00078700 0.00402100 26.04341400
0.00078000 0.99999800 0.00189600 8.20994800
-0.00402300 -0.00189300 0.99999000 0.40746000
0.00000000 0.00000000 0.00000000 1.00000000
464	1299	1770
0.99999200 -0.00030700 -0.00391700 3.84374200
0.00029200 0.99999200 -0.00391100 2.81192900
0.00391800 0.00391000 0.99998500 0.10810400
0.00000000 0.00000000 0.00000000 1.00000000
869	894	1770
0.99996400 -0.00694000 -0.00488300 -2.15497900
0.00695800 0.99996900 0.00355300 8.36777300
0.00485800 -0.00358600 0.99998200 0.11116900
0.00000000 0.00000000 0.00000000 1.00000000
979	1224	1770
0.99753700 0.00772200 -0.06972100 -17.74626200
-0.01233900 0.99774100 -0.06602900 16.20015500
0.06905400 0.06672700 0.99537900 -0.24410700
0.00000000 0.00000000 0.00000000 1.00000000
454	1309	1770
0.99998700 0.00192900 0.00471000 -8.61883500
-0.00194600 0.99999200 0.00361700 10.42108300
-0.00470300 -0.00362700 0.99998200 0.70664700
0.00000000 0.00000000 0.00000000 1.00000000
549	1219	1770
0.99787000 0.00137300 0.06521700 -35.70269900
0.00338900 0.99733600 -0.07286200 33.66484800
-0.06514400 0.07292700 0.99520700 2.67305400
0.00000000 0.00000000 0.00000000 1.00000000
514	1249	1770
0.99999500 0.00293900 -0.00067400 1.85905600
-0.00293900 0.99999600 -0.00007600 -11.44363500
0.00067400 0.00007800 1.00000000 0.24080900
0.00000000 0.00000000 0.00000000 1.00000000
364	1559	1770
0.99945400 0.02031700 -0.02604700 -17.56562600
-0.01820300 0.99671000 0.07897700 -1.61426300
0.02756600 -0.07846000 0.99653600 -0.22090600
0.00000000 0.00000000 0.00000000 1.00000000
399	1364	1770
0.99999700 -0.00103900 -0.00227300 -0.89719900
0.00103600 0.99999900 -0.00131000 6.48277100
0.00227500 0.00130800 0.99999700 0.11817300
0.00000000 0.00000000 0.00000000 1.00000000
1424	1429	1770
0.99771200 0.04460200 -0.05081400 45.06494300
-0.04503600 0.99895800 -0.00742900 -0.22722000
0.05042900 0.00970000 0.99868100 1.25096600
0.00000000 0.00000000 0.00000000 1.00000000
819	944	1770
0.99998500 -0.00530800 -0.00114000 1.01972900
0.00529500 0.99993000 -0.01055700 -10.70962600
0.00119600 0.01055100 0.99994400 -0.13578900
0.00000000 0.00000000 0.00000000 1.00000000
879	884	1770
0.99998600 0.00172400 -0.00492500 4.39314500
-0.00185100 0.99966200 -0.02591700 5.86743100
0.00487800 0.02592600 0.99965200 0.92072200
0.00000000 0.00000000 0.00000000 1.00000000
784	1219	1770
0.99692100 -0.00824200 -0.07798200 8.37878500
0.00395800 0.99848200 -0.05492900 -12.54344400
0.07831600 0.05445100 0.99544000 0.14249600
0.00000000 0.00000000 0.00000000 1.00000000
369	1564	1770
0.99994200 -0.00888000 0.00611200 -21.30152400
0.00790200 0.98943800 0.14474400 0.08764600
-0.00733300 -0.14468700 0.98945000 0.15196600
0.00000000 0.00000000 0.00000000 1.00000000
634	1104	1770
0.99982700 0.00870600 0.01646600 -10.90412400
-0.00675500 0.99334000 -0.11502500 -10.21258500
-0.01735800 0.11489400 0.99322600 0.04341200
0.00000000 0.00000000 0.00000000 1.00000000
424	1339	1770
0.99999400 0.00286100 -0.00218500 -0.95287500
-0.00286500 0.99999400 -0.00189300 1.35160000
0.00217900 0.00189900 0.99999600 0.00084600
0.00000000 0.00000000 0.00000000 1.00000000
639	654	1770
0.99913600 0.01797900 0.03746400 -11.68136400
-0.01485300 0.99651200 -0.08211200 -10.20117300
-0.03880900 0.08148500 0.99591900 -0.47751300
0.00000000 0.00000000 0.00000000 1.00000000
529	1234	1770
0.99998500 0.00275600 -0.00479500 5.13882000
-0.00271200 0.99995300 0.00931500 -10.81147000
0.00482100 -0.00930100 0.99994500 0.04562300
0.00000000 0.00000000 0.00000000 1.00000000
539	979	1770
0.99738300 -0.01284300 0.07115200 22.96411500
0.00836200 0.99798400 0.06291200 -22.44562700
-0.07181700 -0.06215300 0.99547900 0.09679800
0.00000000 0.00000000 0.00000000 1.00000000
819	1704	1770
0.99998700 0.00392400 -0.00320700 -0.24889500
-0.00394300 0.99997400 -0.00606700 -13.16672400
0.00318300 0.00608000 0.99997600 -0.07193800
0.00000000 0.00000000 0.00000000 1.00000000
789	974	1770
0.99997900 -0.00638600 -0.00104100 -5.71565300
0.00638900 0.99997500 0.00300000 7.28624700
0.00102200 -0.00300600 0.99999500 0.04654200
0.00000000 0.00000000 0.00000000 1.00000000
439	1329	1770
0.99454800 -0.01057900 0.10373900 27.89815000
0.00899500 0.99983600 0.01573100 -28.39407000
-0.10388800 -0.01471200 0.99448000 -2.10973300
0.00000000 0.00000000 0.00000000 1.00000000
824	1699	1770
0.99998500 0.00515600 -0.00189400 0.41297100
-0.00515000 0.99998200 0.00316300 -11.85642400
0.00191000 -0.00315300 0.99999300 -0.03825600
0.00000000 0.00000000 0.00000000 1.00000000
434	1329	1770
0.99995900 -0.00711700 0.00561900 -4.37575500
0.00715900 0.99994700 -0.00738200 2.41741100
-0.00556600 0.00742200 0.99995700 0.03559700
0.00000000 0.00000000 0.00000000 1.00000000
199	1394	1770
0.99946500 0.01327100 -0.02989900 19.87607200
-0.01596000 0.99567000 -0.09158000 0.00069600
0.02855400 0.09200800 0.99534900 0.95311000
0.00000000 0.00000000 0.00000000 1.00000000
1394	1564	1770
0.99995700 0.00871800 0.00305500 -23.67354800
-0.00894800 0.99625800 0.08596700 -0.80357400
-0.00229400 -0.08599000 0.99629300 -0.14813800
0.00000000 0.00000000 0.00000000 1.00000000
229	1534	1770
0.99984800 0.01743000 -0.00065900 1.37205300
-0.01742900 0.99984700 0.00133200 -4.74781100
0.00068200 -0.00132000 0.99999900 0.55754600
0.00000000 0.00000000 0.00000000 1.00000000
814	949	1770
0.99997300 -0.00106900 -0.00722500 1.03232100
0.00101500 0.99997100 -0.00756800 -10.10931800
0.00723300 0.00756100 0.99994500 0.91782000
0.00000000 0.00000000 0.00000000 1.00000000
124	144	1770
0.99598000 0.00638200 -0.08935300 -10.91676000
-0.00791500 0.99982700 -0.01681200 11.72218800
0.08923100 0.01745100 0.99585800 -0.51458600
0.00000000 0.00000000 0.00000000 1.00000000
629	1134	1770
0.99999200 0.00373300 -0.00127700 -0.47795200
-0.00372500 0.99997300 0.00629200 -4.04513200
0.00130100 -0.00628700 0.99997900 -0.03771900
0.00000000 0.00000000 0.00000000 1.00000000
789	979	1770
0.99804400 -0.04825000 -0.03975500 27.15091200
0.05084500 0.99645300 0.06706000 -31.10866400
0.03637900 -0.06895100 0.99695700 1.38852800
0.00000000 0.00000000 0.00000000 1.00000000
144	1639	1770
0.99576700 -0.02512800 0.08841000 12.29381700
0.02370600 0.99957300 0.01709300 -10.74616700
-0.08880200 -0.01492500 0.99593700 -0.47873100
0.00000000 0.00000000 0.00000000 1.00000000
754	1169	1770
0.99262100 -0.03244300 -0.11683800 -11.30340800
0.02720300 0.99856300 -0.04616800 -9.16504900
0.11816800 0.04264900 0.99207700 -2.12396400
0.00000000 0.00000000 0.00000000 1.00000000
669	1094	1770
0.99990400 -0.01377400 -0.00127800 8.84488500
0.01376200 0.99986600 -0.00881900 1.47808500
0.00140000 0.00880100 0.99996000 -0.00729500
0.00000000 0.00000000 0.00000000 1.00000000
164	1599	1770
0.99997600 0.00600200 -0.00357700 1.37536500
-0.00595900 0.99991200 0.01182500 -4.27921000
0.00364800 -0.01180300 0.99992400 0.03200800
0.00000000 0.00000000 0.00000000 1.00000000
524	959	1770
0.99608900 -0.00273900 0.08831800 0.94653800
-0.00091900 0.99914400 0.04134800 1.42230900
-0.08835600 -0.04126800 0.99523400 0.61342200
0.00000000 0.00000000 0.00000000 1.00000000
384	1379	1770
0.99971700 0.00905400 0.02201500 0.77827100
-0.00983200 0.99932200 0.03549100 5.70316200
-0.02167900 -0.03569800 0.99912700 0.06874600
0.00000000 0.00000000 0.00000000 1.00000000
614	1154	1770
0.99993500 -0.01099100 -0.00294200 -16.09790500
0.01101700 0.99989900 0.00895400 35.43418100
0.00284300 -0.00898600 0.99995600 -0.61550700
0.00000000 0.00000000 0.00000000 1.00000000
404	1359	1770
0.99998700 -0.00495500 0.00068700 -0.94052700
0.00495700 0.99998300 -0.00296000 5.98600600
-0.00067200 0.00296300 0.99999500 0.10641100
0.00000000 0.00000000 0.00000000 1.00000000
469	1294	1770
0.99981200 -0.01056300 0.01623700 7.53956500
0.01039800 0.99989400 0.01023700 5.79031000
-0.01634300 -0.01006600 0.99981600 -0.21737800
0.00000000 0.00000000 0.00000000 1.00000000
129	1634	1770
0.99983800 0.01772300 0.00300200 2.03109000
-0.01778100 0.99963100 0.02052200 3.94438700
-0.00263700 -0.02057200 0.99978500 0.00148900
0.00000000 0.00000000 0.00000000 1.00000000
829	1694	1770
0.99998900 0.00150600 -0.00437300 1.36438900
-0.00143400 0.99986200 0.01657200 -12.66840500
0.00439700 -0.01656600 0.99985300 0.04514900
0.00000000 0.00000000 0.00000000 1.00000000
349	1414	1770
0.99969300 0.00232700 0.02465800 6.42855300
-0.00259700 0.99993700 0.01093400 0.74703000
-0.02463100 -0.01099500 0.99963600 -2.08663300
0.00000000 0.00000000 0.00000000 1.00000000
609	614	1770
0.99262000 0.10781300 0.05552400 18.30646400
-0.10537000 0.99340500 -0.04520400 -46.69620500
-0.06003100 0.03902000 0.99743400 -1.32625200
0.00000000 0.00000000 0.00000000 1.00000000
199	369	1770
0.99780400 0.04172400 -0.05144900 18.11774200
-0.04747300 0.99210000 -0.11611800 -1.42906300
0.04619800 0.11830500 0.99190200 1.12944800
0.00000000 0.00000000 0.00000000 1.00000000
754	1009	1770
0.99996700 0.00791700 0.00154200 -4.59080600
-0.00794100 0.99983300 0.01648300 10.54980200
-0.00141100 -0.01649500 0.99986300 -0.11860800
0.00000000 0.00000000 0.00000000 1.00000000
829	934	1770
0.99999000 -0.00280000 -0.00358500 2.06373400
0.00279500 0.99999500 -0.00135800 -9.18722800
0.00358900 0.00134800 0.99999300 0.08509800
0.00000000 0.00000000 0.00000000 1.00000000
844	919	1770
0.99999300 -0.00309500 0.00203400 0.68685400
0.00313100 0.99983900 -0.01765600 -17.22839600
-0.00197900 0.01766300 0.99984200 -0.32479000
0.00000000 0.00000000 0.00000000 1.00000000
484	1279	1770
0.99975300 0.01027600 0.01969900 7.76025000
-0.01036400 0.99993700 0.00437500 3.80585200
-0.01965300 -0.00457800 0.99979600 -0.22897000
0.00000000 0.00000000 0.00000000 1.00000000
719	1044	1770
0.99997500 -0.00177000 -0.00691500 -4.27727300
0.00181800 0.99997400 0.00693300 7.48586300
0.00690300 -0.00694500 0.99995200 0.21771200
0.00000000 0.00000000 0.00000000 1.00000000
839	924	1770
0.99999500 -0.00230500 0.00201800 -0.16562400
0.00233900 0.99984800 -0.01725100 -7.11462100
-0.00197800 0.01725600 0.99984900 -0.11421900
0.00000000 0.00000000 0.00000000 1.00000000
689	1074	1770
0.99999800 0.00179000 0.00009500 -0.22649600
-0.00179000 0.99999800 0.00089200 5.83568700
-0.00009400 -0.00089200 1.00000000 0.08247500
0.00000000 0.00000000 0.00000000 1.00000000
79	84	1770
0.99999800 -0.00184400 -0.00049000 0.64568400
0.00184200 0.99999300 -0.00327700 -39.95050700
0.00049600 0.00327700 0.99999500 -0.10285400
0.00000000 0.00000000 0.00000000 1.00000000
859	904	1770
0.99998300 -0.00573300 -0.00112000 -4.05466000
0.00574800 0.99988000 0.01441100 7.68076700
0.00103700 -0.01441700 0.99989600 -0.01533800
0.00000000 0.00000000 0.00000000 1.00000000
304	1459	1770
