1264	1739	1770
0.99995400 -0.00297500 -0.00912400 -1.23427800
0.00292500 0.99998000 -0.00557200 -0.59250600
0.00914000 0.00554500 0.99994300 -0.00197400
0.00000000 0.00000000 0.00000000 1.00000000
234	1529	1770
0.99996500 0.00831900 0.00067200 2.09516100
-0.00831600 0.99995300 -0.00507400 -3.89293300
-0.00071400 0.00506900 0.99998700 -0.21395600
0.00000000 0.00000000 0.00000000 1.00000000
309	1454	1770
0.99994200 0.00789700 0.00732000 -4.38128500
-0.00786600 0.99996000 -0.00415300 1.43769700
-0.00735300 0.00409600 0.99996500 0.01547700
0.00000000 0.00000000 0.00000000 1.00000000
1254	1729	1770
0.99994500 -0.00063400 -0.01043200 -1.17712500
0.00072900 0.99995800 0.00912100 0.26652200
0.01042600 -0.00912800 0.99990400 0.03663200
0.00000000 0.00000000 0.00000000 1.00000000
1269	1744	1770
0.99999500 0.00206600 0.00225600 0.21358600
-0.00206800 0.99999800 0.00082100 -1.39784100
-0.00225500 -0.00082600 0.99999700 -0.04404900
0.00000000 0.00000000 0.00000000 1.00000000
379	1384	1770
0.99997400 0.00536300 0.00474800 1.94544900
-0.00541200 0.99993000 0.01055000 7.09738700
-0.00469100 -0.01057600 0.99993300 0.07550400
0.00000000 0.00000000 0.00000000 1.00000000
204	1559	1770
0.99976300 0.01462000 -0.01613000 -5.84674100
-0.01468300 0.99988500 -0.00378200 -1.47269500
0.01607300 0.00401700 0.99986300 -0.16482100
0.00000000 0.00000000 0.00000000 1.00000000
369	1394	1770
0.99987500 -0.00797600 0.01362700 2.02772000
0.00777900 0.99986600 0.01441300 1.14227900
-0.01374000 -0.01430600 0.99980300 -0.23694600
0.00000000 0.00000000 0.00000000 1.00000000
319	1444	1770
0.99993300 0.00847100 -0.00790100 -3.80556800
-0.00847500 0.99996400 -0.00043300 -0.05367000
0.00789700 0.00050000 0.99996900 -0.03382600
0.00000000 0.00000000 0.00000000 1.00000000
364	1399	1770
0.99998700 -0.00240500 -0.00449400 4.89713400
0.00239100 0.99999300 -0.00297400 1.67192400
0.00450100 0.00296300 0.99998500 0.04498100
0.00000000 0.00000000 0.00000000 1.00000000
359	1404	1770
0.99995900 -0.00062300 -0.00900500 6.16226700
0.00056200 0.99997700 -0.00673400 2.25835100
0.00900900 0.00672900 0.99993700 0.33403800
0.00000000 0.00000000 0.00000000 1.00000000
314	1449	1770
0.99999400 0.00040500 0.00345700 -4.04662200
-0.00041000 0.99999900 0.00149000 1.31399100
-0.00345700 -0.00149200 0.99999300 0.03357200
0.00000000 0.00000000 0.00000000 1.00000000
934	1694	1770
0.99999800 0.00203700 -0.00031300 -0.70980000
-0.00203200 0.99991900 0.01254700 -3.42408900
0.00033800 -0.01254600 0.99992100 -0.00663200
0.00000000 0.00000000 0.00000000 1.00000000
219	1544	1770
0.99954400 -0.02817100 -0.01086700 -10.16670400
0.02809700 0.99958200 -0.00687600 -4.20985100
0.01105600 0.00656700 0.99991700 0.03671400
0.00000000 0.00000000 0.00000000 1.00000000
254	1509	1770
0.99979800 0.02006800 0.00149400 5.55508900
-0.02008500 0.99971600 0.01279000 0.92405300
-0.00123700 -0.01281800 0.99991700 0.02030200
0.00000000 0.00000000 0.00000000 1.00000000
1249	1724	1770
0.99999800 0.00176400 -0.00105400 -1.39774500
-0.00175300 0.99994900 0.00996400 6.09736200
0.00107200 -0.00996200 0.99995000 -0.21480700
0.00000000 0.00000000 0.00000000 1.00000000
249	1514	1770
0.99963100 0.02502000 0.01056800 2.47133900
-0.02498700 0.99968200 -0.00332200 -0.07762500
-0.01064800 0.00305700 0.99993900 0.02481000
0.00000000 0.00000000 0.00000000 1.00000000
1244	1719	1770
0.99998600 0.00522300 0.00037300 -2.97566800
-0.00522400 0.99998100 0.00330000 -0.02116600
-0.00035600 -0.00330200 0.99999400 -0.15396100
0.00000000 0.00000000 0.00000000 1.00000000
929	1689	1770
0.99998200 0.00535800 -0.00259800 -0.01788400
-0.00534700 0.99997700 0.00415700 -2.98734300
0.00262000 -0.00414300 0.99998800 -0.00304500
0.00000000 0.00000000 0.00000000 1.00000000
414	1349	1770
0.99997700 0.00683500 -0.00036400 -1.90980900
-0.00684300 0.99960300 -0.02733900 8.68458100
0.00017700 0.02734100 0.99962600 0.33497200
0.00000000 0.00000000 0.00000000 1.00000000
744	1024	1770
0.99979800 -0.01497000 0.01340900 39.23431700
0.01495200 0.99988700 0.00149200 15.83918000
-0.01343000 -0.00129200 0.99990900 -0.67510300
0.00000000 0.00000000 0.00000000 1.00000000
244	1519	1770
0.99974200 -0.02225400 0.00452500 3.27681800
0.02223300 0.99974200 0.00464300 -0.07785400
-0.00462700 -0.00454100 0.99997900 -0.01948200
0.00000000 0.00000000 0.00000000 1.00000000
199	1564	1770
0.99927300 0.02017300 -0.03233700 -3.32233800
-0.02052900 0.99973200 -0.01070300 -0.37164900
0.03211200 0.01135900 0.99942000 -0.04592200
0.00000000 0.00000000 0.00000000 1.00000000
329	1434	1770
0.99999900 -0.00019600 -0.00162400 -4.79498900
0.00020100 0.99999500 0.00318700 -0.74057200
0.00162400 -0.00318800 0.99999400 -0.04268700
0.00000000 0.00000000 0.00000000 1.00000000
259	1504	1770
0.99986200 -0.01598600 -0.00457600 0.60258100
0.01592200 0.99977900 -0.01374100 0.18280800
0.00479500 0.01366600 0.99989500 -0.11291000
0.00000000 0.00000000 0.00000000 1.00000000
1614	1644	1770
0.99616500 -0.00017100 0.08749700 1.79876100
-0.00055500 0.99996600 0.00827000 -4.66379400
-0.08749600 -0.00828700 0.99613000 -0.02802100
0.00000000 0.00000000 0.00000000 1.00000000
1104	1129	1770
0.99937200 -0.00611800 -0.03491500 3.22478900
0.00924200 0.99589800 0.09001400 5.00393200
0.03422100 -0.09028000 0.99532800 -0.42646700
0.00000000 0.00000000 0.00000000 1.00000000
824	939	1770
0.99998800 -0.00483600 0.00020600 1.18497800
0.00483700 0.99996500 -0.00675300 -9.36692200
-0.00017400 0.00675400 0.99997700 -0.12699300
0.00000000 0.00000000 0.00000000 1.00000000
809	1714	1770
0.99986100 -0.00120400 0.01665400 -1.48627400
0.00130600 0.99998000 -0.00611400 -9.69311400
-0.01664700 0.00613500 0.99984300 -0.32298200
0.00000000 0.00000000 0.00000000 1.00000000
744	1019	1770
0.99997600 -0.00261800 0.00641400 -8.22854300
0.00261000 0.99999600 0.00127500 -3.41158800
-0.00641800 -0.00125900 0.99997900 0.17360300
0.00000000 0.00000000 0.00000000 1.00000000
1619	1639	1770
0.99611200 -0.00067000 0.08809100 9.60136200
-0.00165400 0.99965300 0.02630600 -7.18638200
-0.08807800 -0.02635000 0.99576500 -0.19521400
0.00000000 0.00000000 0.00000000 1.00000000
784	1224	1770
0.99725300 -0.01047300 -0.07332800 -25.15724800
0.00596700 0.99809500 -0.06140400 24.84102900
0.07383200 0.06079800 0.99541600 -0.58557800
0.00000000 0.00000000 0.00000000 1.00000000
119	149	1770
0.99494500 -0.00449700 -0.10032000 -5.46284400
0.00056300 0.99923100 -0.03920300 16.72002300
0.10041900 0.03894800 0.99418300 0.02082800
0.00000000 0.00000000 0.00000000 1.00000000
354	1409	1770
0.99993300 0.01060200 0.00464300 0.55064800
-0.01060600 0.99994400 0.00071900 0.69386700
-0.00463500 -0.00076800 0.99998900 0.01564900
0.00000000 0.00000000 0.00000000 1.00000000
779	1214	1770
0.99903600 -0.01049700 -0.04262000 10.43554600
0.00733300 0.99725200 -0.07372600 -15.12183900
0.04327700 0.07334300 0.99636700 -0.61566100
0.00000000 0.00000000 0.00000000 1.00000000
854	909	1770
0.99996900 -0.00472800 -0.00629700 -6.05331100
0.00484800 0.99980600 0.01910800 8.00734900
0.00620500 -0.01913700 0.99979800 -0.14396400
0.00000000 0.00000000 0.00000000 1.00000000
324	1439	1770
1.00000000 0.00036000 -0.00017400 -5.70074600
-0.00036000 1.00000000 -0.00089800 -1.31748800
0.00017400 0.00089800 1.00000000 0.02192000
0.00000000 0.00000000 0.00000000 1.00000000
1259	1734	1770
0.99999100 0.00405600 0.00127500 -1.79191000
-0.00405500 0.99999200 -0.00068500 -0.66703900
-0.00127800 0.00068000 0.99999900 -0.05828000
0.00000000 0.00000000 0.00000000 1.00000000
1404	1559	1770
0.99884600 -0.01037200 0.04689500 25.24319700
0.00674900 0.99702600 0.07676600 9.92193400
-0.04755200 -0.07636100 0.99594600 0.67015200
0.00000000 0.00000000 0.00000000 1.00000000
649	654	1770
0.95928600 0.27799400 0.04990400 25.72916400
-0.28003900 0.95915300 0.04003800 0.64085000
-0.03673500 -0.05238300 0.99795100 1.43339300
0.00000000 0.00000000 0.00000000 1.00000000
394	1369	1770
0.99999300 -0.00263100 0.00282600 -1.61344200
0.00262800 0.99999600 0.00105800 11.48765300
-0.00282800 -0.00105100 0.99999500 0.06317900
0.00000000 0.00000000 0.00000000 1.00000000
339	1424	1770
0.99986100 0.01220000 0.01137400 -1.96657100
-0.01216500 0.99992100 -0.00310400 0.66522500
-0.01141100 0.00296500 0.99993000 0.02995200
0.00000000 0.00000000 0.00000000 1.00000000
334	1429	1770
0.99999900 0.00102700 -0.00065700 -4.63680500
-0.00102800 0.99999900 -0.00023200 -0.45844600
0.00065700 0.00023200 1.00000000 0.10330200
0.00000000 0.00000000 0.00000000 1.00000000
224	1539	1770
0.99996200 -0.00791400 0.00355200 -2.13692300
0.00790100 0.99996200 0.00375900 -1.69869400
-0.00358200 -0.00373100 0.99998700 0.07974700
0.00000000 0.00000000 0.00000000 1.00000000
224	344	1770
0.99556700 -0.03483900 0.08736700 22.58460600
0.03295100 0.99919300 0.02296000 -7.76309400
-0.08809700 -0.01997900 0.99591200 -2.05528300
0.00000000 0.00000000 0.00000000 1.00000000
409	1354	1770
0.99995800 -0.00884900 -0.00254100 -1.06199500
0.00881900 0.99989400 -0.01157600 10.02629300
0.00264300 0.01155300 0.99993000 0.14251100
0.00000000 0.00000000 0.00000000 1.00000000
779	1219	1770
0.99800900 -0.00688200 -0.06269200 -26.78840400
0.00200400 0.99698700 -0.07754000 20.82335600
0.06303700 0.07726000 0.99501600 0.08489600
0.00000000 0.00000000 0.00000000 1.00000000
544	779	1770
0.97627400 -0.03935200 0.21293200 31.32635600
0.04681100 0.99845000 -0.03010100 -25.14730600
-0.21141800 0.03935400 0.97660300 -3.43818300
0.00000000 0.00000000 0.00000000 1.00000000
874	889	1770
0.99996400 -0.00187900 -0.00825600 -2.58508100
0.00193700 0.99997300 0.00707000 8.60046400
0.00824200 -0.00708600 0.99994100 0.00428700
0.00000000 0.00000000 0.00000000 1.00000000
1399	1559	1770
0.99966100 -0.01657200 -0.02006800 -22.22057100
0.01830700 0.99580900 0.08960700 -3.50940100
0.01849900 -0.08994400 0.99577500 -0.00000300
0.00000000 0.00000000 0.00000000 1.00000000
389	1374	1770
0.99972600 0.00425400 -0.02300800 0.59786000
-0.00326000 0.99906700 0.04306800 -3.39776600
0.02317000 -0.04298100 0.99880700 0.45073000
0.00000000 0.00000000 0.00000000 1.00000000
209	1554	1770
0.99993200 0.01074900 -0.00449900 -0.54934200
-0.01076700 0.99993300 -0.00415500 -0.07121100
0.00445400 0.00420300 0.99998100 0.07321800
0.00000000 0.00000000 0.00000000 1.00000000
344	1419	1770
0.99960800 0.02574000 0.01098300 2.99378100
-0.02547900 0.99940300 -0.02334100 -0.57406200
-0.01157700 0.02305200 0.99966700 -0.53211200
0.00000000 0.00000000 0.00000000 1.00000000
939	1699	1770
0.99996200 0.00858500 -0.00163000 -0.76521600
-0.00857200 0.99993000 0.00819100 -2.49379300
0.00170000 -0.00817700 0.99996500 0.07651900
0.00000000 0.00000000 0.00000000 1.00000000
204	1399	1770
0.99494100 0.09989500 -0.01062600 16.19388000
-0.10045500 0.98847200 -0.11327600 0.14199000
-0.00081200 0.11377000 0.99350700 -0.15218900
0.00000000 0.00000000 0.00000000 1.00000000
1114	1124	1770
0.99999200 -0.00078700 0.00402100 26.04341400
0.00078000 0.99999800 0.00189600 8.20994800
-0.00402300 -0.00189300 0.99999000 0.40746000
0.00000000 0.00000000 0.00000000 1.00000000
869	894	1770
0.99996400 -0.00694000 -0.00488300 -2.15497900
0.00695800 0.99996900 0.00355300 8.36777300
0.00485800 -0.00358600 0.99998200 0.11116900
0.00000000 0.00000000 0.00000000 1.00000000
364	1559	1770
0.99945400 0.02031700 -0.02604700 -17.56562600
-0.01820300 0.99671000 0.07897700 -1.61426300
0.02756600 -0.07846000 0.99653600 -0.22090600
0.00000000 0.00000000 0.00000000 1.00000000
399	1364	1770
0.99999700 -0.00103900 -0.00227300 -0.89719900
0.00103600 0.99999900 -0.00131000 6.48277100
0.00227500 0.00130800 0.99999700 0.11817300
0.00000000 0.00000000 0.00000000 1.00000000
1424	1429	1770
0.99771200 0.04460200 -0.05081400 45.06494300
-0.04503600 0.99895800 -0.00742900 -0.22722000
0.05042900 0.00970000 0.99868100 1.25096600
0.00000000 0.00000000 0.00000000 1.00000000
879	884	1770
0.99998600 0.00172400 -0.00492500 4.39314500
-0.00185100 0.99966200 -0.02591700 5.86743100
0.00487800 0.02592600 0.99965200 0.92072200
0.00000000 0.00000000 0.00000000 1.00000000
784	1219	1770
0.99692100 -0.00824200 -0.07798200 8.37878500
0.00395800 0.99848200 -0.05492900 -12.54344400
0.07831600 0.05445100 0.99544000 0.14249600
0.00000000 0.00000000 0.00000000 1.00000000
369	1564	1770
0.99994200 -0.00888000 0.00611200 -21.30152400
0.00790200 0.98943800 0.14474400 0.08764600
-0.00733300 -0.14468700 0.98945000 0.15196600
0.00000000 0.00000000 0.00000000 1.00000000
639	654	1770
0.99913600 0.01797900 0.03746400 -11.68136400
-0.01485300 0.99651200 -0.08211200 -10.20117300
-0.03880900 0.08148500 0.99591900 -0.47751300
0.00000000 0.00000000 0.00000000 1.00000000
819	1704	1770
0.99998700 0.00392400 -0.00320700 -0.24889500
-0.00394300 0.99997400 -0.00606700 -13.16672400
0.00318300 0.00608000 0.99997600 -0.07193800
0.00000000 0.00000000 0.00000000 1.00000000
824	1699	1770
0.99998500 0.00515600 -0.00189400 0.41297100
-0.00515000 0.99998200 0.00316300 -11.85642400
0.00191000 -0.00315300 0.99999300 -0.03825600
0.00000000 0.00000000 0.00000000 1.00000000
199	1394	1770
0.99946500 0.01327100 -0.02989900 19.87607200
-0.01596000 0.99567000 -0.09158000 0.00069600
0.02855400 0.09200800 0.99534900 0.95311000
0.00000000 0.00000000 0.00000000 1.00000000
1394	1564	1770
0.99995700 0.00871800 0.00305500 -23.67354800
-0.00894800 0.99625800 0.08596700 -0.80357400
-0.00229400 -0.08599000 0.99629300 -0.14813800
0.00000000 0.00000000 0.00000000 1.00000000
229	1534	1770
0.99984800 0.01743000 -0.00065900 1.37205300
-0.01742900 0.99984700 0.00133200 -4.74781100
0.00068200 -0.00132000 0.99999900 0.55754600
0.00000000 0.00000000 0.00000000 1.00000000
124	144	1770
0.99598000 0.00638200 -0.08935300 -10.91676000
-0.00791500 0.99982700 -0.01681200 11.72218800
0.08923100 0.01745100 0.99585800 -0.51458600
0.00000000 0.00000000 0.00000000 1.00000000
789	979	1770
0.99804400 -0.04825000 -0.03975500 27.15091200
0.05084500 0.99645300 0.06706000 -31.10866400
0.03637900 -0.06895100 0.99695700 1.38852800
0.00000000 0.00000000 0.00000000 1.00000000
754	1169	1770
0.99262100 -0.03244300 -0.11683800 -11.30340800
0.02720300 0.99856300 -0.04616800 -9.16504900
0.11816800 0.04264900 0.99207700 -2.12396400
0.00000000 0.00000000 0.00000000 1.00000000
384	1379	1770
0.99971700 0.00905400 0.02201500 0.77827100
-0.00983200 0.99932200 0.03549100 5.70316200
-0.02167900 -0.03569800 0.99912700 0.06874600
0.00000000 0.00000000 0.00000000 1.00000000
404	1359	1770
0.99998700 -0.00495500 0.00068700 -0.94052700
0.00495700 0.99998300 -0.00296000 5.98600600
-0.00067200 0.00296300 0.99999500 0.10641100
0.00000000 0.00000000 0.00000000 1.00000000
829	1694	1770
0.99998900 0.00150600 -0.00437300 1.36438900
-0.00143400 0.99986200 0.01657200 -12.66840500
0.00439700 -0.01656600 0.99985300 0.04514900
0.00000000 0.00000000 0.00000000 1.00000000
349	1414	1770
0.99969300 0.00232700 0.02465800 6.42855300
-0.00259700 0.99993700 0.01093400 0.74703000
-0.02463100 -0.01099500 0.99963600 -2.08663300
0.00000000 0.00000000 0.00000000 1.00000000
609	614	1770
0.99262000 0.10781300 0.05552400 18.30646400
-0.10537000 0.99340500 -0.04520400 -46.69620500
-0.06003100 0.03902000 0.99743400 -1.32625200
0.00000000 0.00000000 0.00000000 1.00000000
199	369	1770
0.99780400 0.04172400 -0.05144900 18.11774200
-0.04747300 0.99210000 -0.11611800 -1.42906300
0.04619800 0.11830500 0.99190200 1.12944800
0.00000000 0.00000000 0.00000000 1.00000000
829	934	1770
0.99999000 -0.00280000 -0.00358500 2.06373400
0.00279500 0.99999500 -0.00135800 -9.18722800
0.00358900 0.00134800 0.99999300 0.08509800
0.00000000 0.00000000 0.00000000 1.00000000
844	919	1770
0.99999300 -0.00309500 0.00203400 0.68685400
0.00313100 0.99983900 -0.01765600 -17.22839600
-0.00197900 0.01766300 0.99984200 -0.32479000
0.00000000 0.00000000 0.00000000 1.00000000
839	924	1770
0.99999500 -0.00230500 0.00201800 -0.16562400
0.00233900 0.99984800 -0.01725100 -7.11462100
-0.00197800 0.01725600 0.99984900 -0.11421900
0.00000000 0.00000000 0.00000000 1.00000000
79	84	1770
0.99999800 -0.00184400 -0.00049000 0.64568400
0.00184200 0.99999300 -0.00327700 -39.95050700
0.00049600 0.00327700 0.99999500 -0.10285400
0.00000000 0.00000000 0.00000000 1.00000000
859	904	1770
0.99998300 -0.00573300 -0.00112000 -4.05466000
0.00574800 0.99988000 0.01441100 7.68076700
0.00103700 -0.01441700 0.99989600 -0.01533800
0.00000000 0.00000000 0.00000000 1.00000000
304	1459	1770
0.99996400 -0.00397600 -0.00747000 -4.49581600
0.00400900 0.99998300 0.00434100 0.99821500
0.00745300 -0.00437100 0.99996300 -0.06459900
0.00000000 0.00000000 0.00000000 1.00000000
264	1499	1770
0.99984000 0.01786800 0.00100400 1.32150200
-0.01786900 0.99984000 0.00104400 -2.15828600
-0.00098500 -0.00106200 0.99999900 0.01682300
0.00000000 0.00000000 0.00000000 1.00000000
814	1709	1770
0.99999500 0.00065400 0.00313300 0.04025300
-0.00068400 0.99995200 0.00978500 -15.22620200
-0.00312700 -0.00978700 0.99994700 1.50866300
0.00000000 0.00000000 0.00000000 1.00000000
374	1389	1770
0.99989200 -0.00864000 -0.01188700 1.79538400
0.00767700 0.99686400 -0.07875500 3.87156900
0.01253000 0.07865600 0.99682300 -1.09869700
0.00000000 0.00000000 0.00000000 1.00000000
834	1694	1770
0.99736900 0.07240100 0.00370300 -5.76942300
-0.07244700 0.99727000 0.01427100 38.86449800
-0.00265900 -0.01450200 0.99989100 0.03337300
0.00000000 0.00000000 0.00000000 1.00000000
184	1379	1770
0.99752100 -0.00112500 0.07035500 4.28863900
-0.00034200 0.99978300 0.02083600 11.22431500
-0.07036300 -0.02080900 0.99730400 -0.47333700
0.00000000 0.00000000 0.00000000 1.00000000
844	924	1770
0.99605000 -0.06761000 0.05756600 -2.53217200
0.06618100 0.99745900 0.02638400 35.81857200
-0.05920400 -0.02247000 0.99799300 -0.86951500
0.00000000 0.00000000 0.00000000 1.00000000
134	139	1770
0.99999800 -0.00052100 0.00171400 -9.13260000
0.00052100 1.00000000 0.00001000 -10.24487300
-0.00171400 -0.00000900 0.99999900 -0.06409700
0.00000000 0.00000000 0.00000000 1.00000000
809	1244	1770
0.99886800 0.04452400 0.01675500 -6.69915700
-0.04436500 0.99896800 -0.00975600 41.22928000
-0.01717200 0.00900200 0.99981200 0.53386500
0.00000000 0.00000000 0.00000000 1.00000000
379	1574	1770
0.99043600 0.12885300 -0.04932600 -7.01710800
-0.12472600 0.98902600 0.07918400 -15.78168000
0.05898700 -0.07227500 0.99563900 0.11023700
0.00000000 0.00000000 0.00000000 1.00000000
189	379	1770
0.98448800 -0.07333500 0.15938900 3.93275200
0.10896600 0.96757600 -0.22786500 6.96050100
-0.13751000 0.24169800 0.96055900 2.90834400
0.00000000 0.00000000 0.00000000 1.00000000
