1264	1739	1770
0.999954	-0.002975	-0.009124	-1.234278
0.002925	0.999980	-0.005572	-0.592506
0.009140	0.005545	0.999943	-0.001974
0.000000	0.000000	0.000000	1.000000
549	1214	1770
0.999994	0.002512	0.002520	1.312026
-0.002515	0.999996	0.000855	-2.418561
-0.002518	-0.000861	0.999996	0.061696
0.000000	0.000000	0.000000	1.000000
234	1529	1770
0.999965	0.008319	0.000672	2.095161
-0.008316	0.999953	-0.005074	-3.892933
-0.000714	0.005069	0.999987	-0.213956
0.000000	0.000000	0.000000	1.000000
294	1469	1770
0.999353	0.035948	0.000913	-5.058933
-0.035942	0.999333	-0.006515	8.687455
-0.001147	0.006478	0.999978	-0.057779
0.000000	0.000000	0.000000	1.000000
309	1454	1770
0.999942	0.007897	0.007320	-4.381285
-0.007866	0.999960	-0.004153	1.437697
-0.007353	0.004096	0.999965	0.015477
0.000000	0.000000	0.000000	1.000000
24	499	1770
0.999978	0.000911	0.006640	4.591893
-0.000924	0.999998	0.001981	1.650056
-0.006639	-0.001987	0.999976	-0.035643
0.000000	0.000000	0.000000	1.000000
1254	1729	1770
0.999945	-0.000634	-0.010432	-1.177125
0.000729	0.999958	0.009121	0.266522
0.010426	-0.009128	0.999904	0.036632
0.000000	0.000000	0.000000	1.000000
1269	1744	1770
0.999995	0.002066	0.002256	0.213586
-0.002068	0.999998	0.000821	-1.397841
-0.002255	-0.000826	0.999997	-0.044049
0.000000	0.000000	0.000000	1.000000
649	1114	1770
0.994321	0.015018	0.105359	7.267187
0.000873	0.988808	-0.149189	4.455254
-0.106420	0.148434	0.983180	-0.391491
0.000000	0.000000	0.000000	1.000000
69	829	1770
0.999995	0.000195	0.003136	0.169600
-0.000213	0.999984	0.005637	2.458299
-0.003135	-0.005638	0.999979	0.028264
0.000000	0.000000	0.000000	1.000000
19	494	1770
0.999973	0.002911	-0.006758	-0.109256
-0.002927	0.999993	-0.002390	1.500726
0.006751	0.002410	0.999974	-0.548163
0.000000	0.000000	0.000000	1.000000
169	1594	1770
0.999966	0.004058	0.007170	-1.166508
-0.004240	0.999665	0.025538	0.446222
-0.007064	-0.025568	0.999648	0.049937
0.000000	0.000000	0.000000	1.000000
379	1384	1770
0.999974	0.005363	0.004748	1.945449
-0.005412	0.999930	0.010550	7.097387
-0.004691	-0.010576	0.999933	0.075504
0.000000	0.000000	0.000000	1.000000
119	1644	1770
0.999974	0.006580	0.002825	-2.346889
-0.006569	0.999972	-0.003684	7.723873
-0.002849	0.003666	0.999989	-0.021462
0.000000	0.000000	0.000000	1.000000
94	1669	1770
0.999982	0.004462	-0.004010	1.952896
-0.004471	0.999987	-0.002263	-8.576615
0.004000	0.002281	0.999989	-0.097961
0.000000	0.000000	0.000000	1.000000
149	1614	1770
0.999957	0.008578	0.003444	1.385871
-0.008621	0.999879	0.012927	-4.374364
-0.003333	-0.012957	0.999911	0.005040
0.000000	0.000000	0.000000	1.000000
24	1739	1770
0.999992	-0.001866	0.003481	9.131537
0.001860	0.999997	0.001546	3.293443
-0.003484	-0.001540	0.999993	-0.089465
0.000000	0.000000	0.000000	1.000000
644	1119	1770
0.999642	-0.022909	0.013811	1.535309
0.022762	0.999684	0.010672	-0.845973
-0.014052	-0.010354	0.999848	0.051922
0.000000	0.000000	0.000000	1.000000
594	1169	1770
0.999780	-0.008574	0.019165	1.548153
0.008939	0.999778	-0.019087	-0.041142
-0.018997	0.019254	0.999634	-0.030376
0.000000	0.000000	0.000000	1.000000
944	1704	1770
0.999974	0.007254	0.000196	-1.260076
-0.007254	0.999972	-0.002048	-2.410429
-0.000210	0.002046	0.999998	0.024509
0.000000	0.000000	0.000000	1.000000
474	1289	1770
0.999988	0.004958	0.000482	6.353626
-0.004955	0.999966	-0.006598	4.536271
-0.000514	0.006595	0.999978	-0.005204
0.000000	0.000000	0.000000	1.000000
204	1559	1770
0.999763	0.014620	-0.016130	-5.846741
-0.014683	0.999885	-0.003782	-1.472695
0.016073	0.004017	0.999863	-0.164821
0.000000	0.000000	0.000000	1.000000
369	1394	1770
0.999875	-0.007976	0.013627	2.027720
0.007779	0.999866	0.014413	1.142279
-0.013740	-0.014306	0.999803	-0.236946
0.000000	0.000000	0.000000	1.000000
29	504	1770
0.999992	-0.003337	-0.002357	3.596760
0.003338	0.999994	0.000326	1.217807
0.002356	-0.000334	0.999997	0.078348
0.000000	0.000000	0.000000	1.000000
319	1444	1770
0.999933	0.008471	-0.007901	-3.805568
-0.008475	0.999964	-0.000433	-0.053670
0.007897	0.000500	0.999969	-0.033826
0.000000	0.000000	0.000000	1.000000
504	559	1770
0.977409	0.196095	-0.078853	-0.785184
-0.128599	0.847839	0.514422	-1.720329
0.167730	-0.492661	0.853904	3.891552
0.000000	0.000000	0.000000	1.000000
84	844	1770
0.999996	0.002660	-0.000993	-0.000901
-0.002652	0.999963	0.008158	2.998277
0.001015	-0.008155	0.999966	0.005063
0.000000	0.000000	0.000000	1.000000
949	1709	1770
0.999993	0.002848	0.002415	-0.897552
-0.002835	0.999983	-0.005097	-4.819845
-0.002430	0.005090	0.999984	0.005397
0.000000	0.000000	0.000000	1.000000
1604	1644	1770
-0.999474	-0.004417	0.032125	4.512095
0.005876	-0.998948	0.045486	-15.465795
0.031891	0.045651	0.998448	0.433533
0.000000	0.000000	0.000000	1.000000
19	24	1770
0.060786	0.958903	-0.277148	-10.735874
-0.373115	0.279362	0.884727	-10.400214
0.925792	0.049629	0.374762	-0.378807
0.000000	0.000000	0.000000	1.000000
624	1139	1770
0.999987	-0.004785	0.001631	3.303998
0.004792	0.999979	-0.004264	-6.954413
-0.001611	0.004271	0.999990	-0.000720
0.000000	0.000000	0.000000	1.000000
24	494	1770
0.975160	0.218122	-0.038538	-9.975224
-0.220487	0.972516	-0.074824	-4.808048
0.021158	0.081463	0.996452	-1.313196
0.000000	0.000000	0.000000	1.000000
119	1604	1770
-0.999944	-0.003818	0.009858	2.871623
0.003838	-0.999991	0.002050	-9.678757
0.009850	0.002088	0.999949	-0.051507
0.000000	0.000000	0.000000	1.000000
159	1644	1770
0.995808	0.024184	0.088216	-2.461352
-0.024813	0.999674	0.006034	10.389123
-0.088041	-0.008198	0.996083	0.359680
0.000000	0.000000	0.000000	1.000000
59	819	1770
0.999990	-0.000747	0.004395	0.992487
0.000714	0.999972	0.007426	3.288418
-0.004400	-0.007423	0.999963	-0.032048
0.000000	0.000000	0.000000	1.000000
19	499	1770
-0.365371	0.922114	-0.127316	-4.758341
-0.930847	-0.361151	0.055619	-15.557826
0.005307	0.138833	0.990302	1.475080
0.000000	0.000000	0.000000	1.000000
649	1539	1770
0.857364	-0.009994	-0.514614	10.638187
0.216196	0.914329	0.342434	-2.421518
0.467104	-0.404849	0.786073	4.540997
0.000000	0.000000	0.000000	1.000000
364	1399	1770
0.999987	-0.002405	-0.004494	4.897134
0.002391	0.999993	-0.002974	1.671924
0.004501	0.002963	0.999985	0.044981
0.000000	0.000000	0.000000	1.000000
24	1744	1770
0.918907	0.363448	0.153348	-17.899671
-0.344306	0.928679	-0.137870	-4.442733
-0.192520	0.073891	0.978507	0.906836
0.000000	0.000000	0.000000	1.000000
1109	1114	1770
0.969035	0.002206	-0.246912	-27.307270
-0.060512	0.971590	-0.228805	0.487792
0.239392	0.236661	0.941638	-5.477587
0.000000	0.000000	0.000000	1.000000
24	1264	1770
0.999824	-0.001582	0.018708	10.324157
0.001505	0.999990	0.004165	3.902619
-0.018715	-0.004136	0.999816	-0.181125
0.000000	0.000000	0.000000	1.000000
1489	1514	1770
0.627657	0.587903	-0.510311	-21.451781
0.622570	-0.772619	-0.124365	-2.256674
-0.467390	-0.239645	-0.850950	2.623646
0.000000	0.000000	0.000000	1.000000
359	1404	1770
0.999959	-0.000623	-0.009005	6.162267
0.000562	0.999977	-0.006734	2.258351
0.009009	0.006729	0.999937	0.334038
0.000000	0.000000	0.000000	1.000000
734	1739	1770
-0.940226	0.330163	0.083471	11.900069
-0.333957	-0.941896	-0.036128	7.419654
0.066693	-0.061844	0.995855	-1.098176
0.000000	0.000000	0.000000	1.000000
564	1199	1770
0.999999	0.000287	0.001191	-1.684073
-0.000278	0.999970	-0.007692	-2.625795
-0.001193	0.007692	0.999970	-0.010082
0.000000	0.000000	0.000000	1.000000
279	1484	1770
0.999699	0.018396	0.016241	10.679190
-0.018692	0.999658	0.018293	2.551658
-0.015899	-0.018591	0.999701	0.134484
0.000000	0.000000	0.000000	1.000000
214	1404	1770
0.191052	0.973534	-0.125422	-6.072059
0.974981	-0.203003	-0.090567	17.730213
-0.113631	-0.104981	-0.987961	-5.338186
0.000000	0.000000	0.000000	1.000000
144	1619	1770
0.999953	0.007821	0.005703	2.912820
-0.007823	0.999969	0.000344	-3.752380
-0.005700	-0.000389	0.999984	-0.186525
0.000000	0.000000	0.000000	1.000000
799	964	1770
0.999976	-0.006564	-0.002074	-3.067972
0.006578	0.999954	0.006957	6.126162
0.002028	-0.006970	0.999974	-0.002742
0.000000	0.000000	0.000000	1.000000
284	1479	1770
0.999992	-0.002082	0.003452	-1.616322
0.002102	0.999980	-0.005968	-4.397248
-0.003440	0.005975	0.999976	-0.273886
0.000000	0.000000	0.000000	1.000000
1119	1124	1770
-0.270705	-0.179208	-0.945835	7.883650
-0.156481	-0.961261	0.226917	-12.359099
-0.949859	0.209433	0.232175	-5.431138
0.000000	0.000000	0.000000	1.000000
774	989	1770
0.999826	0.004544	-0.018101	-2.462374
-0.004164	0.999772	0.020935	3.190839
0.018192	-0.020856	0.999617	-0.124803
0.000000	0.000000	0.000000	1.000000
314	1449	1770
0.999994	0.000405	0.003457	-4.046622
-0.000410	0.999999	0.001490	1.313991
-0.003457	-0.001492	0.999993	0.033572
0.000000	0.000000	0.000000	1.000000
934	1694	1770
0.999998	0.002037	-0.000313	-0.709800
-0.002032	0.999919	0.012547	-3.424089
0.000338	-0.012546	0.999921	-0.006632
0.000000	0.000000	0.000000	1.000000
769	994	1770
0.999926	-0.010533	-0.006076	-8.104270
0.010585	0.999906	0.008694	17.040708
0.005983	-0.008758	0.999944	-0.179171
0.000000	0.000000	0.000000	1.000000
189	1574	1770
0.999954	-0.006884	-0.006608	-1.716414
0.006753	0.999786	-0.019562	-7.352411
0.006741	0.019516	0.999787	-0.243383
0.000000	0.000000	0.000000	1.000000
24	1269	1770
0.954497	0.037278	0.295883	-5.323883
-0.040133	0.999188	0.003579	-3.196580
-0.295509	-0.015290	0.955218	3.732465
0.000000	0.000000	0.000000	1.000000
1444	1569	1770
-0.370389	0.928812	0.010963	21.933366
-0.901961	-0.356810	-0.243214	6.254501
-0.221989	-0.099972	0.969911	-1.901595
0.000000	0.000000	0.000000	1.000000
504	1734	1770
0.999952	0.007362	0.006463	4.968913
-0.007377	0.999970	0.002209	2.232986
-0.006447	-0.002256	0.999977	-0.010146
0.000000	0.000000	0.000000	1.000000
1269	1739	1770
0.850026	0.450689	-0.272645	20.697662
-0.503211	0.847785	-0.167452	9.835899
0.155675	0.279536	0.947431	-1.688316
0.000000	0.000000	0.000000	1.000000
494	499	1770
0.993251	-0.115854	0.005487	11.377641
0.115956	0.990872	-0.068746	9.903958
0.002528	0.068918	0.997619	-0.568408
0.000000	0.000000	0.000000	1.000000
174	1429	1770
0.163050	-0.986580	-0.008649	-13.651782
0.451767	0.066864	0.889627	-3.205712
-0.877109	-0.148961	0.456607	-18.746721
0.000000	0.000000	0.000000	1.000000
1264	1269	1770
0.787301	-0.609982	-0.089885	-3.580097
0.615669	0.769874	0.168067	-12.107645
-0.033318	-0.187659	0.981669	3.923203
0.000000	0.000000	0.000000	1.000000
124	1639	1770
0.999999	0.000794	-0.001461	1.305937
-0.000797	0.999998	-0.002011	0.675802
0.001460	0.002012	0.999997	0.105488
0.000000	0.000000	0.000000	1.000000
159	1604	1770
0.999980	-0.000982	-0.006288	1.395288
0.000948	0.999985	-0.005460	-4.314170
0.006294	0.005454	0.999965	0.043742
0.000000	0.000000	0.000000	1.000000
214	1264	1770
-0.537330	-0.799942	-0.267151	-13.114631
0.625092	-0.590396	0.510580	7.525294
-0.566159	0.107355	0.817275	-6.875222
0.000000	0.000000	0.000000	1.000000
604	1159	1770
0.999993	-0.003188	-0.002034	5.394747
0.003191	0.999994	0.001404	-11.693153
0.002030	-0.001411	0.999997	-0.078163
0.000000	0.000000	0.000000	1.000000
79	839	1770
0.999987	0.004908	-0.001005	-0.049076
-0.004893	0.999881	0.014620	5.862933
0.001077	-0.014615	0.999893	0.013183
0.000000	0.000000	0.000000	1.000000
34	509	1770
0.999763	0.016318	-0.014424	-0.578711
-0.016116	0.999772	0.013987	-0.340545
0.014648	-0.013751	0.999798	-0.047723
0.000000	0.000000	0.000000	1.000000
1439	1559	1770
0.923057	0.313943	0.222272	7.831020
-0.275736	0.942923	-0.186726	12.687966
-0.268206	0.111071	0.956937	-2.362539
0.000000	0.000000	0.000000	1.000000
219	1544	1770
0.999544	-0.028171	-0.010867	-10.166704
0.028097	0.999582	-0.006876	-4.209851
0.011056	0.006567	0.999917	0.036714
0.000000	0.000000	0.000000	1.000000
734	1264	1770
0.857911	0.500939	0.114233	17.323568
-0.510523	0.856171	0.079609	-7.217939
-0.057923	-0.126616	0.990259	-0.603902
0.000000	0.000000	0.000000	1.000000
639	1124	1770
0.999931	-0.009502	0.006836	-7.441274
0.009507	0.999955	-0.000722	-1.533821
-0.006829	0.000787	0.999976	-0.020514
0.000000	0.000000	0.000000	1.000000
654	1109	1770
0.999992	-0.003817	0.000688	7.208758
0.003817	0.999993	-0.000432	2.594921
-0.000686	0.000435	1.000000	0.074837
0.000000	0.000000	0.000000	1.000000
19	1739	1770
-0.305845	0.941430	0.142017	-9.322715
-0.927055	-0.328450	0.180804	-16.949877
0.216859	-0.076359	0.973212	3.496608
0.000000	0.000000	0.000000	1.000000
214	1739	1770
-0.842869	-0.427797	0.326438	7.384432
-0.520800	0.495842	-0.694915	3.004461
0.135421	-0.755732	-0.640727	11.755389
0.000000	0.000000	0.000000	1.000000
499	1739	1770
0.999985	-0.005319	-0.001132	4.696577
0.005315	0.999981	-0.003181	1.758444
0.001148	0.003175	0.999994	-0.054332
0.000000	0.000000	0.000000	1.000000
254	1509	1770
0.999798	0.020068	0.001494	5.555089
-0.020085	0.999716	0.012790	0.924053
-0.001237	-0.012818	0.999917	0.020302
0.000000	0.000000	0.000000	1.000000
1249	1724	1770
0.999998	0.001764	-0.001054	-1.397745
-0.001753	0.999949	0.009964	6.097362
0.001072	-0.009962	0.999950	-0.214807
0.000000	0.000000	0.000000	1.000000
24	734	1770
-0.423618	0.220640	0.878559	12.225819
0.769425	0.599493	0.220441	-11.258040
-0.478051	0.769368	-0.423722	12.122345
0.000000	0.000000	0.000000	1.000000
734	1744	1770
-0.892100	-0.332389	0.306064	28.189555
0.366910	-0.928229	0.061384	10.225627
0.263694	0.167059	0.950030	-8.144240
0.000000	0.000000	0.000000	1.000000
249	1514	1770
0.999631	0.025020	0.010568	2.471339
-0.024987	0.999682	-0.003322	-0.077625
-0.010648	0.003057	0.999939	0.024810
0.000000	0.000000	0.000000	1.000000
659	1104	1770
0.999996	0.001316	-0.002508	6.614238
-0.001323	0.999996	-0.002473	4.313446
0.002505	0.002477	0.999994	-0.040635
0.000000	0.000000	0.000000	1.000000
474	1299	1770
0.983321	0.092050	-0.156864	-6.906805
-0.060675	0.979085	0.194194	-5.101850
0.171458	-0.181437	0.968340	-1.201537
0.000000	0.000000	0.000000	1.000000
1019	1024	1770
0.951909	-0.250211	-0.176814	5.041174
0.261226	0.964378	0.041657	3.869319
0.160092	-0.085842	0.983362	2.644939
0.000000	0.000000	0.000000	1.000000
1244	1719	1770
0.999986	0.005223	0.000373	-2.975668
-0.005224	0.999981	0.003300	-0.021166
-0.000356	-0.003302	0.999994	-0.153961
0.000000	0.000000	0.000000	1.000000
724	1014	1770
0.874665	-0.127520	0.467654	-2.510477
0.456480	0.541231	-0.706183	-14.057414
-0.163056	0.831148	0.531606	-11.662737
0.000000	0.000000	0.000000	1.000000
674	1559	1770
-0.771963	-0.604246	0.197381	-10.744328
-0.561450	0.793732	0.234016	4.013368
-0.298071	0.069833	-0.951986	1.079747
0.000000	0.000000	0.000000	1.000000
929	1689	1770
0.999982	0.005358	-0.002598	-0.017884
-0.005347	0.999977	0.004157	-2.987343
0.002620	-0.004143	0.999988	-0.003045
0.000000	0.000000	0.000000	1.000000
734	1269	1770
-1.000000	0.000000	0.000000	33.041420
0.000000	-1.000000	0.000000	18.003371
0.000000	0.000000	1.000000	-5.484365
0.000000	0.000000	0.000000	1.000000
414	1349	1770
0.999977	0.006835	-0.000364	-1.909809
-0.006843	0.999603	-0.027339	8.684581
0.000177	0.027341	0.999626	0.334972
0.000000	0.000000	0.000000	1.000000
1739	1744	1770
0.975015	0.108185	0.194014	-21.191650
-0.129194	0.986656	0.099093	-8.988548
-0.180705	-0.121683	0.975981	1.941062
0.000000	0.000000	0.000000	1.000000
29	559	1770
0.975826	0.214801	-0.040297	4.962403
-0.209168	0.971370	0.112647	1.521595
0.063340	-0.101495	0.992818	1.218043
0.000000	0.000000	0.000000	1.000000
744	1024	1770
0.999798	-0.014970	0.013409	39.234317
0.014952	0.999887	0.001492	15.839180
-0.013430	-0.001292	0.999909	-0.675103
0.000000	0.000000	0.000000	1.000000
1029	1209	1770
0.496540	0.812773	-0.304710	-2.511187
-0.830943	0.343588	-0.437586	-13.487311
-0.250964	0.470475	0.845973	-5.223153
0.000000	0.000000	0.000000	1.000000
89	1674	1770
0.999988	0.004939	-0.000313	-0.566980
-0.004939	0.999988	-0.000408	-10.832066
0.000311	0.000409	1.000000	0.334244
0.000000	0.000000	0.000000	1.000000
1289	1299	1770
0.999993	-0.003468	0.001010	-16.030666
0.003453	0.999894	0.014113	-12.234680
-0.001059	-0.014110	0.999900	-0.021555
0.000000	0.000000	0.000000	1.000000
244	1519	1770
0.999742	-0.022254	0.004525	3.276818
0.022233	0.999742	0.004643	-0.077854
-0.004627	-0.004541	0.999979	-0.019482
0.000000	0.000000	0.000000	1.000000
649	1109	1770
0.905887	0.419688	-0.056844	-16.762390
0.226536	-0.366761	0.902313	-11.559346
0.357842	-0.830270	-0.427318	17.863082
0.000000	0.000000	0.000000	1.000000
119	159	1770
-0.997019	0.017372	0.075174	-2.399744
0.010353	-0.935388	0.353472	6.756267
0.076458	0.353197	0.932420	-0.989324
0.000000	0.000000	0.000000	1.000000
549	1229	1770
0.941391	0.330802	0.065971	-7.923072
-0.322808	0.940245	-0.108328	8.986639
-0.097864	0.080683	0.991924	0.496802
0.000000	0.000000	0.000000	1.000000
449	1314	1770
0.999954	-0.004503	0.008518	-2.380812
0.004641	0.999856	-0.016306	3.154705
-0.008443	0.016345	0.999831	0.074571
0.000000	0.000000	0.000000	1.000000
494	1739	1770
-0.889127	0.454938	-0.049845	-9.567208
-0.454622	-0.890499	-0.018162	-4.884229
-0.052650	0.006512	0.998592	-0.540747
0.000000	0.000000	0.000000	1.000000
644	1124	1770
-0.890980	-0.037126	-0.452522	13.903712
0.026870	-0.999216	0.029073	-10.187683
-0.453246	0.013745	0.891279	7.459104
0.000000	0.000000	0.000000	1.000000
174	1589	1770
0.999916	0.003991	0.012315	0.284770
-0.003994	0.999992	0.000244	-0.068257
-0.012314	-0.000293	0.999924	0.036138
0.000000	0.000000	0.000000	1.000000
499	1744	1770
0.953212	0.281252	0.110835	5.662632
-0.302069	0.900578	0.312592	-0.308958
-0.011898	-0.331446	0.943399	2.821255
0.000000	0.000000	0.000000	1.000000
1214	1229	1770
0.956980	-0.226216	0.181705	11.533987
0.229070	0.973395	0.005406	-4.551108
-0.178093	0.036450	0.983338	0.042398
0.000000	0.000000	0.000000	1.000000
534	779	1770
0.901180	0.430554	-0.049986	0.000236
-0.433362	0.892730	-0.123408	4.999187
-0.008509	0.132874	0.991096	-3.105325
0.000000	0.000000	0.000000	1.000000
214	734	1770
0.937118	0.337012	0.090735	13.013621
-0.303806	0.915652	-0.263217	0.426671
-0.171789	0.219099	0.960460	-2.134335
0.000000	0.000000	0.000000	1.000000
49	809	1770
0.999934	-0.011384	-0.001598	0.556275
0.011438	0.999146	0.039698	6.619921
0.001144	-0.039714	0.999210	0.979848
0.000000	0.000000	0.000000	1.000000
214	559	1770
-0.989584	-0.136684	0.045171	1.738858
0.140326	-0.845915	0.514525	14.518237
-0.032117	0.515504	0.856285	-3.015601
0.000000	0.000000	0.000000	1.000000
954	1714	1770
0.999988	-0.002923	0.003911	-3.222439
0.002925	0.999996	-0.000454	0.362395
-0.003909	0.000466	0.999992	-0.338805
0.000000	0.000000	0.000000	1.000000
199	1564	1770
0.999273	0.020173	-0.032337	-3.322338
-0.020529	0.999732	-0.010703	-0.371649
0.032112	0.011359	0.999420	-0.045922
0.000000	0.000000	0.000000	1.000000
324	1484	1770
0.250679	-0.864297	-0.436062	5.140629
0.922838	0.349430	-0.162076	5.710370
0.292456	-0.361785	0.885201	0.855761
0.000000	0.000000	0.000000	1.000000
1409	1594	1770
0.177446	0.977182	-0.116737	-3.322079
-0.937702	0.203885	0.281328	20.230436
0.298710	0.059544	0.952485	-3.711747
0.000000	0.000000	0.000000	1.000000
319	1569	1770
0.168811	0.970209	0.173774	17.488856
-0.879125	0.227930	-0.418553	9.999402
-0.445692	-0.082113	0.891412	-3.217283
0.000000	0.000000	0.000000	1.000000
779	984	1770
0.999933	-0.011614	-0.000297	-6.504948
0.011614	0.999931	0.002016	6.158720
0.000274	-0.002019	0.999998	0.043911
0.000000	0.000000	0.000000	1.000000
1114	1539	1770
-0.604710	0.729744	-0.319060	-14.445956
0.173492	0.511679	0.841478	-14.677350
0.777320	0.453496	-0.436022	30.053668
0.000000	0.000000	0.000000	1.000000
214	1629	1770
0.920462	0.369709	0.126750	-19.572419
-0.359912	0.928252	-0.093871	13.797171
-0.152361	0.040786	0.987483	11.711610
0.000000	0.000000	0.000000	1.000000
24	559	1770
-0.987372	-0.093432	-0.127937	-0.528076
0.080571	-0.991489	0.102264	2.521065
-0.136403	0.090665	0.986496	-0.519523
0.000000	0.000000	0.000000	1.000000
329	1434	1770
0.999999	-0.000196	-0.001624	-4.794989
0.000201	0.999995	0.003187	-0.740572
0.001624	-0.003188	0.999994	-0.042687
0.000000	0.000000	0.000000	1.000000
169	1444	1770
0.186969	0.969478	0.158601	9.573290
-0.973921	0.204054	-0.099197	-14.916647
-0.128533	-0.135917	0.982347	-3.581650
0.000000	0.000000	0.000000	1.000000
214	1409	1770
0.110560	0.850483	0.514252	-7.092770
-0.509655	0.492729	-0.705316	-6.183190
-0.853246	-0.184112	0.487929	-19.440980
0.000000	0.000000	0.000000	1.000000
624	1699	1770
0.925556	-0.376634	0.038649	-3.438333
0.376295	0.926362	0.015986	5.881697
-0.041824	-0.000253	0.999125	-0.029495
0.000000	0.000000	0.000000	1.000000
1404	1409	1770
0.867173	0.252555	-0.429216	-3.206291
0.475389	-0.676584	0.562352	12.263107
-0.148376	-0.691701	-0.706777	10.658610
0.000000	0.000000	0.000000	1.000000
919	1679	1770
0.999969	0.007626	-0.001770	0.303441
-0.007617	0.999959	0.004989	0.576810
0.001808	-0.004975	0.999986	0.049736
0.000000	0.000000	0.000000	1.000000
179	559	1770
-0.824888	-0.295370	-0.481993	-20.581729
0.402205	-0.905801	-0.133254	-6.095357
-0.397230	-0.303779	0.865983	-1.960227
0.000000	0.000000	0.000000	1.000000
214	1014	1770
1.000000	0.000000	0.000000	-13.131217
0.000000	-1.000000	0.000000	-10.008240
0.000000	0.000000	-1.000000	4.670001
0.000000	0.000000	0.000000	1.000000
544	1219	1770
0.999968	-0.000220	0.008018	5.099922
0.000272	0.999979	-0.006467	-5.205731
-0.008017	0.006469	0.999947	0.076202
0.000000	0.000000	0.000000	1.000000
204	1439	1770
0.772252	-0.574626	0.270984	-6.930382
0.619112	0.776385	-0.118013	-12.959100
-0.142574	0.258905	0.955322	-1.925181
0.000000	0.000000	0.000000	1.000000
574	1494	1770
0.920004	-0.035388	0.390309	3.901069
-0.089933	0.950276	0.298141	-5.275020
-0.381452	-0.309393	0.871074	-1.212562
0.000000	0.000000	0.000000	1.000000
494	1744	1770
0.999959	0.003928	0.008143	4.099743
-0.003976	0.999975	0.005886	3.929504
-0.008120	-0.005918	0.999950	-0.040367
0.000000	0.000000	0.000000	1.000000
29	1264	1770
0.597902	0.387290	0.701798	6.134272
-0.628051	0.770366	0.109944	1.588936
-0.498061	-0.506501	0.703841	-2.174494
0.000000	0.000000	0.000000	1.000000
24	29	1770
0.995822	0.071723	0.056516	3.388910
-0.070173	0.997115	-0.028938	0.814486
-0.058429	0.024852	0.997982	-0.174247
0.000000	0.000000	0.000000	1.000000
19	504	1770
-0.733624	-0.675779	0.071551	16.723040
-0.678902	0.724224	-0.120795	13.393222
0.029812	-0.137195	-0.990095	8.794080
0.000000	0.000000	0.000000	1.000000
1629	1739	1770
-0.936255	0.034797	-0.349593	7.644032
-0.350362	-0.019048	0.936421	-19.193706
0.025925	0.999213	0.030025	-11.831838
0.000000	0.000000	0.000000	1.000000
214	359	1770
-0.977814	0.043254	-0.204960	-22.757805
0.126860	0.900890	-0.415095	-6.601984
0.166691	-0.431887	-0.886390	9.363267
0.000000	0.000000	0.000000	1.000000
19	1264	1770
-0.106651	0.978383	0.177182	-8.746580
-0.294461	-0.201283	0.934226	-5.762239
0.949694	0.047463	0.309563	6.965528
0.000000	0.000000	0.000000	1.000000
1264	1744	1770
0.947622	0.134981	0.289471	-17.852928
-0.171952	0.979361	0.106229	-6.670798
-0.269158	-0.150440	0.951274	6.734424
0.000000	0.000000	0.000000	1.000000
499	559	1770
-0.838353	-0.544952	0.013856	-13.677649
0.544344	-0.838239	-0.032321	2.302098
0.029228	-0.019555	0.999381	0.249918
0.000000	0.000000	0.000000	1.000000
779	1229	1770
0.937776	-0.344852	-0.040656	5.022969
0.321972	0.907400	-0.270111	-6.452457
0.130040	0.240214	0.961970	-1.244741
0.000000	0.000000	0.000000	1.000000
444	1319	1770
0.999938	-0.007145	0.008526	-3.617887
0.007171	0.999970	-0.003005	4.482990
-0.008505	0.003066	0.999959	-0.001425
0.000000	0.000000	0.000000	1.000000
1404	1629	1770
-0.158228	-0.978289	0.133842	-8.757424
-0.866840	0.072719	-0.493254	8.429811
0.472812	-0.194066	-0.859527	-8.975866
0.000000	0.000000	0.000000	1.000000
1129	1424	1770
-0.676279	-0.700716	-0.227253	3.743749
0.734019	-0.614970	-0.288146	4.475888
0.062154	-0.361675	0.930230	11.410858
0.000000	0.000000	0.000000	1.000000
359	1734	1770
0.937908	-0.054644	0.342554	-0.609591
0.189863	0.907331	-0.375103	-17.687140
-0.290313	0.416851	0.861368	0.655539
0.000000	0.000000	0.000000	1.000000
639	1114	1770
0.967633	0.251783	0.017091	-36.529963
-0.250927	0.952701	0.171457	-5.960839
0.026887	-0.170196	0.985043	1.640140
0.000000	0.000000	0.000000	1.000000
214	504	1770
-0.478039	-0.318801	-0.818440	3.927170
-0.071672	-0.914539	0.398096	0.683865
-0.875409	0.248965	0.414336	-0.887210
0.000000	0.000000	0.000000	1.000000
1024	1439	1770
-0.994745	0.102265	0.004990	-6.994927
-0.102366	-0.992394	-0.068371	16.298678
-0.002040	-0.068522	0.997648	0.211019
0.000000	0.000000	0.000000	1.000000
519	1719	1770
0.999976	0.006858	-0.001103	-0.513033
-0.006858	0.999976	-0.000505	-3.549129
0.001099	0.000513	0.999999	-0.100657
0.000000	0.000000	0.000000	1.000000
714	794	1770
-0.914914	0.360300	0.181979	9.805986
-0.390156	-0.904953	-0.169821	1.127137
0.103496	-0.226372	0.968527	-3.373750
0.000000	0.000000	0.000000	1.000000
19	559	1770
0.009047	0.849872	0.526911	0.328994
0.993240	-0.068618	0.093622	16.297799
0.115722	0.522502	-0.844748	9.892083
0.000000	0.000000	0.000000	1.000000
259	1504	1770
0.999862	-0.015986	-0.004576	0.602581
0.015922	0.999779	-0.013741	0.182808
0.004795	0.013666	0.999895	-0.112910
0.000000	0.000000	0.000000	1.000000
1014	1439	1770
0.458114	-0.827616	-0.324319	12.017756
-0.880723	-0.471967	-0.039664	3.273032
-0.120242	0.303806	-0.945116	6.102147
0.000000	0.000000	0.000000	1.000000
1614	1644	1770
0.996165	-0.000171	0.087497	1.798761
-0.000555	0.999966	0.008270	-4.663794
-0.087496	-0.008287	0.996130	-0.028021
0.000000	0.000000	0.000000	1.000000
19	1744	1770
0.999976	0.006645	0.002198	3.989258
-0.006654	0.999969	0.004121	5.442643
-0.002170	-0.004136	0.999989	-0.532230
0.000000	0.000000	0.000000	1.000000
674	1404	1770
0.502870	0.812238	0.295621	-1.434110
-0.863200	0.454181	0.220467	-1.491868
0.044806	-0.366046	0.929518	-2.078788
0.000000	0.000000	0.000000	1.000000
274	1489	1770
0.999652	0.024363	-0.010093	4.624730
-0.024391	0.999699	-0.002653	-1.385765
0.010025	0.002898	0.999946	0.238938
0.000000	0.000000	0.000000	1.000000
734	1629	1770
-0.818678	-0.287415	0.497150	30.886790
-0.301885	-0.521048	-0.798358	33.352757
0.488499	-0.803680	0.339804	-11.315975
0.000000	0.000000	0.000000	1.000000
169	1409	1770
-0.049327	0.620795	0.782420	3.495346
0.996810	0.079805	-0.000476	2.551734
-0.062736	0.779901	-0.622751	0.065906
0.000000	0.000000	0.000000	1.000000
494	734	1770
0.413261	0.425530	0.805071	-14.358562
-0.379696	-0.723052	0.577085	5.118446
0.827675	-0.544169	-0.137237	-9.925166
0.000000	0.000000	0.000000	1.000000
29	1739	1770
0.530002	-0.831828	-0.164803	-13.204239
0.805435	0.554599	-0.209033	-22.364100
0.265279	-0.021950	0.963922	-4.808419
0.000000	0.000000	0.000000	1.000000
359	504	1770
-0.169300	-0.916205	0.363188	5.199866
0.205301	-0.393208	-0.896236	-6.280599
0.963944	-0.077170	0.254668	-10.565598
0.000000	0.000000	0.000000	1.000000
354	364	1770
0.825787	0.563661	0.019043	-5.924838
-0.508826	0.730038	0.456223	-7.298651
0.243253	-0.386433	0.889662	3.182456
0.000000	0.000000	0.000000	1.000000
24	504	1770
-0.822754	-0.542118	0.170833	0.608303
0.377134	-0.745525	-0.549511	24.162252
0.425260	-0.387685	0.817835	8.973915
0.000000	0.000000	0.000000	1.000000
324	1409	1770
-0.286101	-0.823150	-0.490481	34.461207
0.756024	0.120571	-0.643343	2.886916
0.588705	-0.554876	0.587826	2.384623
0.000000	0.000000	0.000000	1.000000
674	1439	1770
-0.629587	0.312480	-0.711321	-10.589594
0.285309	-0.758596	-0.585773	22.309058
-0.722647	-0.571741	0.388449	24.273439
0.000000	0.000000	0.000000	1.000000
239	1029	1770
-0.294912	-0.073486	0.952695	-1.702997
0.955257	-0.046248	0.292138	-12.761256
0.022592	0.996223	0.083838	-5.635846
0.000000	0.000000	0.000000	1.000000
214	674	1770
0.729044	0.407551	0.549906	-6.545511
-0.539086	0.836942	0.094418	-13.326288
-0.421759	-0.365282	0.829873	-2.512872
0.000000	0.000000	0.000000	1.000000
504	1034	1770
-0.979807	-0.189679	-0.063251	-2.712136
0.199019	-0.955619	-0.217221	0.341675
-0.019242	-0.225422	0.974071	-2.799052
0.000000	0.000000	0.000000	1.000000
29	214	1770
0.102733	0.215236	0.971143	-32.806245
-0.058258	-0.973331	0.221884	10.840117
0.993001	-0.079372	-0.087454	-20.083565
0.000000	0.000000	0.000000	1.000000
429	1334	1770
0.999995	-0.002246	0.002354	-5.246501
0.002259	0.999983	-0.005415	4.585125
-0.002342	0.005420	0.999983	-0.051640
0.000000	0.000000	0.000000	1.000000
674	1409	1770
-0.753357	-0.597449	-0.274786	6.934105
0.339790	-0.711402	0.615183	14.034349
-0.563024	0.370083	0.738947	5.018683
0.000000	0.000000	0.000000	1.000000
179	504	1770
0.805336	0.591724	0.036019	-15.879645
0.562692	-0.782119	0.267709	-6.769468
0.186580	-0.195328	-0.962826	8.072429
0.000000	0.000000	0.000000	1.000000
1424	1544	1770
0.914493	0.396599	-0.080077	0.777695
-0.381022	0.910739	0.159304	-4.715902
0.136109	-0.115171	0.983977	1.462385
0.000000	0.000000	0.000000	1.000000
674	744	1770
0.521278	0.847335	-0.101455	8.826128
-0.735145	0.506243	0.450865	2.619894
0.433395	-0.160442	0.886807	-0.640404
0.000000	0.000000	0.000000	1.000000
19	179	1770
0.982786	-0.124384	-0.136606	-6.473669
0.141081	0.982670	0.120231	-2.169409
0.119284	-0.137434	0.983302	-2.517537
0.000000	0.000000	0.000000	1.000000
494	504	1770
0.568240	-0.800419	-0.190876	2.257103
-0.809381	-0.585502	0.045706	7.078105
-0.148342	0.128519	-0.980550	6.326621
0.000000	0.000000	0.000000	1.000000
19	734	1770
0.262565	-0.929723	-0.258214	-5.466291
0.951429	0.204870	0.229808	-31.838227
-0.160757	-0.306012	0.938357	5.784903
0.000000	0.000000	0.000000	1.000000
204	724	1770
0.306710	0.887354	0.344285	-2.967583
-0.951031	0.271150	0.148380	-1.601746
0.038313	-0.372936	0.927066	4.136986
0.000000	0.000000	0.000000	1.000000
269	1494	1770
0.999997	0.002258	0.000745	4.154004
-0.002260	0.999991	0.003467	-2.997509
-0.000737	-0.003469	0.999994	-0.010540
0.000000	0.000000	0.000000	1.000000
1104	1129	1770
0.999372	-0.006118	-0.034915	3.224789
0.009242	0.995898	0.090014	5.003932
0.034221	-0.090280	0.995328	-0.426467
0.000000	0.000000	0.000000	1.000000
769	1164	1770
0.821853	0.541494	0.177038	-3.363280
0.563911	-0.817414	-0.117640	11.030300
0.081012	0.196516	-0.977148	7.468669
0.000000	0.000000	0.000000	1.000000
29	1259	1770
0.999998	-0.001886	0.000027	10.348863
0.001886	0.999984	0.005359	4.195559
-0.000037	-0.005359	0.999986	0.111255
0.000000	0.000000	0.000000	1.000000
1264	1404	1770
0.426273	0.903673	-0.040814	12.514405
-0.209716	0.142613	0.967306	3.914324
0.879949	-0.403777	0.250307	12.783523
0.000000	0.000000	0.000000	1.000000
24	1629	1770
0.430092	-0.810868	-0.396881	4.109356
-0.402819	-0.565796	0.719453	5.885456
-0.807935	-0.149560	-0.569977	5.167729
0.000000	0.000000	0.000000	1.000000
1259	1264	1770
0.995479	-0.068662	0.065634	-13.015097
0.069873	0.997422	-0.016334	-5.528330
-0.064343	0.020846	0.997710	-0.628312
0.000000	0.000000	0.000000	1.000000
179	1584	1770
0.998366	-0.013482	0.055531	-9.540390
0.012646	0.999802	0.015370	-3.296487
-0.055727	-0.014643	0.998339	0.377816
0.000000	0.000000	0.000000	1.000000
19	29	1770
0.983686	-0.041725	0.174987	7.720765
0.009155	0.983080	0.182946	10.394692
-0.179660	-0.178360	0.967424	0.726370
0.000000	0.000000	0.000000	1.000000
499	1264	1770
0.999932	-0.003423	0.011168	5.907662
0.003352	0.999974	0.006392	2.365769
-0.011189	-0.006355	0.999917	-0.096828
0.000000	0.000000	0.000000	1.000000
504	1404	1770
-0.983613	0.033110	0.177229	-0.862212
-0.014377	-0.994267	0.105958	0.697317
0.179721	0.101673	0.978449	3.837202
0.000000	0.000000	0.000000	1.000000
29	1734	1770
0.999962	0.004131	0.007680	8.644658
-0.004157	0.999986	0.003309	3.506649
-0.007666	-0.003341	0.999965	0.044012
0.000000	0.000000	0.000000	1.000000
494	1264	1770
0.780674	-0.593299	-0.196326	10.378076
0.597450	0.800698	-0.044005	16.085594
0.183306	-0.082942	0.979551	3.011052
0.000000	0.000000	0.000000	1.000000
219	1434	1770
0.959309	0.007108	0.282268	-21.474722
-0.277886	0.200971	0.939356	-0.096506
-0.050050	-0.979572	0.194768	4.340170
0.000000	0.000000	0.000000	1.000000
359	1629	1770
-1.000000	0.000000	0.000000	21.686023
0.000000	-1.000000	0.000000	11.153338
0.000000	0.000000	1.000000	-3.567313
0.000000	0.000000	0.000000	1.000000
1404	1439	1770
0.878148	0.070628	-0.473146	0.161826
-0.040646	0.996481	0.073308	0.707192
0.476658	-0.045144	0.877929	2.362932
0.000000	0.000000	0.000000	1.000000
1014	1629	1770
0.175221	0.456697	-0.872196	-2.674530
0.982084	-0.143472	0.122173	-8.922387
-0.069340	-0.877977	-0.473654	15.354602
0.000000	0.000000	0.000000	1.000000
1004	1374	1770
0.940077	-0.225035	-0.256153	4.008738
0.148393	0.946415	-0.286842	-0.555006
0.306976	0.231643	0.923097	1.286064
0.000000	0.000000	0.000000	1.000000
1264	1629	1770
0.805466	0.008241	-0.592584	6.873900
0.552173	0.352719	0.755443	6.762682
0.215241	-0.935693	0.279553	19.116888
0.000000	0.000000	0.000000	1.000000
549	1454	1770
-0.681865	0.717519	0.142221	-10.661048
-0.731453	-0.667225	-0.140670	20.063999
-0.006040	-0.199945	0.979788	1.358300
0.000000	0.000000	0.000000	1.000000
639	649	1770
-1.000000	0.000000	0.000000	-20.086843
0.000000	-1.000000	0.000000	-37.693611
0.000000	0.000000	1.000000	1.086467
0.000000	0.000000	0.000000	1.000000
634	1424	1770
0.653364	-0.730434	-0.198950	6.810499
0.678685	0.448713	0.581414	-17.389676
-0.335413	-0.514900	0.788908	1.427986
0.000000	0.000000	0.000000	1.000000
309	549	1770
0.913017	-0.333707	-0.234606	-0.001436
0.161953	0.824392	-0.542355	-17.247681
0.374395	0.457183	0.806729	9.658462
0.000000	0.000000	0.000000	1.000000
549	779	1770
0.998107	-0.000409	0.061503	-8.985223
-0.004000	0.997429	0.071549	12.561988
-0.061374	-0.071659	0.995539	0.280555
0.000000	0.000000	0.000000	1.000000
519	1244	1770
0.999996	-0.001293	-0.002428	2.496239
0.001286	0.999995	-0.002811	-3.573613
0.002432	0.002808	0.999993	0.045750
0.000000	0.000000	0.000000	1.000000
204	1014	1770
0.910427	0.258698	-0.322797	-4.467760
0.334233	-0.919809	0.205524	-11.046737
-0.243743	-0.295004	-0.923884	7.378294
0.000000	0.000000	0.000000	1.000000
1024	1409	1770
0.733805	-0.093985	0.672828	7.987570
-0.016034	0.987713	0.155457	4.355915
-0.679171	-0.124863	0.723281	-4.763093
0.000000	0.000000	0.000000	1.000000
214	1024	1770
-0.899872	-0.385140	0.204689	-20.522340
0.366522	-0.922142	-0.123753	-1.568219
0.236415	-0.036339	0.970972	1.568087
0.000000	0.000000	0.000000	1.000000
494	1629	1770
0.472707	0.730980	0.492155	3.936518
-0.353352	-0.354398	0.865762	7.352325
0.807274	-0.583156	0.090767	-10.539925
0.000000	0.000000	0.000000	1.000000
654	1114	1770
0.714421	-0.697227	-0.058976	-8.535003
0.699658	0.712905	0.047377	-5.381569
0.009012	-0.075111	0.997134	-0.250962
0.000000	0.000000	0.000000	1.000000
734	1569	1770
-0.428455	-0.898197	0.098329	-0.295483
0.708358	-0.401456	-0.580571	2.353000
0.560942	-0.179096	0.808250	1.262504
0.000000	0.000000	0.000000	1.000000
499	1269	1770
0.884791	-0.303620	0.353497	-2.807201
0.307422	0.950419	0.046852	-8.390874
-0.350196	0.067219	0.934261	2.634803
0.000000	0.000000	0.000000	1.000000
744	1559	1770
-0.976452	0.014353	-0.215258	-5.516100
-0.062867	-0.973411	0.220270	-0.104487
-0.206373	0.228616	0.951391	2.851904
0.000000	0.000000	0.000000	1.000000
1024	1404	1770
0.833805	0.485958	-0.261944	-5.017806
0.502692	-0.864458	-0.003600	17.640189
-0.228189	-0.128675	-0.965076	7.141887
0.000000	0.000000	0.000000	1.000000
214	1594	1770
0.885397	-0.454538	0.097302	0.712859
-0.462723	-0.841911	0.277621	10.979598
-0.044269	-0.290828	-0.955751	9.220186
0.000000	0.000000	0.000000	1.000000
1404	1739	1770
0.993877	0.051376	0.097823	-15.680825
-0.054540	0.998063	0.029942	17.871041
-0.096095	-0.035094	0.994753	-3.103041
0.000000	0.000000	0.000000	1.000000
1404	1734	1770
-0.111869	-0.907287	0.405358	-7.878431
0.992838	-0.119262	0.007062	-6.010441
0.041937	0.403245	0.914131	0.615705
0.000000	0.000000	0.000000	1.000000
1149	1159	1770
0.987737	-0.099824	-0.120041	-9.643907
0.095264	0.994516	-0.043159	15.498295
0.123691	0.031195	0.991830	0.492756
0.000000	0.000000	0.000000	1.000000
614	1149	1770
0.999934	-0.009727	-0.006126	2.193548
0.009771	0.999926	0.007188	-5.440361
0.006056	-0.007247	0.999955	0.118922
0.000000	0.000000	0.000000	1.000000
759	1374	1770
0.371744	0.923156	0.097928	12.611032
0.853053	-0.381305	0.356240	-17.051482
0.366206	-0.048892	-0.929249	5.233301
0.000000	0.000000	0.000000	1.000000
724	1629	1770
-1.000000	0.000000	0.000000	25.627398
0.000000	-1.000000	0.000000	22.260840
0.000000	0.000000	1.000000	-0.847196
0.000000	0.000000	0.000000	1.000000
214	1439	1770
-0.863172	-0.040365	-0.503294	-14.923788
-0.175014	0.958921	0.223251	13.572753
0.473608	0.280787	-0.834778	14.037016
0.000000	0.000000	0.000000	1.000000
134	1204	1770
0.176408	-0.159450	-0.971317	15.136642
0.922098	0.372042	0.106395	-4.638615
0.344406	-0.914418	0.212660	-6.575858
0.000000	0.000000	0.000000	1.000000
599	769	1770
0.795509	-0.401521	-0.453814	22.440685
-0.086088	0.666451	-0.740562	-19.530008
0.599795	0.628192	0.495602	-14.820336
0.000000	0.000000	0.000000	1.000000
634	1589	1770
0.810701	0.386814	-0.439476	-7.875735
0.582000	-0.450968	0.676686	3.769654
0.063562	-0.804365	-0.590726	1.388271
0.000000	0.000000	0.000000	1.000000
1604	1614	1770
0.991426	-0.003483	0.130626	-4.967704
0.040168	0.959369	-0.279282	17.622262
-0.124346	0.282134	0.951282	-1.275227
0.000000	0.000000	0.000000	1.000000
809	954	1770
0.999967	-0.006925	0.004157	1.772953
0.007068	0.999349	-0.035383	-9.678948
-0.003909	0.035411	0.999365	-0.276196
0.000000	0.000000	0.000000	1.000000
219	1424	1770
-0.972835	0.182307	-0.142675	-4.724220
-0.224663	-0.892156	0.391899	10.236988
-0.055843	0.413307	0.908878	-1.695549
0.000000	0.000000	0.000000	1.000000
509	1729	1770
1.000000	-0.000882	-0.000253	1.437485
0.000883	0.999990	0.004347	-0.358422
0.000249	-0.004347	0.999991	0.039748
0.000000	0.000000	0.000000	1.000000
29	179	1770
0.937017	0.212291	-0.277364	-13.088101
0.177966	0.393113	0.902103	1.124020
0.300544	-0.894648	0.330574	-5.622187
0.000000	0.000000	0.000000	1.000000
424	864	1770
-0.990882	-0.068840	0.115816	9.179030
0.043455	-0.976968	-0.208913	-29.208462
0.127530	-0.201975	0.971052	-5.633361
0.000000	0.000000	0.000000	1.000000
599	1164	1770
0.999825	-0.017223	0.007348	3.265364
0.017259	0.999839	-0.004837	-4.420345
-0.007263	0.004963	0.999961	-0.695568
0.000000	0.000000	0.000000	1.000000
794	969	1770
0.999999	-0.001716	0.000209	-4.364051
0.001716	0.999998	-0.001011	6.802117
-0.000207	0.001011	0.999999	-0.021191
0.000000	0.000000	0.000000	1.000000
824	939	1770
0.999988	-0.004836	0.000206	1.184978
0.004837	0.999965	-0.006753	-9.366922
-0.000174	0.006754	0.999977	-0.126993
0.000000	0.000000	0.000000	1.000000
559	1739	1770
0.940703	0.185519	0.284010	-4.317284
-0.317166	0.778009	0.542317	-21.020268
-0.120352	-0.600237	0.790715	3.504352
0.000000	0.000000	0.000000	1.000000
1209	1259	1770
0.752215	0.658805	-0.012192	2.881953
0.648152	-0.743130	-0.166301	3.374539
-0.118620	0.117192	-0.986000	9.723764
0.000000	0.000000	0.000000	1.000000
119	1614	1770
0.995581	0.007570	-0.093605	-4.022865
-0.007871	0.999965	-0.002841	12.233358
0.093581	0.003565	0.995605	-0.294857
0.000000	0.000000	0.000000	1.000000
829	1454	1770
-1.000000	0.000000	0.000000	42.087619
0.000000	-1.000000	0.000000	9.656976
0.000000	0.000000	1.000000	14.256479
0.000000	0.000000	0.000000	1.000000
809	1714	1770
0.999861	-0.001204	0.016654	-1.486274
0.001306	0.999980	-0.006114	-9.693114
-0.016647	0.006135	0.999843	-0.322982
0.000000	0.000000	0.000000	1.000000
1434	1544	1770
0.851169	0.507209	0.135094	-4.636084
-0.507948	0.860810	-0.031547	-1.094433
-0.132291	-0.041768	0.990330	-0.314714
0.000000	0.000000	0.000000	1.000000
734	1024	1770
-0.669671	-0.138918	-0.729549	9.948812
-0.719030	0.367099	0.590114	-6.973487
0.185839	0.919750	-0.345722	22.398126
0.000000	0.000000	0.000000	1.000000
634	1129	1770
0.999975	0.006923	-0.001348	-7.692792
-0.006914	0.999951	0.007141	-5.296241
0.001397	-0.007132	0.999974	0.169484
0.000000	0.000000	0.000000	1.000000
169	319	1770
-0.001021	-0.956223	-0.292638	6.646392
-0.975762	0.064991	-0.208961	-27.444011
0.218832	0.285332	-0.933112	9.036804
0.000000	0.000000	0.000000	1.000000
29	1269	1770
-0.419219	-0.901226	-0.109762	15.556723
0.777565	-0.294000	-0.555838	2.004576
0.468666	-0.318365	0.824012	-0.179913
0.000000	0.000000	0.000000	1.000000
1024	1594	1770
0.863212	-0.497851	0.083718	-15.704701
0.395739	0.564329	-0.724516	13.475856
0.313456	0.658542	0.684155	12.428042
0.000000	0.000000	0.000000	1.000000
659	1129	1770
0.999905	-0.009520	-0.009965	9.538963
0.010276	0.996833	0.078852	9.279450
