1264	1739	1770
339.000000	0.000000	0.000000	0.000000	2187.120234	-2172.983005
0.000000	339.000000	0.000000	-2187.120234	0.000000	-2442.637239
0.000000	0.000000	339.000000	2172.983005	2442.637239	0.000000
0.000000	-2187.120234	2172.983005	202168.649634	-70999.329001	19910.879244
2187.120234	0.000000	2442.637239	-70999.329001	307019.485233	-10674.049618
-2172.983005	-2442.637239	0.000000	19910.879244	-10674.049618	467292.459718
549	1214	1770
339.000000	0.000000	0.000000	0.000000	1995.100774	-4955.402420
0.000000	339.000000	0.000000	-1995.100774	0.000000	768.229574
0.000000	0.000000	339.000000	4955.402420	-768.229574	0.000000
0.000000	-1995.100774	4955.402420	237095.820093	35982.286284	-6234.430220
1995.100774	0.000000	-768.229574	35982.286284	274019.585276	-30433.811890
-4955.402420	768.229574	0.000000	-6234.430220	-30433.811890	475637.475945
234	1529	1770
252.000000	0.000000	0.000000	0.000000	1374.740984	-2704.076523
0.000000	252.000000	0.000000	-1374.740984	0.000000	-524.288092
0.000000	0.000000	252.000000	2704.076523	524.288092	0.000000
0.000000	-1374.740984	2704.076523	158482.061338	-1464.782949	6955.678774
1374.740984	0.000000	524.288092	-1464.782949	75720.493534	-16454.668171
-2704.076523	-524.288092	0.000000	6955.678774	-16454.668171	207311.712224
294	1469	1770
189.000000	0.000000	0.000000	0.000000	971.594000	-3157.185391
0.000000	189.000000	0.000000	-971.594000	0.000000	569.903913
0.000000	0.000000	189.000000	3157.185391	-569.903913	0.000000
0.000000	-971.594000	3157.185391	186700.395917	516.617051	-4376.227916
971.594000	0.000000	-569.903913	516.617051	70617.245534	-14296.282503
-3157.185391	569.903913	0.000000	-4376.227916	-14296.282503	240186.155684
309	1454	1770
207.000000	0.000000	0.000000	0.000000	1699.067352	704.540943
0.000000	207.000000	0.000000	-1699.067352	0.000000	-1622.974205
0.000000	0.000000	207.000000	-704.540943	1622.974205	0.000000
0.000000	-1699.067352	-704.540943	148748.289079	-11696.290165	14895.069492
1699.067352	0.000000	1622.974205	-11696.290165	189316.180526	10940.939381
704.540943	-1622.974205	0.000000	14895.069492	10940.939381	295624.076577
24	499	1770
286.000000	0.000000	0.000000	0.000000	1723.373791	-871.622568
0.000000	286.000000	0.000000	-1723.373791	0.000000	-342.864687
0.000000	0.000000	286.000000	871.622568	342.864687	0.000000
0.000000	-1723.373791	871.622568	157445.046161	-69015.725031	7950.294474
1723.373791	0.000000	342.864687	-69015.725031	228129.577128	-2181.592934
-871.622568	-342.864687	0.000000	7950.294474	-2181.592934	353329.960408
1254	1729	1770
347.000000	0.000000	0.000000	0.000000	1906.630807	-736.845750
0.000000	347.000000	0.000000	-1906.630807	0.000000	-619.913853
0.000000	0.000000	347.000000	736.845750	619.913853	0.000000
0.000000	-1906.630807	736.845750	220036.415862	68480.381591	-928.123327
1906.630807	0.000000	619.913853	68480.381591	263351.658663	7736.872940
-736.845750	-619.913853	0.000000	-928.123327	7736.872940	444401.450434
1269	1744	1770
318.000000	0.000000	0.000000	0.000000	2058.205607	-2176.655981
0.000000	318.000000	0.000000	-2058.205607	0.000000	3368.913046
0.000000	0.000000	318.000000	2176.655981	-3368.913046	0.000000
0.000000	-2058.205607	2176.655981	194904.897433	-61956.730554	-23136.554889
2058.205607	0.000000	-3368.913046	-61956.730554	231183.772886	-8054.527918
-2176.655981	3368.913046	0.000000	-23136.554889	-8054.527918	381959.197796
649	1114	1770
12.000000	0.000000	0.000000	0.000000	98.943260	-178.629672
0.000000	12.000000	0.000000	-98.943260	0.000000	442.487105
0.000000	0.000000	12.000000	178.629672	-442.487105	0.000000
0.000000	-98.943260	178.629672	11929.214866	-8122.275484	-3288.630529
98.943260	0.000000	-442.487105	-8122.275484	19435.438065	-930.824818
-178.629672	442.487105	0.000000	-3288.630529	-930.824818	29524.133896
69	829	1770
336.000000	0.000000	0.000000	0.000000	2884.619023	222.742091
0.000000	336.000000	0.000000	-2884.619023	0.000000	-310.679208
0.000000	0.000000	336.000000	-222.742091	310.679208	0.000000
0.000000	-2884.619023	-222.742091	322353.833313	18892.693028	-8110.513804
2884.619023	0.000000	310.679208	18892.693028	283055.119216	4476.022974
222.742091	-310.679208	0.000000	-8110.513804	4476.022974	520114.580970
19	494	1770
204.000000	0.000000	0.000000	0.000000	1094.088132	-2894.217638
0.000000	204.000000	0.000000	-1094.088132	0.000000	1474.041062
0.000000	0.000000	204.000000	2894.217638	-1474.041062	0.000000
0.000000	-1094.088132	2894.217638	133183.656756	-25658.487551	-12324.386555
1094.088132	0.000000	-1474.041062	-25658.487551	96309.214652	-6867.636193
-2894.217638	1474.041062	0.000000	-12324.386555	-6867.636193	206084.463326
169	1594	1770
118.000000	0.000000	0.000000	0.000000	377.588292	-1263.130914
0.000000	118.000000	0.000000	-377.588292	0.000000	443.712374
0.000000	0.000000	118.000000	1263.130914	-443.712374	0.000000
0.000000	-377.588292	1263.130914	113810.504130	-11778.069579	-2082.265676
377.588292	0.000000	-443.712374	-11778.069579	32748.280997	-2797.218359
-1263.130914	443.712374	0.000000	-2082.265676	-2797.218359	141900.283299
379	1384	1770
115.000000	0.000000	0.000000	0.000000	1186.142169	-1603.809384
0.000000	115.000000	0.000000	-1186.142169	0.000000	-1398.154692
0.000000	0.000000	115.000000	1603.809384	1398.154692	0.000000
0.000000	-1186.142169	1603.809384	110764.434675	24043.673037	33150.121389
1186.142169	0.000000	1398.154692	24043.673037	106767.206745	-28028.011408
-1603.809384	-1398.154692	0.000000	33150.121389	-28028.011408	177908.401949
119	1644	1770
87.000000	0.000000	0.000000	0.000000	376.357291	-893.784501
0.000000	87.000000	0.000000	-376.357291	0.000000	-657.271772
0.000000	0.000000	87.000000	893.784501	657.271772	0.000000
0.000000	-376.357291	893.784501	73334.607092	27992.805314	4046.678259
376.357291	0.000000	657.271772	27992.805314	29060.334171	-4860.577921
-893.784501	-657.271772	0.000000	4046.678259	-4860.577921	96917.025482
94	1669	1770
224.000000	0.000000	0.000000	0.000000	2772.359721	2568.046363
0.000000	224.000000	0.000000	-2772.359721	0.000000	-5673.289560
0.000000	0.000000	224.000000	-2568.046363	5673.289560	0.000000
0.000000	-2772.359721	-2568.046363	191929.245661	-47784.601984	68572.688178
2772.359721	0.000000	5673.289560	-47784.601984	230851.082847	36576.921698
2568.046363	-5673.289560	0.000000	68572.688178	36576.921698	344956.482636
149	1614	1770
100.000000	0.000000	0.000000	0.000000	376.806233	-282.855313
0.000000	100.000000	0.000000	-376.806233	0.000000	-281.414194
0.000000	0.000000	100.000000	282.855313	281.414194	0.000000
0.000000	-376.806233	282.855313	111683.837678	33224.167212	1506.568178
376.806233	0.000000	281.414194	33224.167212	32668.599133	1363.022683
-282.855313	-281.414194	0.000000	1506.568178	1363.022683	138919.990909
24	1739	1770
241.000000	0.000000	0.000000	0.000000	1562.329033	-2166.972756
0.000000	241.000000	0.000000	-1562.329033	0.000000	1072.525089
0.000000	0.000000	241.000000	2166.972756	-1072.525089	0.000000
0.000000	-1562.329033	2166.972756	141250.056379	-50507.577726	237.573174
1562.329033	0.000000	-1072.525089	-50507.577726	150344.190431	-10398.817752
-2166.972756	1072.525089	0.000000	237.573174	-10398.817752	261027.493718
644	1119	1770
69.000000	0.000000	0.000000	0.000000	592.436525	-54.128474
0.000000	69.000000	0.000000	-592.436525	0.000000	606.028081
0.000000	0.000000	69.000000	54.128474	-606.028081	0.000000
0.000000	-592.436525	54.128474	66254.610660	-1881.877562	-4081.641930
592.436525	0.000000	-606.028081	-1881.877562	58626.489790	7433.888559
-54.128474	606.028081	0.000000	-4081.641930	7433.888559	109169.629940
594	1169	1770
267.000000	0.000000	0.000000	0.000000	1523.006584	-2215.650410
0.000000	267.000000	0.000000	-1523.006584	0.000000	1934.562299
0.000000	0.000000	267.000000	2215.650410	-1934.562299	0.000000
0.000000	-1523.006584	2215.650410	166222.802603	-18035.548997	-20435.564472
1523.006584	0.000000	-1934.562299	-18035.548997	227792.509439	-23906.008780
-2215.650410	1934.562299	0.000000	-20435.564472	-23906.008780	364687.306280
944	1704	1770
287.000000	0.000000	0.000000	0.000000	2273.580530	-515.975322
0.000000	287.000000	0.000000	-2273.580530	0.000000	122.549501
0.000000	0.000000	287.000000	515.975322	-122.549501	0.000000
0.000000	-2273.580530	515.975322	198337.578459	-42747.307402	-604.109764
2273.580530	0.000000	-122.549501	-42747.307402	276396.908280	-4136.830229
-515.975322	122.549501	0.000000	-604.109764	-4136.830229	409720.582870
474	1289	1770
82.000000	0.000000	0.000000	0.000000	178.990284	-1067.893859
0.000000	82.000000	0.000000	-178.990284	0.000000	1000.291502
0.000000	0.000000	82.000000	1067.893859	-1000.291502	0.000000
0.000000	-178.990284	1067.893859	52740.028460	-47128.241650	-1538.444949
178.990284	0.000000	-1000.291502	-47128.241650	56460.028404	-1535.028740
-1067.893859	1000.291502	0.000000	-1538.444949	-1535.028740	107177.021387
204	1559	1770
214.000000	0.000000	0.000000	0.000000	1806.913636	-1809.216552
0.000000	214.000000	0.000000	-1806.913636	0.000000	-2316.788823
0.000000	0.000000	214.000000	1809.216552	2316.788823	0.000000
0.000000	-1806.913636	1809.216552	148873.978467	-669.995166	14792.300117
1806.913636	0.000000	2316.788823	-669.995166	114076.784222	-35792.952088
-1809.216552	-2316.788823	0.000000	14792.300117	-35792.952088	210719.851761
369	1394	1770
119.000000	0.000000	0.000000	0.000000	949.858384	-1439.748285
0.000000	119.000000	0.000000	-949.858384	0.000000	-2388.402349
0.000000	0.000000	119.000000	1439.748285	2388.402349	0.000000
0.000000	-949.858384	1439.748285	48046.157285	43365.135201	20715.867467
949.858384	0.000000	2388.402349	43365.135201	127347.787255	-13590.139036
-1439.748285	-2388.402349	0.000000	20715.867467	-13590.139036	156698.143980
29	504	1770
321.000000	0.000000	0.000000	0.000000	1933.313407	-2258.645342
0.000000	321.000000	0.000000	-1933.313407	0.000000	965.251332
0.000000	0.000000	321.000000	2258.645342	-965.251332	0.000000
0.000000	-1933.313407	2258.645342	174951.156463	-66047.306499	-7325.518113
1933.313407	0.000000	-965.251332	-66047.306499	260512.240124	-10557.481974
-2258.645342	965.251332	0.000000	-7325.518113	-10557.481974	396245.959145
319	1444	1770
213.000000	0.000000	0.000000	0.000000	1192.085232	1000.557458
0.000000	213.000000	0.000000	-1192.085232	0.000000	-1215.804461
0.000000	0.000000	213.000000	-1000.557458	1215.804461	0.000000
0.000000	-1192.085232	-1000.557458	125325.265232	11620.975390	8051.915429
1192.085232	0.000000	1215.804461	11620.975390	170228.709671	4485.570709
1000.557458	-1215.804461	0.000000	8051.915429	4485.570709	274226.259990
504	559	1770
5.000000	0.000000	0.000000	0.000000	26.029593	-35.244169
0.000000	5.000000	0.000000	-26.029593	0.000000	-144.556944
0.000000	0.000000	5.000000	35.244169	144.556944	0.000000
0.000000	-26.029593	35.244169	445.186589	906.665732	887.661776
26.029593	0.000000	144.556944	906.665732	5275.964447	-163.427539
-35.244169	-144.556944	0.000000	887.661776	-163.427539	5397.822654
84	844	1770
358.000000	0.000000	0.000000	0.000000	3085.823161	-5557.186320
0.000000	358.000000	0.000000	-3085.823161	0.000000	-3021.392832
0.000000	0.000000	358.000000	5557.186320	3021.392832	0.000000
0.000000	-3085.823161	5557.186320	292745.330771	35801.077567	48577.161761
3085.823161	0.000000	3021.392832	35801.077567	277573.907687	-64857.772262
-5557.186320	-3021.392832	0.000000	48577.161761	-64857.772262	496856.769492
949	1709	1770
209.000000	0.000000	0.000000	0.000000	1366.410378	559.540782
0.000000	209.000000	0.000000	-1366.410378	0.000000	-657.975389
0.000000	0.000000	209.000000	-559.540782	657.975389	0.000000
0.000000	-1366.410378	-559.540782	164094.285204	1376.813497	-5522.462919
1366.410378	0.000000	657.975389	1376.813497	160546.855416	-177.265923
559.540782	-657.975389	0.000000	-5522.462919	-177.265923	292271.179809
1604	1644	1770
8.000000	0.000000	0.000000	0.000000	40.231754	168.997354
0.000000	8.000000	0.000000	-40.231754	0.000000	34.740421
0.000000	0.000000	8.000000	-168.997354	-34.740421	0.000000
0.000000	-40.231754	-168.997354	7657.310027	175.475204	-282.835553
40.231754	0.000000	-34.740421	175.475204	1040.163933	900.492619
168.997354	34.740421	0.000000	-282.835553	900.492619	8164.314695
19	24	1770
4.000000	0.000000	0.000000	0.000000	52.471784	46.867159
0.000000	4.000000	0.000000	-52.471784	0.000000	7.724214
0.000000	0.000000	4.000000	-46.867159	-7.724214	0.000000
0.000000	-52.471784	-46.867159	1253.378060	73.084924	-109.945189
52.471784	0.000000	-7.724214	73.084924	736.364618	608.406242
46.867159	7.724214	0.000000	-109.945189	608.406242	603.804845
624	1139	1770
130.000000	0.000000	0.000000	0.000000	931.075048	1452.181829
0.000000	130.000000	0.000000	-931.075048	0.000000	2128.867854
0.000000	0.000000	130.000000	-1452.181829	-2128.867854	0.000000
0.000000	-931.075048	-1452.181829	118316.528001	9154.726207	-21354.963999
931.075048	0.000000	-2128.867854	9154.726207	103467.997516	-2454.048314
1452.181829	2128.867854	0.000000	-21354.963999	-2454.048314	196956.119075
24	494	1770
6.000000	0.000000	0.000000	0.000000	-0.812400	1.344995
0.000000	6.000000	0.000000	0.812400	0.000000	13.763645
0.000000	0.000000	6.000000	-1.344995	-13.763645	0.000000
0.000000	0.812400	-1.344995	1877.287343	-1913.572823	449.104080
-0.812400	0.000000	-13.763645	-1913.572823	2311.105316	427.740314
1.344995	13.763645	0.000000	449.104080	427.740314	3974.021304
119	1604	1770
9.000000	0.000000	0.000000	0.000000	9.314901	163.038455
0.000000	9.000000	0.000000	-9.314901	0.000000	73.400252
0.000000	0.000000	9.000000	-163.038455	-73.400252	0.000000
0.000000	-9.314901	-163.038455	9960.626320	2284.253817	70.239930
9.314901	0.000000	-73.400252	2284.253817	2038.409131	93.268774
163.038455	73.400252	0.000000	70.239930	93.268774	11837.749342
159	1644	1770
7.000000	0.000000	0.000000	0.000000	6.907184	3.380367
0.000000	7.000000	0.000000	-6.907184	0.000000	10.586475
0.000000	0.000000	7.000000	-3.380367	-10.586475	0.000000
0.000000	-6.907184	-3.380367	3044.659139	988.157714	92.617687
6.907184	0.000000	-10.586475	988.157714	1253.700193	-293.198588
3.380367	10.586475	0.000000	92.617687	-293.198588	4114.225759
59	819	1770
312.000000	0.000000	0.000000	0.000000	2039.690023	968.536226
0.000000	312.000000	0.000000	-2039.690023	0.000000	-657.903378
0.000000	0.000000	312.000000	-968.536226	657.903378	0.000000
0.000000	-2039.690023	-968.536226	216371.295650	-65633.296861	13778.050746
2039.690023	0.000000	657.903378	-65633.296861	263789.644745	16598.815541
968.536226	-657.903378	0.000000	13778.050746	16598.815541	425914.209471
19	499	1770
5.000000	0.000000	0.000000	0.000000	22.161576	70.550054
0.000000	5.000000	0.000000	-22.161576	0.000000	-52.285169
0.000000	0.000000	5.000000	-70.550054	52.285169	0.000000
0.000000	-22.161576	-70.550054	2702.080180	395.904436	-312.939753
22.161576	0.000000	52.285169	395.904436	1962.078819	930.547347
70.550054	-52.285169	0.000000	-312.939753	930.547347	3880.490078
649	1539	1770
6.000000	0.000000	0.000000	0.000000	37.912449	200.498682
0.000000	6.000000	0.000000	-37.912449	0.000000	-89.341730
0.000000	0.000000	6.000000	-200.498682	89.341730	0.000000
0.000000	-37.912449	-200.498682	7204.647812	-2935.211665	461.812422
37.912449	0.000000	89.341730	-2935.211665	1835.607090	1372.992054
200.498682	-89.341730	0.000000	461.812422	1372.992054	8159.119996
364	1399	1770
142.000000	0.000000	0.000000	0.000000	893.109427	-1030.349621
0.000000	142.000000	0.000000	-893.109427	0.000000	-1963.021542
0.000000	0.000000	142.000000	1030.349621	1963.021542	0.000000
0.000000	-893.109427	1030.349621	80728.071231	-33335.729404	11892.058701
893.109427	0.000000	1963.021542	-33335.729404	141020.269051	-14599.662961
-1030.349621	-1963.021542	0.000000	11892.058701	-14599.662961	203279.695642
24	1744	1770
6.000000	0.000000	0.000000	0.000000	49.471973	33.509895
0.000000	6.000000	0.000000	-49.471973	0.000000	-23.884225
0.000000	0.000000	6.000000	-33.509895	23.884225	0.000000
0.000000	-49.471973	-33.509895	3426.669476	-378.171024	259.695337
49.471973	0.000000	23.884225	-378.171024	1025.467101	512.111450
33.509895	-23.884225	0.000000	259.695337	512.111450	3560.891332
1109	1114	1770
7.000000	0.000000	0.000000	0.000000	51.147423	87.101177
0.000000	7.000000	0.000000	-51.147423	0.000000	-155.885854
0.000000	0.000000	7.000000	-87.101177	155.885854	0.000000
0.000000	-51.147423	-87.101177	5303.193816	-1672.435806	1267.593431
51.147423	0.000000	155.885854	-1672.435806	4483.839920	169.968446
87.101177	-155.885854	0.000000	1267.593431	169.968446	8835.926822
24	1264	1770
236.000000	0.000000	0.000000	0.000000	1537.781154	-1743.181336
0.000000	236.000000	0.000000	-1537.781154	0.000000	1514.354047
0.000000	0.000000	236.000000	1743.181336	-1514.354047	0.000000
0.000000	-1537.781154	1743.181336	135587.893080	-35038.675198	-4540.684840
1537.781154	0.000000	-1514.354047	-35038.675198	142045.816598	-8277.491792
-1743.181336	1514.354047	0.000000	-4540.684840	-8277.491792	246865.813912
1489	1514	1770
6.000000	0.000000	0.000000	0.000000	36.680135	-3.229994
0.000000	6.000000	0.000000	-36.680135	0.000000	-306.223270
0.000000	0.000000	6.000000	3.229994	306.223270	0.000000
0.000000	-36.680135	3.229994	405.675936	404.125267	2031.757725
36.680135	0.000000	306.223270	404.125267	16414.467406	-93.274433
-3.229994	-306.223270	0.000000	2031.757725	-93.274433	16268.929540
359	1404	1770
124.000000	0.000000	0.000000	0.000000	663.865144	1340.726208
0.000000	124.000000	0.000000	-663.865144	0.000000	-334.538475
0.000000	0.000000	124.000000	-1340.726208	334.538475	0.000000
0.000000	-663.865144	-1340.726208	47484.450040	-26380.722774	2111.772451
663.865144	0.000000	334.538475	-26380.722774	84699.247478	9205.223903
1340.726208	-334.538475	0.000000	2111.772451	9205.223903	120791.221277
734	1739	1770
7.000000	0.000000	0.000000	0.000000	41.975309	-96.042905
0.000000	7.000000	0.000000	-41.975309	0.000000	170.023257
0.000000	0.000000	7.000000	96.042905	-170.023257	0.000000
0.000000	-41.975309	96.042905	2618.815186	-1233.021697	-773.222938
41.975309	0.000000	-170.023257	-1233.021697	6488.980595	-804.045237
-96.042905	170.023257	0.000000	-773.222938	-804.045237	8467.349428
564	1199	1770
274.000000	0.000000	0.000000	0.000000	2068.037067	-344.022649
0.000000	274.000000	0.000000	-2068.037067	0.000000	-1934.289993
0.000000	0.000000	274.000000	344.022649	1934.289993	0.000000
0.000000	-2068.037067	344.022649	163076.876907	-29454.330036	34195.269771
2068.037067	0.000000	1934.289993	-29454.330036	301813.811837	-2689.340860
-344.022649	-1934.289993	0.000000	34195.269771	-2689.340860	417101.323260
279	1484	1770
129.000000	0.000000	0.000000	0.000000	721.083817	938.246628
0.000000	129.000000	0.000000	-721.083817	0.000000	1746.212533
0.000000	0.000000	129.000000	-938.246628	-1746.212533	0.000000
0.000000	-721.083817	-938.246628	41817.722585	49154.682004	-17348.366096
721.083817	0.000000	-1746.212533	49154.682004	123982.831003	7315.683111
938.246628	1746.212533	0.000000	-17348.366096	7315.683111	153606.768714
214	1404	1770
5.000000	0.000000	0.000000	0.000000	-5.131960	25.178986
0.000000	5.000000	0.000000	5.131960	0.000000	-218.887802
0.000000	0.000000	5.000000	-25.178986	218.887802	0.000000
0.000000	5.131960	-25.178986	134.742481	-1109.014825	-223.533105
-5.131960	0.000000	218.887802	-1109.014825	9611.985536	-25.403183
25.178986	-218.887802	0.000000	-223.533105	-25.403183	9736.035268
144	1619	1770
244.000000	0.000000	0.000000	0.000000	1080.615062	2608.164192
0.000000	244.000000	0.000000	-1080.615062	0.000000	2586.486765
0.000000	0.000000	244.000000	-2608.164192	-2586.486765	0.000000
0.000000	-1080.615062	-2608.164192	160462.829198	70627.565210	-5066.769893
1080.615062	0.000000	-2586.486765	70627.565210	178173.736926	10713.627133
2608.164192	2586.486765	0.000000	-5066.769893	10713.627133	311936.072406
799	964	1770
266.000000	0.000000	0.000000	0.000000	2236.745161	-3632.871323
0.000000	266.000000	0.000000	-2236.745161	0.000000	498.665736
0.000000	0.000000	266.000000	3632.871323	-498.665736	0.000000
0.000000	-2236.745161	3632.871323	235551.485718	-33725.189343	7321.673869
2236.745161	0.000000	-498.665736	-33725.189343	190983.770015	-38589.772156
-3632.871323	498.665736	0.000000	7321.673869	-38589.772156	368665.947222
284	1479	1770
110.000000	0.000000	0.000000	0.000000	865.888141	1096.051033
0.000000	110.000000	0.000000	-865.888141	0.000000	783.872667
0.000000	0.000000	110.000000	-1096.051033	-783.872667	0.000000
0.000000	-865.888141	-1096.051033	95380.363873	-11937.216170	-4691.793125
865.888141	0.000000	-783.872667	-11937.216170	68939.610212	4495.605652
1096.051033	783.872667	0.000000	-4691.793125	4495.605652	141557.756273
1119	1124	1770
6.000000	0.000000	0.000000	0.000000	84.725548	193.277046
0.000000	6.000000	0.000000	-84.725548	0.000000	101.248724
0.000000	0.000000	6.000000	-193.277046	-101.248724	0.000000
0.000000	-84.725548	-193.277046	7615.933133	3259.277703	-1427.843741
84.725548	0.000000	-101.248724	3259.277703	3101.877270	2705.357846
193.277046	101.248724	0.000000	-1427.843741	2705.357846	7945.940168
774	989	1770
251.000000	0.000000	0.000000	0.000000	1888.060724	-2310.720563
0.000000	251.000000	0.000000	-1888.060724	0.000000	-356.092338
0.000000	0.000000	251.000000	2310.720563	356.092338	0.000000
0.000000	-1888.060724	2310.720563	224886.612703	-13341.818537	11645.956094
1888.060724	0.000000	356.092338	-13341.818537	192759.407622	-4113.122303
-2310.720563	-356.092338	0.000000	11645.956094	-4113.122303	370405.445951
314	1449	1770
296.000000	0.000000	0.000000	0.000000	1759.318996	616.489865
0.000000	296.000000	0.000000	-1759.318996	0.000000	164.971842
0.000000	0.000000	296.000000	-616.489865	-164.971842	0.000000
0.000000	-1759.318996	-616.489865	136829.884986	26177.115102	-7874.903423
1759.318996	0.000000	-164.971842	26177.115102	180976.126669	-4905.655082
616.489865	164.971842	0.000000	-7874.903423	-4905.655082	280829.105417
934	1694	1770
248.000000	0.000000	0.000000	0.000000	1903.591657	-596.439067
0.000000	248.000000	0.000000	-1903.591657	0.000000	644.002132
0.000000	0.000000	248.000000	596.439067	-644.002132	0.000000
0.000000	-1903.591657	596.439067	206392.848569	-5701.029959	-6544.833211
1903.591657	0.000000	-644.002132	-5701.029959	200998.556201	-6851.040580
-596.439067	644.002132	0.000000	-6544.833211	-6851.040580	353463.094316
769	994	1770
242.000000	0.000000	0.000000	0.000000	1714.114701	-5928.839974
0.000000	242.000000	0.000000	-1714.114701	0.000000	1336.840888
0.000000	0.000000	242.000000	5928.839974	-1336.840888	0.000000
0.000000	-1714.114701	5928.839974	249538.790445	-18561.292812	-14322.318192
1714.114701	0.000000	-1336.840888	-18561.292812	124392.995667	-38927.709733
-5928.839974	1336.840888	0.000000	-14322.318192	-38927.709733	339126.974536
189	1574	1770
88.000000	0.000000	0.000000	0.000000	674.575901	1022.343476
0.000000	88.000000	0.000000	-674.575901	0.000000	-94.742983
0.000000	0.000000	88.000000	-1022.343476	94.742983	0.000000
0.000000	-674.575901	-1022.343476	77248.555625	1685.306459	3941.978710
674.575901	0.000000	94.742983	1685.306459	37921.590687	-1329.907207
1022.343476	-94.742983	0.000000	3941.978710	-1329.907207	95849.331504
24	1269	1770
6.000000	0.000000	0.000000	0.000000	44.988080	-90.411315
0.000000	6.000000	0.000000	-44.988080	0.000000	119.189994
0.000000	0.000000	6.000000	90.411315	-119.189994	0.000000
0.000000	-44.988080	90.411315	4240.620023	-787.337938	-1075.537473
44.988080	0.000000	-119.189994	-787.337938	3230.207563	-261.063279
-90.411315	119.189994	0.000000	-1075.537473	-261.063279	6631.765544
1444	1569	1770
4.000000	0.000000	0.000000	0.000000	29.108323	-85.742287
0.000000	4.000000	0.000000	-29.108323	0.000000	105.499760
0.000000	0.000000	4.000000	85.742287	-105.499760	0.000000
0.000000	-29.108323	85.742287	4506.611843	-1130.487376	-683.404919
29.108323	0.000000	-105.499760	-1130.487376	3549.518651	-809.039747
-85.742287	105.499760	0.000000	-683.404919	-809.039747	7577.068744
504	1734	1770
270.000000	0.000000	0.000000	0.000000	1532.709623	-850.620355
0.000000	270.000000	0.000000	-1532.709623	0.000000	-231.418140
0.000000	0.000000	270.000000	850.620355	231.418140	0.000000
0.000000	-1532.709623	850.620355	133684.437221	-46522.123579	-3575.576718
1532.709623	0.000000	231.418140	-46522.123579	208265.740968	-4824.357221
-850.620355	-231.418140	0.000000	-3575.576718	-4824.357221	311374.328871
1269	1739	1770
5.000000	0.000000	0.000000	0.000000	26.689788	-180.193439
0.000000	5.000000	0.000000	-26.689788	0.000000	184.769939
0.000000	0.000000	5.000000	180.193439	-184.769939	0.000000
0.000000	-26.689788	180.193439	6655.693258	-6666.345215	-985.007964
26.689788	0.000000	-184.769939	-6666.345215	7009.338509	-956.743137
-180.193439	184.769939	0.000000	-985.007964	-956.743137	13363.379518
494	499	1770
6.000000	0.000000	0.000000	0.000000	-17.457100	-175.460680
0.000000	6.000000	0.000000	17.457100	0.000000	143.733896
0.000000	0.000000	6.000000	175.460680	-143.733896	0.000000
0.000000	17.457100	175.460680	5300.173734	-4223.353751	414.399487
-17.457100	0.000000	-143.733896	-4223.353751	3526.869478	472.215136
-175.460680	143.733896	0.000000	414.399487	472.215136	8692.369520
174	1429	1770
8.000000	0.000000	0.000000	0.000000	50.654633	202.878035
0.000000	8.000000	0.000000	-50.654633	0.000000	-330.430892
0.000000	0.000000	8.000000	-202.878035	330.430892	0.000000
0.000000	-50.654633	-202.878035	5583.843248	-8499.911601	2049.280124
50.654633	0.000000	330.430892	-8499.911601	15151.445984	1300.963171
202.878035	-330.430892	0.000000	2049.280124	1300.963171	19909.676261
1264	1269	1770
6.000000	0.000000	0.000000	0.000000	32.332294	-120.530634
0.000000	6.000000	0.000000	-32.332294	0.000000	-45.904451
0.000000	0.000000	6.000000	120.530634	45.904451	0.000000
0.000000	-32.332294	120.530634	2613.661110	925.416615	240.727055
32.332294	0.000000	45.904451	925.416615	557.000406	-646.193657
-120.530634	-45.904451	0.000000	240.727055	-646.193657	2791.746246
124	1639	1770
222.000000	0.000000	0.000000	0.000000	739.873497	1699.029687
0.000000	222.000000	0.000000	-739.873497	0.000000	289.432247
0.000000	0.000000	222.000000	-1699.029687	-289.432247	0.000000
0.000000	-739.873497	-1699.029687	193570.615498	26145.182696	-3851.509312
739.873497	0.000000	-289.432247	26145.182696	67918.135728	9865.692446
1699.029687	289.432247	0.000000	-3851.509312	9865.692446	247709.717489
159	1604	1770
118.000000	0.000000	0.000000	0.000000	456.922535	430.506380
0.000000	118.000000	0.000000	-456.922535	0.000000	-416.388622
0.000000	0.000000	118.000000	-430.506380	416.388622	0.000000
0.000000	-456.922535	-430.506380	109160.987724	28981.836859	1774.132121
456.922535	0.000000	416.388622	28981.836859	29374.501946	1160.187170
430.506380	-416.388622	0.000000	1774.132121	1160.187170	132085.611260
214	1264	1770
4.000000	0.000000	0.000000	0.000000	-7.296450	-17.593426
0.000000	4.000000	0.000000	7.296450	0.000000	-5.135070
0.000000	0.000000	4.000000	17.593426	5.135070	0.000000
0.000000	7.296450	17.593426	110.361431	-8.532653	-8.963558
-7.296450	0.000000	5.135070	-8.532653	74.194092	32.662551
-17.593426	-5.135070	0.000000	-8.963558	32.662551	157.307730
604	1159	1770
269.000000	0.000000	0.000000	0.000000	1122.632323	2901.692262
0.000000	269.000000	0.000000	-1122.632323	0.000000	2591.591329
0.000000	0.000000	269.000000	-2901.692262	-2591.591329	0.000000
0.000000	-1122.632323	-2901.692262	152117.955939	39592.161325	-9795.941053
1122.632323	0.000000	-2591.591329	39592.161325	142220.149693	9375.590916
2901.692262	2591.591329	0.000000	-9795.941053	9375.590916	276886.936936
79	839	1770
305.000000	0.000000	0.000000	0.000000	1767.820534	-1512.489297
0.000000	305.000000	0.000000	-1767.820534	0.000000	599.632939
0.000000	0.000000	305.000000	1512.489297	-599.632939	0.000000
0.000000	-1767.820534	1512.489297	256999.899455	-27452.648807	7276.393531
1767.820534	0.000000	-599.632939	-27452.648807	167841.420398	2295.379124
-1512.489297	599.632939	0.000000	7276.393531	2295.379124	389399.712757
34	509	1770
294.000000	0.000000	0.000000	0.000000	1267.866748	-1927.574774
0.000000	294.000000	0.000000	-1267.866748	0.000000	-2684.836184
0.000000	0.000000	294.000000	1927.574774	2684.836184	0.000000
0.000000	-1267.866748	1927.574774	178907.721346	63426.468332	3983.692228
1267.866748	0.000000	2684.836184	63426.468332	196494.148239	1097.497808
-1927.574774	-2684.836184	0.000000	3983.692228	1097.497808	351604.767184
1439	1559	1770
5.000000	0.000000	0.000000	0.000000	44.230477	-114.096566
0.000000	5.000000	0.000000	-44.230477	0.000000	-41.621603
0.000000	0.000000	5.000000	114.096566	41.621603	0.000000
0.000000	-44.230477	114.096566	4303.947532	-1634.266793	283.083332
44.230477	0.000000	41.621603	-1634.266793	5931.445976	-1059.403166
-114.096566	-41.621603	0.000000	283.083332	-1059.403166	9424.269854
219	1544	1770
117.000000	0.000000	0.000000	0.000000	616.530765	1371.964672
0.000000	117.000000	0.000000	-616.530765	0.000000	-2502.026935
0.000000	0.000000	117.000000	-1371.964672	2502.026935	0.000000
0.000000	-616.530765	-1371.964672	61555.001151	-28296.401781	9384.829791
616.530765	0.000000	2502.026935	-28296.401781	130320.911240	10882.291293
1371.964672	-2502.026935	0.000000	9384.829791	10882.291293	179474.261136
734	1264	1770
6.000000	0.000000	0.000000	0.000000	25.182815	-27.826270
0.000000	6.000000	0.000000	-25.182815	0.000000	232.758163
0.000000	0.000000	6.000000	27.826270	-232.758163	0.000000
0.000000	-25.182815	27.826270	314.501654	-1129.480101	-939.937834
25.182815	0.000000	-232.758163	-1129.480101	9223.417120	-93.337334
-27.826270	232.758163	0.000000	-939.937834	-93.337334	9275.793569
639	1124	1770
163.000000	0.000000	0.000000	0.000000	792.397448	575.466896
0.000000	163.000000	0.000000	-792.397448	0.000000	-850.219192
0.000000	0.000000	163.000000	-575.466896	850.219192	0.000000
0.000000	-792.397448	-575.466896	130856.094185	-9844.201607	6889.057655
792.397448	0.000000	850.219192	-9844.201607	121053.543925	9615.247348
575.466896	-850.219192	0.000000	6889.057655	9615.247348	233630.433970
654	1109	1770
173.000000	0.000000	0.000000	0.000000	1319.117694	-1150.378679
0.000000	173.000000	0.000000	-1319.117694	0.000000	2085.739135
0.000000	0.000000	173.000000	1150.378679	-2085.739135	0.000000
0.000000	-1319.117694	1150.378679	149154.137364	-13019.110454	-14395.844751
1319.117694	0.000000	-2085.739135	-13019.110454	121863.286665	-15284.046358
-1150.378679	2085.739135	0.000000	-14395.844751	-15284.046358	236243.820451
19	1739	1770
5.000000	0.000000	0.000000	0.000000	5.568675	44.315838
0.000000	5.000000	0.000000	-5.568675	0.000000	-54.100245
0.000000	0.000000	5.000000	-44.315838	54.100245	0.000000
0.000000	-5.568675	-44.315838	534.308821	-442.494096	-96.568715
5.568675	0.000000	54.100245	-442.494096	917.970970	81.133779
44.315838	-54.100245	0.000000	-96.568715	81.133779	1191.104447
214	1739	1770
6.000000	0.000000	0.000000	0.000000	24.693830	-35.459931
0.000000	6.000000	0.000000	-24.693830	0.000000	-122.998898
0.000000	0.000000	6.000000	35.459931	122.998898	0.000000
0.000000	-24.693830	35.459931	675.506070	340.131386	93.641048
24.693830	0.000000	122.998898	340.131386	3753.575334	-323.596528
-35.459931	-122.998898	0.000000	93.641048	-323.596528	3823.166572
499	1739	1770
271.000000	0.000000	0.000000	0.000000	1798.327376	-2979.762169
0.000000	271.000000	0.000000	-1798.327376	0.000000	-204.733947
0.000000	0.000000	271.000000	2979.762169	204.733947	0.000000
0.000000	-1798.327376	2979.762169	162648.348857	-69088.534097	9271.646935
1798.327376	0.000000	204.733947	-69088.534097	214095.019410	-17205.370012
-2979.762169	-204.733947	0.000000	9271.646935	-17205.370012	343818.140503
254	1509	1770
98.000000	0.000000	0.000000	0.000000	206.042076	-626.617546
0.000000	98.000000	0.000000	-206.042076	0.000000	-747.198745
0.000000	0.000000	98.000000	626.617546	747.198745	0.000000
0.000000	-206.042076	626.617546	11110.804609	-499.469913	2175.576005
206.042076	0.000000	747.198745	-499.469913	90128.657858	-1985.427929
-626.617546	-747.198745	0.000000	2175.576005	-1985.427929	98818.470017
1249	1724	1770
219.000000	0.000000	0.000000	0.000000	2102.401770	912.289819
0.000000	219.000000	0.000000	-2102.401770	0.000000	1335.676228
0.000000	0.000000	219.000000	-912.289819	-1335.676228	0.000000
0.000000	-2102.401770	-912.289819	138614.728609	10430.631648	-19425.752301
2102.401770	0.000000	-1335.676228	10430.631648	149281.408735	23011.361248
912.289819	1335.676228	0.000000	-19425.752301	23011.361248	231610.735702
24	734	1770
6.000000	0.000000	0.000000	0.000000	45.537454	-160.885473
0.000000	6.000000	0.000000	-45.537454	0.000000	68.395819
0.000000	0.000000	6.000000	160.885473	-68.395819	0.000000
0.000000	-45.537454	160.885473	4735.402847	-1809.420673	-515.261370
45.537454	0.000000	-68.395819	-1809.420673	1147.748321	-1222.466338
-160.885473	68.395819	0.000000	-515.261370	-1222.466338	5188.475847
734	1744	1770
8.000000	0.000000	0.000000	0.000000	56.676699	-213.451388
0.000000	8.000000	0.000000	-56.676699	0.000000	188.045267
0.000000	0.000000	8.000000	213.451388	-188.045267	0.000000
0.000000	-56.676699	213.451388	9762.797627	-4848.473849	-1295.828472
56.676699	0.000000	-188.045267	-4848.473849	5002.031932	-2263.538603
-213.451388	188.045267	0.000000	-1295.828472	-2263.538603	13624.690086
249	1514	1770
178.000000	0.000000	0.000000	0.000000	629.813773	-980.101900
0.000000	178.000000	0.000000	-629.813773	0.000000	-357.888552
0.000000	0.000000	178.000000	980.101900	357.888552	0.000000
0.000000	-629.813773	980.101900	58728.734249	18816.535192	2948.012326
629.813773	0.000000	357.888552	18816.535192	157817.979727	-5135.006581
-980.101900	-357.888552	0.000000	2948.012326	-5135.006581	206108.029211
659	1104	1770
195.000000	0.000000	0.000000	0.000000	1943.736277	890.804024
0.000000	195.000000	0.000000	-1943.736277	0.000000	1721.557105
0.000000	0.000000	195.000000	-890.804024	-1721.557105	0.000000
0.000000	-1943.736277	-890.804024	149916.946363	33308.103383	-18065.165122
1943.736277	0.000000	-1721.557105	33308.103383	173692.462100	15979.663708
890.804024	1721.557105	0.000000	-18065.165122	15979.663708	255977.619604
474	1299	1770
9.000000	0.000000	0.000000	0.000000	30.947824	43.442644
0.000000	9.000000	0.000000	-30.947824	0.000000	86.338977
0.000000	0.000000	9.000000	-43.442644	-86.338977	0.000000
0.000000	-30.947824	-43.442644	1012.852635	-389.399729	-371.081158
30.947824	0.000000	-86.338977	-389.399729	2082.921250	116.320501
43.442644	86.338977	0.000000	-371.081158	116.320501	2733.034074
1019	1024	1770
11.000000	0.000000	0.000000	0.000000	148.061055	234.413485
0.000000	11.000000	0.000000	-148.061055	0.000000	-170.050946
0.000000	0.000000	11.000000	-234.413485	170.050946	0.000000
0.000000	-148.061055	-234.413485	11765.341181	-3282.332305	2262.163303
148.061055	0.000000	170.050946	-3282.332305	4745.961429	3288.561476
234.413485	-170.050946	0.000000	2262.163303	3288.561476	12503.944056
1244	1719	1770
235.000000	0.000000	0.000000	0.000000	1363.848720	-3772.874659
0.000000	235.000000	0.000000	-1363.848720	0.000000	997.732973
0.000000	0.000000	235.000000	3772.874659	-997.732973	0.000000
0.000000	-1363.848720	3772.874659	193509.238470	-27434.432004	-5707.680752
1363.848720	0.000000	-997.732973	-27434.432004	95055.626428	-26930.448300
-3772.874659	997.732973	0.000000	-5707.680752	-26930.448300	262633.262065
724	1014	1770
7.000000	0.000000	0.000000	0.000000	98.188150	150.483360
0.000000	7.000000	0.000000	-98.188150	0.000000	-29.282875
0.000000	0.000000	7.000000	-150.483360	29.282875	0.000000
0.000000	-98.188150	-150.483360	4959.225885	-617.172257	411.741001
98.188150	0.000000	29.282875	-617.172257	1807.134086	2197.766874
150.483360	-29.282875	0.000000	411.741001	2197.766874	3411.955224
674	1559	1770
6.000000	0.000000	0.000000	0.000000	29.126420	-67.694711
0.000000	6.000000	0.000000	-29.126420	0.000000	177.486254
0.000000	0.000000	6.000000	67.694711	-177.486254	0.000000
0.000000	-29.126420	67.694711	908.936107	-2002.320301	-860.813590
29.126420	0.000000	-177.486254	-2002.320301	5400.364704	-328.712477
-67.694711	177.486254	0.000000	-860.813590	-328.712477	6018.970666
929	1689	1770
377.000000	0.000000	0.000000	0.000000	2850.495538	4974.112389
0.000000	377.000000	0.000000	-2850.495538	0.000000	4312.484467
0.000000	0.000000	377.000000	-4974.112389	-4312.484467	0.000000
0.000000	-2850.495538	-4974.112389	318778.188047	110567.177865	-28168.730246
2850.495538	0.000000	-4312.484467	110567.177865	285472.904538	26798.760790
4974.112389	4312.484467	0.000000	-28168.730246	26798.760790	547059.059294
734	1269	1770
4.000000	0.000000	0.000000	0.000000	20.262271	-170.921688
0.000000	4.000000	0.000000	-20.262271	0.000000	115.635592
0.000000	0.000000	4.000000	170.921688	-115.635592	0.000000
0.000000	-20.262271	170.921688	7407.897811	-4943.060450	-586.111728
20.262271	0.000000	-115.635592	-4943.060450	3449.220982	-865.933588
-170.921688	115.635592	0.000000	-586.111728	-865.933588	10650.789941
414	1349	1770
110.000000	0.000000	0.000000	0.000000	448.116442	-511.368477
0.000000	110.000000	0.000000	-448.116442	0.000000	-435.040011
0.000000	0.000000	110.000000	511.368477	435.040011	0.000000
0.000000	-448.116442	511.368477	91291.349092	4636.934202	3490.264808
448.116442	0.000000	435.040011	4636.934202	34138.559061	-4605.575952
-511.368477	-435.040011	0.000000	3490.264808	-4605.575952	118223.479309
1739	1744	1770
5.000000	0.000000	0.000000	0.000000	61.754163	89.263010
0.000000	5.000000	0.000000	-61.754163	0.000000	-21.110170
0.000000	0.000000	5.000000	-89.263010	21.110170	0.000000
0.000000	-61.754163	-89.263010	3028.533232	526.664277	53.163672
61.754163	0.000000	21.110170	526.664277	2681.109664	1208.588939
89.263010	-21.110170	0.000000	53.163672	1208.588939	4133.924129
29	559	1770
4.000000	0.000000	0.000000	0.000000	21.979709	-36.809672
0.000000	4.000000	0.000000	-21.979709	0.000000	-23.914252
0.000000	0.000000	4.000000	36.809672	23.914252	0.000000
0.000000	-21.979709	36.809672	1399.721064	-180.987825	107.485400
21.979709	0.000000	23.914252	-180.987825	3120.091264	-202.775674
-36.809672	-23.914252	0.000000	107.485400	-202.775674	4261.581851
744	1024	1770
35.000000	0.000000	0.000000	0.000000	231.641964	-431.836329
0.000000	35.000000	0.000000	-231.641964	0.000000	1475.559109
0.000000	0.000000	35.000000	431.836329	-1475.559109	0.000000
0.000000	-231.641964	431.836329	22991.724698	-13161.121644	-9671.938496
231.641964	0.000000	-1475.559109	-13161.121644	67392.509519	-2940.524838
-431.836329	1475.559109	0.000000	-9671.938496	-2940.524838	85426.982406
1029	1209	1770
5.000000	0.000000	0.000000	0.000000	33.548311	28.104439
0.000000	5.000000	0.000000	-33.548311	0.000000	-66.956493
0.000000	0.000000	5.000000	-28.104439	66.956493	0.000000
0.000000	-33.548311	-28.104439	1381.583571	587.608085	312.565718
33.548311	0.000000	66.956493	587.608085	2103.955191	326.077877
28.104439	-66.956493	0.000000	312.565718	326.077877	2984.121260
89	1674	1770
91.000000	0.000000	0.000000	0.000000	944.518206	1004.370593
0.000000	91.000000	0.000000	-944.518206	0.000000	1629.325146
0.000000	0.000000	91.000000	-1004.370593	-1629.325146	0.000000
0.000000	-944.518206	-1004.370593	63885.856020	8062.426220	5158.356286
944.518206	0.000000	-1629.325146	8062.426220	195451.670222	12197.476399
1004.370593	1629.325146	0.000000	5158.356286	12197.476399	228719.110777
1289	1299	1770
6.000000	0.000000	0.000000	0.000000	7.484714	120.944916
0.000000	6.000000	0.000000	-7.484714	0.000000	-131.677152
0.000000	0.000000	6.000000	-120.944916	131.677152	0.000000
0.000000	-7.484714	-120.944916	2873.036912	-2983.203599	113.747259
7.484714	0.000000	131.677152	-2983.203599	4134.281592	132.586128
120.944916	-131.677152	0.000000	113.747259	132.586128	6883.769226
244	1519	1770
108.000000	0.000000	0.000000	0.000000	384.776344	-99.403180
0.000000	108.000000	0.000000	-384.776344	0.000000	1592.677922
0.000000	0.000000	108.000000	99.403180	-1592.677922	0.000000
0.000000	-384.776344	99.403180	20413.909479	-5273.468624	-5270.729487
384.776344	0.000000	-1592.677922	-5273.468624	154113.551197	-1042.519369
-99.403180	1592.677922	0.000000	-5270.729487	-1042.519369	169681.572179
649	1109	1770
6.000000	0.000000	0.000000	0.000000	72.521265	192.840065
0.000000	6.000000	0.000000	-72.521265	0.000000	-10.044725
0.000000	0.000000	6.000000	-192.840065	10.044725	0.000000
