0	0	1
1.00000000 0.00000000 0.00000000 0.00000000
0.00000000 1.00000000 0.00000000 0.00000000
0.00000000 0.00000000 1.00000000 0.00000000
0.00000000 0.00000000 0.00000000 1.00000000
1	1	2
0.99998791 -0.00087986 -0.00483754 -7.61157056
0.00090215 0.99998898 0.00460751 13.24312180
0.00483343 -0.00461182 0.99997768 -0.01482055
0.00000000 0.00000000 0.00000000 1.00000000
2	2	3
0.99997966 -0.00319033 -0.00552198 -12.28252214
0.00322072 0.99997967 0.00550333 23.33622396
0.00550431 -0.00552100 0.99996961 -0.05926605
0.00000000 0.00000000 0.00000000 1.00000000
3	3	4
0.99998022 -0.00255928 -0.00574624 -16.80502383
0.00259716 0.99997488 0.00659460 32.36244653
0.00572922 -0.00660939 0.99996175 -0.17575178
0.00000000 0.00000000 0.00000000 1.00000000
4	4	5
0.99997244 -0.00293090 -0.00682116 -21.46257321
0.00299987 0.99994426 0.01012300 41.71797052
0.00679112 -0.01014318 0.99992550 -0.35827521
0.00000000 0.00000000 0.00000000 1.00000000
5	5	6
0.99996386 -0.00396325 -0.00752102 -25.92774317
0.00405451 0.99991786 0.01215832 50.54995000
0.00747222 -0.01218837 0.99989780 -0.61962366
0.00000000 0.00000000 0.00000000 1.00000000
6	6	7
0.99995124 -0.00604481 -0.00780824 -30.42175166
0.00616663 0.99985815 0.01567323 59.63807167
0.00771239 -0.01572062 0.99984668 -0.86724649
0.00000000 0.00000000 0.00000000 1.00000000
7	7	8
0.99992701 -0.00741769 -0.00953687 -34.96835519
0.00759714 0.99979215 0.01891919 68.35162861
0.00939455 -0.01899026 0.99977553 -1.18877171
0.00000000 0.00000000 0.00000000 1.00000000
8	8	9
0.99989280 -0.00761929 -0.01250347 -39.63308866
0.00789507 0.99972332 0.02215728 76.97990529
0.01233119 -0.02225363 0.99967631 -1.43747400
0.00000000 0.00000000 0.00000000 1.00000000
9	9	10
0.99987119 -0.00973584 -0.01276005 -44.20229855
0.01004669 0.99964867 0.02452769 85.49471130
0.01251677 -0.02465272 0.99961771 -1.72895503
0.00000000 0.00000000 0.00000000 1.00000000
10	10	11
0.99988326 -0.00962673 -0.01186581 -48.99861300
0.00996807 0.99952822 0.02905129 94.64698903
0.01158054 -0.02916618 0.99950749 -2.01919850
0.00000000 0.00000000 0.00000000 1.00000000
11	11	12
0.99991812 -0.00859392 -0.00948166 -53.69393953
0.00887895 0.99949714 0.03044066 103.80357663
0.00921529 -0.03052235 0.99949160 -2.29865036
0.00000000 0.00000000 0.00000000 1.00000000
12	12	13
0.99994256 -0.00743551 -0.00771930 -58.84093853
0.00766014 0.99953571 0.02949047 113.64775051
0.00749644 -0.02954791 0.99953525 -2.55113405
0.00000000 0.00000000 0.00000000 1.00000000
13	13	14
0.99993931 -0.00680799 -0.00866235 -64.25493682
0.00706386 0.99952915 0.02985932 123.89388279
0.00845499 -0.02991870 0.99951658 -2.68347244
0.00000000 0.00000000 0.00000000 1.00000000
14	14	15
0.99994419 -0.00692431 -0.00797981 -69.74585999
0.00716167 0.99952094 0.03010970 135.69376023
0.00776750 -0.03016517 0.99951475 -3.03241498
0.00000000 0.00000000 0.00000000 1.00000000
15	15	16
0.99994142 -0.00715341 -0.00812254 -72.84530115
0.00739274 0.99952771 0.02982778 147.19384499
0.00790534 -0.02988608 0.99952205 -3.73470777
0.00000000 0.00000000 0.00000000 1.00000000
16	16	17
0.99995739 -0.00613674 -0.00689657 -72.67810314
0.00633883 0.99953951 0.02967474 151.17431157
0.00671128 -0.02971720 0.99953582 -3.93674037
0.00000000 0.00000000 0.00000000 1.00000000
17	17	18
0.99995303 -0.00652441 -0.00716755 -71.82289504
0.00673292 0.99954321 0.02946235 154.64860069
0.00697205 -0.02950922 0.99954019 -4.17642558
0.00000000 0.00000000 0.00000000 1.00000000
18	18	19
0.99993068 -0.00695652 -0.00949971 -70.18630684
0.00723014 0.99955097 0.02907888 158.56302003
0.00929316 -0.02914555 0.99953198 -4.39318332
0.00000000 0.00000000 0.00000000 1.00000000
19	19	20
0.99992738 -0.00665741 -0.01004601 -67.65497762
0.00694468 0.99956002 0.02883654 163.64691371
0.00984962 -0.02890421 0.99953366 -4.67031483
0.00000000 0.00000000 0.00000000 1.00000000
20	20	21
0.99992970 -0.00657986 -0.00986363 -61.01151121
0.00683939 0.99962507 0.02651318 171.14997630
0.00968548 -0.02657878 0.99959980 -5.33478192
0.00000000 0.00000000 0.00000000 1.00000000
21	21	22
0.99992018 -0.00624306 -0.01098409 -46.82113149
0.00652754 0.99963915 0.02605694 178.72461231
0.01081745 -0.02612656 0.99960011 -5.75438896
0.00000000 0.00000000 0.00000000 1.00000000
22	22	23
0.99990363 -0.00621887 -0.01241231 -36.95885026
0.00651662 0.99968847 0.02409340 182.78871316
0.01225861 -0.02417197 0.99963265 -5.97412647
0.00000000 0.00000000 0.00000000 1.00000000
23	23	24
0.99990283 -0.00567592 -0.01273267 -27.79932661
0.00596407 0.99972436 0.02270773 186.20776928
0.01260027 -0.02278146 0.99966106 -6.00964725
0.00000000 0.00000000 0.00000000 1.00000000
24	24	25
0.99986895 -0.00574161 -0.01513680 -18.51319759
0.00607996 0.99973054 0.02240259 189.83142842
0.01500410 -0.02249169 0.99963443 -6.16054263
0.00000000 0.00000000 0.00000000 1.00000000
25	25	26
0.99983780 -0.00574987 -0.01706807 -8.51237073
0.00610576 0.99976350 0.02087259 193.61259223
0.01694401 -0.02097342 0.99963644 -6.26636493
0.00000000 0.00000000 0.00000000 1.00000000
26	26	27
0.99983156 -0.00584289 -0.01739840 1.30277638
0.00617366 0.99980007 0.01901871 197.43000173
0.01728379 -0.01912292 0.99966774 -6.31244024
0.00000000 0.00000000 0.00000000 1.00000000
27	27	28
0.99981546 -0.00531558 -0.01846060 10.99550185
0.00562994 0.99983932 0.01701858 201.17811649
0.01836717 -0.01711937 0.99968474 -6.30186201
0.00000000 0.00000000 0.00000000 1.00000000
28	28	29
0.99977555 -0.00484595 -0.02062421 20.31085314
0.00514874 0.99987937 0.01465356 204.84626982
0.02055071 -0.01475646 0.99967991 -6.27744923
0.00000000 0.00000000 0.00000000 1.00000000
29	29	30
0.99971590 -0.00580492 -0.02311775 30.24040212
0.00612896 0.99988362 0.01397079 208.62566988
0.02303396 -0.01410851 0.99963513 -6.16702212
0.00000000 0.00000000 0.00000000 1.00000000
30	30	31
0.99963420 -0.00670749 -0.02620074 40.43869568
0.00713436 0.99984278 0.01623295 212.45486376
0.02608774 -0.01641394 0.99952489 -5.89459770
0.00000000 0.00000000 0.00000000 1.00000000
31	31	32
0.99965405 -0.00669778 -0.02543461 51.54356091
0.00709482 0.99985389 0.01555209 216.17161156
0.02532673 -0.01572717 0.99955551 -5.44195735
0.00000000 0.00000000 0.00000000 1.00000000
32	32	33
0.99964858 -0.00822713 -0.02520000 59.66879053
0.00864359 0.99982713 0.01646220 217.27531119
0.02506021 -0.01667423 0.99954688 -4.82425263
0.00000000 0.00000000 0.00000000 1.00000000
33	33	34
0.99965699 -0.00953518 -0.02439232 64.32159245
0.00990544 0.99983686 0.01510419 216.38457697
0.02424432 -0.01534062 0.99958835 -4.45795196
0.00000000 0.00000000 0.00000000 1.00000000
34	34	35
0.99964429 -0.01000509 -0.02472231 68.39591775
0.01039279 0.99982424 0.01560357 214.71976442
0.02456185 -0.01585495 0.99957258 -4.15221886
0.00000000 0.00000000 0.00000000 1.00000000
35	35	36
0.99960321 -0.01081032 -0.02601093 73.10912118
0.01120592 0.99982302 0.01511140 212.15729966
0.02584296 -0.01539688 0.99954744 -3.86776453
0.00000000 0.00000000 0.00000000 1.00000000
36	36	37
0.99962845 -0.01036934 -0.02520795 78.96474856
0.01077183 0.99981582 0.01588380 208.10476468
0.02503860 -0.01614943 0.99955603 -3.49990807
0.00000000 0.00000000 0.00000000 1.00000000
37	37	38
0.99966066 -0.01050216 -0.02383821 87.37538276
0.01088256 0.99981461 0.01588424 197.56755534
0.02366697 -0.01613827 0.99958963 -2.67697618
0.00000000 0.00000000 0.00000000 1.00000000
38	38	39
0.99963112 -0.00985984 -0.02530640 89.74500733
0.01024529 0.99983278 0.01514745 186.66452817
0.02515282 -0.01540113 0.99956498 -2.43918177
0.00000000 0.00000000 0.00000000 1.00000000
39	39	40
0.99962732 -0.01054536 -0.02517959 91.04618630
0.01091744 0.99983256 0.01468552 177.41608899
0.02502051 -0.01495495 0.99957507 -2.25002418
0.00000000 0.00000000 0.00000000 1.00000000
40	40	41
0.99964111 -0.01003814 -0.02483720 92.39283540
0.01035735 0.99986498 0.01275735 168.52114919
0.02470578 -0.01301002 0.99961011 -2.00316629
0.00000000 0.00000000 0.00000000 1.00000000
41	41	42
0.99964969 -0.00929068 -0.02478265 93.99604337
0.00958808 0.99988312 0.01190874 158.53269120
0.02466912 -0.01214219 0.99962193 -1.68833883
0.00000000 0.00000000 0.00000000 1.00000000
42	42	43
0.99965325 -0.01039315 -0.02419428 95.90319953
0.01069016 0.99986869 0.01217919 147.52826795
0.02406453 -0.01243361 0.99963308 -1.28774404
0.00000000 0.00000000 0.00000000 1.00000000
43	43	44
0.99965860 -0.00984944 -0.02420059 97.50620645
0.01011933 0.99988768 0.01105520 136.98442352
0.02408899 -0.01129632 0.99964599 -1.01621661
0.00000000 0.00000000 0.00000000 1.00000000
44	44	45
0.99967416 -0.00948554 -0.02369814 99.24841741
0.00970290 0.99991176 0.00907378 125.92591752
0.02360998 -0.00930077 0.99967798 -0.81368262
0.00000000 0.00000000 0.00000000 1.00000000
45	45	46
0.99968327 -0.00862338 -0.02364310 100.89789371
0.00881936 0.99992751 0.00819752 115.01805244
0.02357069 -0.00840344 0.99968685 -0.62677892
0.00000000 0.00000000 0.00000000 1.00000000
46	46	47
0.99971228 -0.00743209 -0.02280617 102.36310331
0.00761527 0.99993936 0.00795575 104.36236647
0.02274566 -0.00812714 0.99970825 -0.32938349
0.00000000 0.00000000 0.00000000 1.00000000
47	47	48
0.99972441 -0.00687848 -0.02244522 104.27068411
0.00704001 0.99994983 0.00712551 92.69217594
0.02239508 -0.00728156 0.99972268 0.08623806
0.00000000 0.00000000 0.00000000 1.00000000
48	48	49
0.99975896 -0.00675400 -0.02089051 108.27404778
0.00687371 0.99996033 0.00566416 75.15563649
0.02085142 -0.00580639 0.99976572 0.35751220
0.00000000 0.00000000 0.00000000 1.00000000
49	49	50
0.99978404 -0.00578125 -0.01996137 109.93854985
0.00587952 0.99997087 0.00486756 67.66460540
0.01993265 -0.00498387 0.99978890 0.26367535
0.00000000 0.00000000 0.00000000 1.00000000
50	50	51
0.99974378 -0.00523950 -0.02202105 111.11685811
0.00537017 0.99996830 0.00587890 61.35049251
0.02198955 -0.00599565 0.99974022 0.28944557
0.00000000 0.00000000 0.00000000 1.00000000
51	51	52
0.99971633 -0.00460971 -0.02336694 112.13607415
0.00472690 0.99997652 0.00496205 55.57635416
0.02334352 -0.00507110 0.99971464 0.26249322
0.00000000 0.00000000 0.00000000 1.00000000
52	52	53
0.99966445 -0.00534436 -0.02534618 113.28181614
0.00545805 0.99997534 0.00441820 50.63361103
0.02532195 -0.00455506 0.99966897 0.20356499
0.00000000 0.00000000 0.00000000 1.00000000
53	53	54
0.99973659 -0.00478867 -0.02244574 114.47385018
0.00486350 0.99998279 0.00328029 45.03150089
0.02242965 -0.00338859 0.99974268 0.11400646
0.00000000 0.00000000 0.00000000 1.00000000
54	54	55
0.99970576 -0.00328449 -0.02403348 116.30896827
0.00335153 0.99999060 0.00274943 33.06619285
0.02402423 -0.00282917 0.99970737 -0.00570827
0.00000000 0.00000000 0.00000000 1.00000000
55	55	56
0.99966095 -0.00221153 -0.02594397 117.75620748
0.00223769 0.99999702 0.00097958 21.82474738
0.02594173 -0.00103730 0.99966292 0.17758442
0.00000000 0.00000000 0.00000000 1.00000000
56	56	57
0.99968429 -0.00071932 -0.02511577 119.42932455
0.00074832 0.99999906 0.00114532 10.58640874
0.02511493 -0.00116375 0.99968389 0.30587636
0.00000000 0.00000000 0.00000000 1.00000000
57	57	58
0.99970360 -0.00124197 -0.02431404 121.19177014
0.00126273 0.99999885 0.00083860 -1.26880329
0.02431297 -0.00086906 0.99970402 0.54526131
0.00000000 0.00000000 0.00000000 1.00000000
58	58	59
0.99972583 -0.00109764 -0.02338914 122.13528889
0.00108942 0.99999934 -0.00036395 -11.75597476
0.02338952 0.00033837 0.99972637 0.69030524
0.00000000 0.00000000 0.00000000 1.00000000
59	59	60
0.99970283 -0.00028244 -0.02437545 122.99750141
0.00026305 0.99999965 -0.00079897 -22.12338175
0.02437566 0.00079232 0.99970256 0.69930691
0.00000000 0.00000000 0.00000000 1.00000000
60	60	61
0.99970406 -0.00086366 -0.02431159 123.51037972
0.00085366 0.99999955 -0.00042194 -32.38080085
0.02431194 0.00040106 0.99970434 0.57806550
0.00000000 0.00000000 0.00000000 1.00000000
61	61	62
0.99972532 -0.00088725 -0.02341984 124.57176072
0.00090325 0.99999937 0.00067232 -42.36828831
0.02341923 -0.00069329 0.99972549 0.68359535
0.00000000 0.00000000 0.00000000 1.00000000
62	62	63
0.99973704 -0.00009626 -0.02293112 125.55500292
0.00012979 0.99999893 0.00146053 -52.88266623
0.02293095 -0.00146312 0.99973598 0.81260365
0.00000000 0.00000000 0.00000000 1.00000000
63	63	64
0.99974791 0.00010256 -0.02245248 126.73875837
-0.00007125 0.99999902 0.00139534 -63.45507976
0.02245260 -0.00139339 0.99974694 0.92992142
0.00000000 0.00000000 0.00000000 1.00000000
64	64	65
0.99975440 0.00051727 -0.02215563 127.52620668
-0.00047192 0.99999778 0.00205175 -73.46188287
0.02215664 -0.00204079 0.99975243 0.81396716
0.00000000 0.00000000 0.00000000 1.00000000
65	65	66
0.99973359 0.00033030 -0.02307879 128.35516230
-0.00030883 0.99999952 0.00093406 -83.40799373
0.02307909 -0.00092668 0.99973321 0.79665867
0.00000000 0.00000000 0.00000000 1.00000000
66	66	67
0.99973592 -0.00112474 -0.02295270 129.70743584
0.00113487 0.99999926 0.00042861 -93.23346389
0.02295220 -0.00045455 0.99973646 0.97898317
0.00000000 0.00000000 0.00000000 1.00000000
67	67	68
0.99974392 -0.00044006 -0.02262522 130.47023716
0.00045415 0.99999971 0.00061761 -102.82887998
0.02262494 -0.00062773 0.99974383 0.96990070
0.00000000 0.00000000 0.00000000 1.00000000
68	68	69
0.99975536 -0.00115864 -0.02208817 131.44110471
0.00121673 0.99999584 0.00261666 -113.29145171
0.02208504 -0.00264290 0.99975260 0.90901651
0.00000000 0.00000000 0.00000000 1.00000000
69	69	70
0.99974538 -0.00050354 -0.02255914 132.36734396
0.00056602 0.99999602 0.00276358 -123.78930330
0.02255766 -0.00277565 0.99974169 0.87104960
0.00000000 0.00000000 0.00000000 1.00000000
70	70	71
0.99974194 0.00003154 -0.02271690 133.63225122
0.00001656 0.99999776 0.00211704 -133.45898452
0.02271691 -0.00211687 0.99973970 1.09992321
0.00000000 0.00000000 0.00000000 1.00000000
71	71	72
0.99974279 -0.00123941 -0.02264531 134.90357552
0.00130529 0.99999496 0.00289442 -143.42318636
0.02264161 -0.00292324 0.99973937 1.26783585
0.00000000 0.00000000 0.00000000 1.00000000
72	72	73
0.99976577 -0.00042206 -0.02163872 136.08106961
0.00047859 0.99999649 0.00260757 -154.00215920
0.02163755 -0.00261732 0.99976245 1.34430212
0.00000000 0.00000000 0.00000000 1.00000000
73	73	74
0.99976185 -0.00242219 -0.02168803 137.69238279
0.00247503 0.99999403 0.00240973 -164.02074447
0.02168207 -0.00246283 0.99976188 1.46996586
0.00000000 0.00000000 0.00000000 1.00000000
74	74	75
0.99975911 -0.00247654 -0.02180784 139.49739835
0.00256568 0.99998846 0.00406086 -174.76962845
0.02179753 -0.00411583 0.99975393 1.56168080
0.00000000 0.00000000 0.00000000 1.00000000
75	75	76
0.99976353 -0.00304397 -0.02153178 141.02670153
0.00312145 0.99998877 0.00356584 -185.54851304
0.02152068 -0.00363221 0.99976181 1.64643499
0.00000000 0.00000000 0.00000000 1.00000000
76	76	77
0.99977181 -0.00284352 -0.02117190 142.42940026
0.00293376 0.99998674 0.00423213 -196.23041685
0.02115958 -0.00429328 0.99976689 1.71029516
0.00000000 0.00000000 0.00000000 1.00000000
77	77	78
0.99978021 -0.00249071 -0.02081635 144.22469669
0.00258214 0.99998713 0.00436628 -212.58721381
0.02080521 -0.00441907 0.99977378 1.83115762
0.00000000 0.00000000 0.00000000 1.00000000
78	78	79
0.99979881 -0.00183522 -0.01997416 145.21954231
0.00193443 0.99998588 0.00494866 -223.45436115
0.01996480 -0.00498630 0.99978825 1.94205762
0.00000000 0.00000000 0.00000000 1.00000000
79	79	80
0.99978342 -0.00243207 -0.02066881 145.46733272
0.00252665 0.99998645 0.00455124 -228.78865411
0.02065746 -0.00460248 0.99977602 2.02944789
0.00000000 0.00000000 0.00000000 1.00000000
80	80	81
0.99979637 -0.00248511 -0.02002603 145.58547899
0.00256467 0.99998892 0.00394785 -233.62063943
0.02001600 -0.00399840 0.99979166 2.06572908
0.00000000 0.00000000 0.00000000 1.00000000
81	81	82
0.99979567 -0.00319282 -0.01996053 145.73679852
0.00325706 0.99998962 0.00318686 -238.24186851
0.01995015 -0.00325122 0.99979569 2.08867949
0.00000000 0.00000000 0.00000000 1.00000000
82	82	83
0.99980011 -0.00353475 -0.01967845 145.86463831
0.00358936 0.99998980 0.00274064 -242.89673050
0.01966857 -0.00281073 0.99980260 2.11971368
0.00000000 0.00000000 0.00000000 1.00000000
83	83	84
0.99979135 -0.00424966 -0.01997982 145.99193521
0.00428510 0.99998932 0.00173122 -251.46822538
0.01997225 -0.00181648 0.99979888 2.12714539
0.00000000 0.00000000 0.00000000 1.00000000
84	84	85
0.99978338 -0.00429944 -0.02036458 146.20272509
0.00432936 0.99998961 0.00142534 -268.73041020
0.02035824 -0.00151320 0.99979160 2.13391993
0.00000000 0.00000000 0.00000000 1.00000000
85	85	86
0.99972797 -0.00413648 -0.02295377 146.47360786
0.00413855 0.99999144 0.00004267 -281.06752932
0.02295340 -0.00013765 0.99973653 2.03398716
0.00000000 0.00000000 0.00000000 1.00000000
86	86	87
0.99974278 -0.00339113 -0.02242505 146.49807707
0.00340028 0.99999415 0.00036977 -292.68095427
0.02242366 -0.00044593 0.99974846 2.00315816
0.00000000 0.00000000 0.00000000 1.00000000
87	87	88
0.99972564 -0.00302641 -0.02322685 146.01949220
0.00302372 0.99999542 -0.00015105 -303.23188802
0.02322720 0.00008078 0.99973021 2.06246027
0.00000000 0.00000000 0.00000000 1.00000000
88	88	89
0.99971886 -0.00509372 -0.02315731 145.57192626
0.00505566 0.99998577 -0.00170144 -313.32072856
0.02316564 0.00158388 0.99973039 2.11594715
0.00000000 0.00000000 0.00000000 1.00000000
89	89	90
0.99971560 -0.00580386 -0.02313091 145.06304301
0.00582973 0.99998245 0.00105120 -323.73474636
0.02312440 -0.00118575 0.99973189 2.47682665
0.00000000 0.00000000 0.00000000 1.00000000
90	90	91
0.99970560 -0.00614476 -0.02347235 144.38589973
0.00620704 0.99997740 0.00258145 -334.40996647
0.02345596 -0.00272638 0.99972115 2.71185877
0.00000000 0.00000000 0.00000000 1.00000000
91	91	92
0.99970581 -0.00661936 -0.02333403 143.86216787
0.00669792 0.99997215 0.00329047 -344.29953539
0.02331160 -0.00344579 0.99972231 2.77256304
0.00000000 0.00000000 0.00000000 1.00000000
92	92	93
0.99970254 -0.00685322 -0.02340638 143.83281655
0.00692028 0.99997217 0.00278552 -354.27909741
0.02338664 -0.00294667 0.99972215 2.87360386
0.00000000 0.00000000 0.00000000 1.00000000
93	93	94
0.99968777 -0.00695117 -0.02400077 144.71155178
0.00701994 0.99997149 0.00278237 -364.67811534
0.02398075 -0.00294999 0.99970807 3.01647891
0.00000000 0.00000000 0.00000000 1.00000000
94	94	95
0.99970224 -0.00705923 -0.02335785 145.86768101
0.00712204 0.99997124 0.00260697 -374.35549810
0.02333877 -0.00277255 0.99972377 3.14217928
0.00000000 0.00000000 0.00000000 1.00000000
95	95	96
0.99969801 -0.00794457 -0.02325462 147.23493279
0.00800419 0.99996491 0.00247152 -384.56344244
0.02323417 -0.00265691 0.99972652 3.06188821
0.00000000 0.00000000 0.00000000 1.00000000
96	96	97
0.99965937 -0.00783877 -0.02489362 149.42267610
0.00787732 0.99996792 0.00145117 -395.43674691
0.02488144 -0.00164678 0.99968905 3.12768393
0.00000000 0.00000000 0.00000000 1.00000000
97	97	98
0.99966196 -0.00698477 -0.02504356 151.74129488
0.00705384 0.99997155 0.00267097 -405.67570003
0.02502419 -0.00284672 0.99968279 3.26035061
0.00000000 0.00000000 0.00000000 1.00000000
98	98	99
0.99965292 -0.00691994 -0.02541960 153.60904037
0.00700265 0.99997047 0.00316657 -416.78095221
0.02539694 -0.00334348 0.99967185 3.29391731
0.00000000 0.00000000 0.00000000 1.00000000
99	99	100
0.99963038 -0.00725325 -0.02620096 153.47610454
0.00738036 0.99996145 0.00475786 -434.11997749
0.02616544 -0.00494947 0.99964537 3.25254277
0.00000000 0.00000000 0.00000000 1.00000000
100	100	101
0.99969240 -0.00667840 -0.02388528 151.34982514
0.00681794 0.99996014 0.00576527 -439.27980114
0.02384582 -0.00592635 0.99969808 3.02137249
0.00000000 0.00000000 0.00000000 1.00000000
101	101	102
0.99976207 -0.00675068 -0.02074182 149.41848271
0.00689324 0.99995306 0.00680941 -443.08428025
0.02069488 -0.00695076 0.99976168 2.82278927
0.00000000 0.00000000 0.00000000 1.00000000
102	102	103
0.99972300 -0.00684848 -0.02251730 147.40156130
0.00700585 0.99995153 0.00691724 -446.48549776
0.02246883 -0.00707307 0.99972252 2.70678197
0.00000000 0.00000000 0.00000000 1.00000000
103	103	104
0.99973851 -0.00588082 -0.02209813 144.38507309
0.00604866 0.99995331 0.00753603 -450.33342173
0.02205278 -0.00766772 0.99972740 2.58293102
0.00000000 0.00000000 0.00000000 1.00000000
104	104	105
0.99974807 -0.00523155 -0.02182704 140.04057614
0.00537962 0.99996288 0.00673086 -453.44318080
0.02179101 -0.00684658 0.99973910 2.42558890
0.00000000 0.00000000 0.00000000 1.00000000
105	105	106
0.99970111 -0.00559811 -0.02379833 127.07043562
0.00573211 0.99996808 0.00556594 -459.85764726
0.02376641 -0.00570069 0.99970129 1.71214869
0.00000000 0.00000000 0.00000000 1.00000000
106	106	107
0.99965586 -0.00421574 -0.02589169 115.35293374
0.00446092 0.99994569 0.00941878 -465.36793135
0.02585058 -0.00953104 0.99962038 1.42348279
0.00000000 0.00000000 0.00000000 1.00000000
107	107	108
0.99966740 -0.00399790 -0.02547755 104.02173628
0.00434463 0.99989851 0.01356818 -469.97866096
0.02542072 -0.01367435 0.99958331 1.23912256
0.00000000 0.00000000 0.00000000 1.00000000
108	108	109
0.99966021 -0.00284468 -0.02591071 93.93317128
0.00317288 0.99991515 0.01263436 -473.89228608
0.02587257 -0.01271228 0.99958442 1.01279462
0.00000000 0.00000000 0.00000000 1.00000000
109	109	110
0.99979166 -0.00308245 -0.02017757 83.61035949
0.00306985 0.99999507 -0.00065548 -477.83701052
0.02017949 0.00059340 0.99979620 0.71364451
0.00000000 0.00000000 0.00000000 1.00000000
110	110	111
0.99975803 -0.00219852 -0.02188708 74.15292549
0.00218844 0.99999749 -0.00048440 -481.31272215
0.02188809 0.00043638 0.99976033 0.44311126
0.00000000 0.00000000 0.00000000 1.00000000
111	111	112
0.99971476 -0.00121983 -0.02385186 64.65969714
0.00128933 0.99999497 0.00289889 -484.97283799
0.02384820 -0.00292882 0.99971130 0.16317757
0.00000000 0.00000000 0.00000000 1.00000000
112	112	113
0.99971942 -0.00201768 -0.02360119 55.16238640
0.00207768 0.99999467 0.00251822 -488.73720967
0.02359599 -0.00256655 0.99971828 -0.00849023
0.00000000 0.00000000 0.00000000 1.00000000
113	113	114
0.99969716 -0.00321961 -0.02439701 43.03527748
0.00333332 0.99998377 0.00462154 -493.63156787
0.02438174 -0.00470146 0.99969167 -0.04898322
0.00000000 0.00000000 0.00000000 1.00000000
114	114	115
0.99962847 -0.00233534 -0.02715622 37.85897093
0.00247023 0.99998477 0.00493470 -494.38763047
0.02714428 -0.00499995 0.99961902 -0.07236868
0.00000000 0.00000000 0.00000000 1.00000000
115	115	116
0.99965193 -0.00460587 -0.02597697 34.06425527
0.00468203 0.99998492 0.00287148 -493.95241133
0.02596335 -0.00299210 0.99965842 -0.09401411
0.00000000 0.00000000 0.00000000 1.00000000
116	116	117
0.99964123 -0.00510894 -0.02629259 29.99605210
0.00516493 0.99998454 0.00206191 -492.91367250
0.02628165 -0.00219697 0.99965216 -0.13476616
0.00000000 0.00000000 0.00000000 1.00000000
117	117	118
0.99967978 -0.00421246 -0.02495172 24.86671232
0.00426541 0.99998876 0.00206937 -491.36631400
0.02494272 -0.00217514 0.99968652 -0.19001697
0.00000000 0.00000000 0.00000000 1.00000000
118	118	119
0.99971678 -0.00435235 -0.02339684 17.74696866
0.00443123 0.99998467 0.00332048 -488.64717911
0.02338203 -0.00342322 0.99972074 -0.22422787
0.00000000 0.00000000 0.00000000 1.00000000
119	119	120
0.99970692 -0.00835961 -0.02271988 7.58199208
0.00845909 0.99995504 0.00428594 -475.15171298
0.02268303 -0.00447687 0.99973268 -0.37653998
0.00000000 0.00000000 0.00000000 1.00000000
120	120	121
0.99978136 -0.00860017 -0.01905971 4.03796965
0.00868647 0.99995237 0.00444949 -463.77268437
0.01902053 -0.00461408 0.99980845 -0.55008875
0.00000000 0.00000000 0.00000000 1.00000000
121	121	122
0.99973153 -0.01061606 -0.02059513 0.94696575
0.01065558 0.99994159 0.00181034 -453.32078213
0.02057471 -0.00202931 0.99978626 -0.67852701
0.00000000 0.00000000 0.00000000 1.00000000
122	122	123
0.99973538 -0.01256460 -0.01926940 -2.36416824
0.01255571 0.99992100 -0.00058203 -442.43134681
0.01927519 0.00033993 0.99981416 -0.84041526
0.00000000 0.00000000 0.00000000 1.00000000
123	123	124
0.99965119 -0.01405014 -0.02236276 -6.09982442
0.01400710 0.99989973 -0.00208031 -430.18758061
0.02238975 0.00176635 0.99974776 -1.02809632
0.00000000 0.00000000 0.00000000 1.00000000
124	124	125
0.99959833 -0.01562552 -0.02364364 -7.14061743
0.01555261 0.99987372 -0.00326409 -421.72499435
0.02369165 0.00289506 0.99971512 -1.08944703
0.00000000 0.00000000 0.00000000 1.00000000
125	125	126
0.99956089 -0.01722813 -0.02410841 -6.70114038
0.01714101 0.99984580 -0.00381563 -415.81849040
0.02417043 0.00340071 0.99970207 -1.02541760
0.00000000 0.00000000 0.00000000 1.00000000
126	126	127
0.99953819 -0.02070679 -0.02224053 -5.14079962
0.02066881 0.99978450 -0.00193612 -409.16924810
0.02227583 0.00147554 0.99975077 -0.96115311
0.00000000 0.00000000 0.00000000 1.00000000
127	127	128
0.99946517 -0.02201527 -0.02418067 -2.17095880
0.02198405 0.99975711 -0.00155618 -401.50793787
0.02420906 0.00102376 0.99970639 -0.84638887
0.00000000 0.00000000 0.00000000 1.00000000
128	128	129
0.99938543 -0.02241214 -0.02695286 1.12258679
0.02241111 0.99974878 -0.00034018 -394.59686352
0.02695371 -0.00026407 0.99963665 -0.84501172
0.00000000 0.00000000 0.00000000 1.00000000
129	129	130
0.99937545 -0.02400189 -0.02593490 3.40257224
0.02390229 0.99970571 -0.00414358 -388.60868812
0.02602672 0.00352109 0.99965505 -0.80436774
0.00000000 0.00000000 0.00000000 1.00000000
130	130	131
0.99933640 -0.02435583 -0.02708416 5.16062757
0.02429778 0.99970171 -0.00247048 -382.48564823
0.02713625 0.00181075 0.99963010 -0.79876189
0.00000000 0.00000000 0.00000000 1.00000000
131	131	132
0.99933136 -0.02471970 -0.02694005 6.02851896
0.02465014 0.99969190 -0.00291094 -375.73201062
0.02700371 0.00224492 0.99963281 -0.79844952
0.00000000 0.00000000 0.00000000 1.00000000
132	132	133
0.99932172 -0.02460987 -0.02739455 4.63298692
0.02451955 0.99969277 -0.00362823 -371.43938190
0.02747542 0.00295407 0.99961811 -0.89884381
0.00000000 0.00000000 0.00000000 1.00000000
133	133	134
0.99936242 -0.02460858 -0.02586836 1.59661654
0.02455121 0.99969536 -0.00253317 -370.83187555
0.02592282 0.00189646 0.99966215 -1.02279713
0.00000000 0.00000000 0.00000000 1.00000000
134	134	135
0.99937840 -0.02412124 -0.02570956 -1.35871895
0.02405788 0.99970673 -0.00277081 -370.43036081
0.02576885 0.00215057 0.99966561 -1.14275002
0.00000000 0.00000000 0.00000000 1.00000000
135	135	136
0.99937979 -0.02381732 -0.02593779 -4.29212428
0.02374865 0.99971360 -0.00295237 -371.02416765
0.02600068 0.00233455 0.99965920 -1.23226022
0.00000000 0.00000000 0.00000000 1.00000000
136	136	137
0.99933710 -0.02416280 -0.02723077 -6.87483706
0.02409337 0.99970558 -0.00287510 -372.74077251
0.02729223 0.00221711 0.99962504 -1.29961466
0.00000000 0.00000000 0.00000000 1.00000000
137	137	138
0.99930133 -0.02661746 -0.02623658 -8.59877393
0.02655813 0.99964387 -0.00260721 -375.13033464
0.02629664 0.00190859 0.99965236 -1.36270069
0.00000000 0.00000000 0.00000000 1.00000000
138	138	139
0.99935173 -0.02419177 -0.02666238 -9.65640876
0.02411120 0.99970371 -0.00333906 -377.87588927
0.02673526 0.00269404 0.99963892 -1.41741301
0.00000000 0.00000000 0.00000000 1.00000000
139	139	140
0.99934559 -0.02429489 -0.02679822 -10.25609125
0.02420904 0.99970071 -0.00352350 -380.89435030
0.02687581 0.00287244 0.99963465 -1.46118878
0.00000000 0.00000000 0.00000000 1.00000000
140	140	141
0.99372276 -0.00074369 -0.11186837 -33.35778980
-0.00214285 0.99966790 -0.02568057 -371.32276264
0.11185032 0.02575909 0.99339115 -1.69197936
0.00000000 0.00000000 0.00000000 1.00000000
141	141	142
0.99368896 -0.00402849 -0.11209827 -31.92773496
0.00103692 0.99964208 -0.02673256 -384.86975172
0.11216584 0.02644761 0.99333748 -2.20895373
0.00000000 0.00000000 0.00000000 1.00000000
142	142	143
0.99374284 -0.00552858 -0.11155536 -27.04153117
0.00266807 0.99966421 -0.02577514 -394.60930690
0.11166040 0.02531622 0.99342390 -2.15483018
0.00000000 0.00000000 0.00000000 1.00000000
143	143	144
0.99379407 -0.00818013 -0.11093440 -22.60617442
0.00559495 0.99970594 -0.02359496 -402.53283361
0.11109479 0.02282786 0.99354760 -2.01090710
0.00000000 0.00000000 0.00000000 1.00000000
144	144	145
0.99389509 -0.00985470 -0.10988828 -18.18679707
0.00742867 0.99972003 -0.02246479 -410.16082823
0.11007890 0.02151132 0.99369004 -1.81256931
0.00000000 0.00000000 0.00000000 1.00000000
145	145	146
0.99366756 -0.00991576 -0.11192163 -13.54582052
0.00700016 0.99962660 -0.02641334 -418.16643173
0.11214174 0.02546261 0.99336594 -1.62602027
0.00000000 0.00000000 0.00000000 1.00000000
146	146	147
0.99330386 -0.01077948 -0.11502715 -8.90298555
0.00772136 0.99960565 -0.02699866 -427.30055379
0.11527283 0.02592971 0.99299538 -1.36073978
0.00000000 0.00000000 0.00000000 1.00000000
147	147	148
0.99322377 -0.01319000 -0.11546677 -4.62481143
0.01003327 0.99956099 -0.02787748 -437.87657679
0.11578378 0.02653007 0.99292007 -0.95201837
0.00000000 0.00000000 0.00000000 1.00000000
148	148	149
0.99369711 -0.01394069 -0.11122817 -1.06883323
0.01098963 0.99957230 -0.02710070 -448.93699769
0.11155840 0.02570753 0.99342531 -0.74303528
0.00000000 0.00000000 0.00000000 1.00000000
149	149	150
0.99353277 -0.01419189 -0.11265538 1.94471942
0.01105129 0.99953402 -0.02845362 -458.46685939
0.11300670 0.02702461 0.99322664 -0.55788653
0.00000000 0.00000000 0.00000000 1.00000000
150	150	151
0.99330382 -0.01776646 -0.11415727 4.82835701
0.01463102 0.99949394 -0.02824545 -467.90392422
0.11460132 0.02638607 0.99306108 -0.42358674
0.00000000 0.00000000 0.00000000 1.00000000
151	151	152
0.99286339 -0.02092097 -0.11740788 7.46807368
0.01774499 0.99944953 -0.02803136 -477.18030357
0.11792969 0.02574791 0.99268808 -0.31269419
0.00000000 0.00000000 0.00000000 1.00000000
152	152	153
0.99321830 -0.02405196 -0.11374933 10.40450344
0.02110314 0.99941110 -0.02705752 -487.20857179
0.11433313 0.02447355 0.99314097 -0.15788860
0.00000000 0.00000000 0.00000000 1.00000000
153	153	154
0.99384981 -0.02380507 -0.10814751 13.09306982
0.02141086 0.99950047 -0.02324600 -496.68705132
0.10864686 0.02078750 0.99386304 -0.01951899
0.00000000 0.00000000 0.00000000 1.00000000
154	154	155
0.99433912 -0.02558272 -0.10312732 16.06586962
0.02323231 0.99944369 -0.02392858 -506.73220083
0.10368211 0.02139724 0.99438030 0.11472636
0.00000000 0.00000000 0.00000000 1.00000000
155	155	156
0.99411185 -0.02953425 -0.10425618 19.06199912
0.02698736 0.99930391 -0.02575618 -516.52977760
0.10494430 0.02279092 0.99421691 0.21505162
0.00000000 0.00000000 0.00000000 1.00000000
156	156	157
0.99449941 -0.03181088 -0.09979474 22.12121909
0.02935423 0.99923113 -0.02598993 -526.09883023
0.10054477 0.02291758 0.99466855 0.35892900
0.00000000 0.00000000 0.00000000 1.00000000
157	157	158
0.99428912 -0.03331064 -0.10138814 25.29957864
0.03046127 0.99909983 -0.02952367 -535.38657578
0.10228033 0.02626665 0.99440877 0.58069071
0.00000000 0.00000000 0.00000000 1.00000000
158	158	159
0.99481664 -0.03478258 -0.09555112 28.62619465
0.03220091 0.99907700 -0.02842959 -545.51581402
0.09645178 0.02520540 0.99501846 0.65082549
0.00000000 0.00000000 0.00000000 1.00000000
159	159	160
0.99504633 -0.03577891 -0.09275056 31.81921197
0.03331282 0.99905262 -0.02800209 -554.98974434
0.09366457 0.02477359 0.99529554 0.76137081
0.00000000 0.00000000 0.00000000 1.00000000
160	160	161
0.99534933 -0.03558694 -0.08951690 34.89218389
0.03338191 0.99910414 -0.02601078 -564.55640727
0.09036235 0.02290157 0.99564560 0.84090990
0.00000000 0.00000000 0.00000000 1.00000000
161	161	162
0.99567349 -0.03725728 -0.08512464 37.68344017
0.03559216 0.99914582 -0.02099609 -573.63626624
0.08583419 0.01787548 0.99614907 0.87166114
0.00000000 0.00000000 0.00000000 1.00000000
162	162	163
0.99579504 -0.03756810 -0.08355169 40.73719303
0.03614530 0.99917571 -0.01847743 -583.20190377
0.08417698 0.01537973 0.99633212 1.01719944
0.00000000 0.00000000 0.00000000 1.00000000
163	163	164
0.99594039 -0.03753576 -0.08181571 43.77996608
0.03630188 0.99920436 -0.01651742 -592.34973603
0.08237061 0.01348030 0.99651059 1.10777968
0.00000000 0.00000000 0.00000000 1.00000000
164	164	165
0.99609124 -0.03634431 -0.08050677 46.99020902
0.03526061 0.99926793 -0.01484245 -602.18750939
0.08098727 0.01194571 0.99664355 1.23583674
0.00000000 0.00000000 0.00000000 1.00000000
165	165	166
0.99631662 -0.03508286 -0.07824569 50.32435845
0.03402474 0.99931117 -0.01481590 -612.14748443
0.07871158 0.01209904 0.99682401 1.36348532
0.00000000 0.00000000 0.00000000 1.00000000
166	166	167
0.99659841 -0.02953320 -0.07693766 54.86740360
0.02855922 0.99949781 -0.01372924 -626.12275158
0.07730449 0.01148526 0.99694137 1.51598119
0.00000000 0.00000000 0.00000000 1.00000000
167	167	168
0.99712836 -0.02363800 -0.07194634 57.43654537
0.02302725 0.99969152 -0.00930676 -636.37183222
0.07214414 0.00762331 0.99736508 1.78850837
0.00000000 0.00000000 0.00000000 1.00000000
168	168	169
0.99693069 -0.01863086 -0.07604012 57.05360108
0.01791191 0.99978829 -0.01012594 -640.28741721
0.07621267 0.00873284 0.99705334 1.80766895
0.00000000 0.00000000 0.00000000 1.00000000
169	169	170
0.99706981 -0.01462788 -0.07508535 55.79039742
0.01388567 0.99984953 -0.01039744 -643.79499771
0.07522615 0.00932436 0.99712290 1.74487971
0.00000000 0.00000000 0.00000000 1.00000000
170	170	171
0.99706727 -0.01164310 -0.07563928 53.68347586
0.01109159 0.99990878 -0.00770732 -647.82364926
0.07572212 0.00684575 0.99710546 1.59909497
0.00000000 0.00000000 0.00000000 1.00000000
171	171	172
0.99649115 -0.00890091 -0.08322362 50.30250272
0.00863132 0.99995627 -0.00359854 -652.49323049
0.08325202 0.00286758 0.99652440 1.32763478
0.00000000 0.00000000 0.00000000 1.00000000
172	172	173
0.99644134 -0.00396665 -0.08419569 43.84876896
0.00376935 0.99998977 -0.00250211 -659.20014814
0.08420475 0.00217584 0.99644610 0.85517832
0.00000000 0.00000000 0.00000000 1.00000000
173	173	174
0.99671792 -0.00164037 -0.08093632 24.77897680
0.00188629 0.99999383 0.00296205 -665.31420775
0.08093096 -0.00310500 0.99671487 -0.69515848
0.00000000 0.00000000 0.00000000 1.00000000
174	174	175
0.99658342 0.00086530 -0.08258775 13.91959736
-0.00040212 0.99998410 0.00562476 -666.20642690
0.08259130 -0.00557233 0.99656792 -1.78153306
0.00000000 0.00000000 0.00000000 1.00000000
175	175	176
0.99671289 0.00117563 -0.08100642 5.51364887
-0.00060101 0.99997449 0.00711755 -666.78836512
0.08101272 -0.00704547 0.99668817 -2.59602745
0.00000000 0.00000000 0.00000000 1.00000000
176	176	177
0.99676514 0.00148061 -0.08035588 -3.58580479
-0.00092860 0.99997572 0.00690645 -667.16876419
0.08036416 -0.00680949 0.99674231 -3.47666460
0.00000000 0.00000000 0.00000000 1.00000000
177	177	178
0.99671533 0.00081495 -0.08098080 -11.96290417
-0.00018526 0.99996970 0.00778291 -667.65364595
0.08098469 -0.00774235 0.99668527 -4.13733491
0.00000000 0.00000000 0.00000000 1.00000000
178	178	179
0.99668007 0.00094300 -0.08141226 -18.62564183
-0.00017403 0.99995531 0.00945189 -668.42354721
0.08141754 -0.00940634 0.99663569 -4.62120976
0.00000000 0.00000000 0.00000000 1.00000000
179	179	180
0.99681096 0.00080704 -0.07979506 -25.00049493
0.00003991 0.99994369 0.01061180 -669.79797231
0.07979913 -0.01058114 0.99675480 -5.07609333
0.00000000 0.00000000 0.00000000 1.00000000
180	180	181
0.99692311 -0.00089801 -0.07838057 -31.41021603
0.00184990 0.99992541 0.01207261 -672.34640303
0.07836388 -0.01218046 0.99685041 -5.53102699
0.00000000 0.00000000 0.00000000 1.00000000
181	181	182
0.99716795 -0.00106139 -0.07519938 -38.30767061
0.00203814 0.99991454 0.01291333 -676.06897721
0.07517925 -0.01303003 0.99708490 -5.99671580
0.00000000 0.00000000 0.00000000 1.00000000
182	182	183
0.99740703 -0.00198040 -0.07193951 -45.35420086
0.00298453 0.99989959 0.01385321 -681.63981099
0.07190485 -0.01403200 0.99731279 -6.38305196
0.00000000 0.00000000 0.00000000 1.00000000
183	183	184
0.99801380 0.00057513 -0.06299299 -53.76832186
0.00093951 0.99971122 0.02401237 -693.97123225
0.06298861 -0.02402386 0.99772506 -6.65918166
0.00000000 0.00000000 0.00000000 1.00000000
184	184	185
0.99820246 0.00775977 -0.05942755 -57.32627499
-0.00567890 0.99936752 0.03510438 -705.41855612
0.05966236 -0.03470379 0.99761518 -6.63956962
0.00000000 0.00000000 0.00000000 1.00000000
185	185	186
0.99899365 0.00805889 -0.04412193 -59.66088154
-0.00668358 0.99948988 0.03122995 -716.21757320
0.04435110 -0.03090363 0.99853790 -6.20457946
0.00000000 0.00000000 0.00000000 1.00000000
186	186	187
0.99961081 0.01087243 -0.02569071 -62.32581598
-0.01005747 0.99944870 0.03164084 -728.08274769
0.02602056 -0.03137014 0.99916908 -5.72409803
0.00000000 0.00000000 0.00000000 1.00000000
187	187	188
0.99965166 0.01346784 -0.02269739 -66.98816235
-0.01259490 0.99919175 0.03817337 -745.90139323
0.02319316 -0.03787420 0.99901332 -5.38602562
0.00000000 0.00000000 0.00000000 1.00000000
188	188	189
0.99975420 0.01470511 -0.01659225 -68.53979351
-0.01400824 0.99904603 0.04136176 -751.74931645
0.01718465 -0.04111917 0.99900646 -5.32780365
0.00000000 0.00000000 0.00000000 1.00000000
189	189	190
0.99981871 0.01780030 -0.00676039 -70.11069479
-0.01748812 0.99889050 0.04372576 -757.28699752
0.00753122 -0.04359961 0.99902070 -5.29227308
0.00000000 0.00000000 0.00000000 1.00000000
190	190	191
0.99981897 0.01793194 0.00636173 -71.53948627
-0.01820481 0.99878470 0.04580081 -762.41315899
-0.00553270 -0.04590833 0.99893033 -5.23163929
0.00000000 0.00000000 0.00000000 1.00000000
191	191	192
0.99965050 0.01751963 0.01979749 -72.86115787
-0.01845540 0.99867119 0.04811716 -767.53640686
-0.01892819 -0.04846572 0.99864548 -5.17170686
0.00000000 0.00000000 0.00000000 1.00000000
192	192	193
0.99944063 0.01571014 0.02952318 -74.20180376
-0.01716506 0.99861712 0.04969118 -773.03994176
-0.02870170 -0.05017015 0.99832819 -5.10863468
0.00000000 0.00000000 0.00000000 1.00000000
193	193	194
0.99901972 0.01594240 0.04129708 -78.00109030
-0.01798859 0.99860417 0.04966003 -786.72419250
-0.04044773 -0.05035422 0.99791204 -4.86228982
0.00000000 0.00000000 0.00000000 1.00000000
194	194	195
0.99863802 0.01544196 0.04983632 -81.23419243
-0.01790367 0.99862188 0.04933354 -793.72515546
-0.04900583 -0.05015860 0.99753824 -4.59192807
0.00000000 0.00000000 0.00000000 1.00000000
195	195	196
0.99845405 0.01460669 0.05362977 -85.49750354
-0.01727019 0.99862272 0.04954185 -800.41938427
-0.05283227 -0.05039146 0.99733116 -4.28554296
0.00000000 0.00000000 0.00000000 1.00000000
196	196	197
0.99830410 0.01290828 0.05676528 -91.91048289
-0.01581610 0.99856941 0.05107814 -807.75847787
-0.05602474 -0.05188932 0.99708010 -3.87821335
0.00000000 0.00000000 0.00000000 1.00000000
197	197	198
0.99797960 0.01022924 0.06270627 -101.92204502
-0.01362014 0.99845402 0.05388937 -814.84486077
-0.06205808 -0.05463456 0.99657607 -3.34492665
0.00000000 0.00000000 0.00000000 1.00000000
198	198	199
0.99754784 0.00696532 0.06964037 -114.87054627
-0.01109516 0.99819084 0.05909271 -818.84730961
-0.06910278 -0.05972048 0.99582040 -2.70628478
0.00000000 0.00000000 0.00000000 1.00000000
199	199	200
0.99740122 0.00033412 0.07204641 -126.66752635
-0.00510363 0.99780481 0.06602659 -820.51981154
-0.07186619 -0.06622270 0.99521345 -2.07334260
0.00000000 0.00000000 0.00000000 1.00000000
200	200	201
0.99769342 -0.00118414 0.06787081 -137.46661938
-0.00320320 0.99791275 0.06449717 -822.04551879
-0.06780552 -0.06456580 0.99560719 -1.42005526
