0	0	1
1.00000000 0.00000000 0.00000000 0.00000000
0.00000000 1.00000000 0.00000000 0.00000000
0.00000000 0.00000000 1.00000000 0.00000000
0.00000000 0.00000000 0.00000000 1.00000000
1	1	2
0.76729117 0.12768910 -0.62845823 -8.08421070
-0.15332973 0.98808211 0.01355503 15.34682682
0.62269917 0.08596068 0.77772522 -0.45861388
0.00000000 0.00000000 0.00000000 1.00000000
2	2	3
0.31176591 -0.08685851 -0.94618054 -10.82639539
-0.21945256 0.96230593 -0.16064829 28.14666099
0.92446882 0.25772640 0.28095286 -2.89206231
0.00000000 0.00000000 0.00000000 1.00000000
3	3	4
-0.21846674 -0.37225908 -0.90205070 -13.42693616
-0.33916617 0.89571671 -0.28750285 39.93999651
0.91500743 0.24313527 -0.32194200 -5.12733430
0.00000000 0.00000000 0.00000000 1.00000000
4	4	5
-0.70919811 -0.69672811 -0.10774032 -16.29701932
-0.21778461 0.36185210 -0.90643969 52.03200393
0.67052808 -0.61938114 -0.40836149 -7.44641944
0.00000000 0.00000000 0.00000000 1.00000000
5	5	6
0.10066119 -0.76234363 -0.63929610 -20.20509140
-0.44024137 0.54210169 -0.71576064 57.19304307
0.89221906 0.35349391 -0.28104661 -15.96266645
0.00000000 0.00000000 0.00000000 1.00000000
6	6	7
0.36990347 -0.63404613 -0.67908537 -28.48415222
-0.22331838 0.64882188 -0.72743320 65.07470606
0.90183165 0.42073231 0.09840731 -16.76315720
0.00000000 0.00000000 0.00000000 1.00000000
7	7	8
0.59972053 -0.50816333 -0.61814667 -36.57659810
-0.01348760 0.76595211 -0.64275613 72.80186811
0.80009585 0.39381137 0.45250330 -17.19733933
0.00000000 0.00000000 0.00000000 1.00000000
8	8	9
0.77480457 -0.41514048 -0.47679791 -44.71322754
0.16339397 0.86005931 -0.48332225 80.51081130
0.61072112 0.29657439 0.73420934 -17.52905283
0.00000000 0.00000000 0.00000000 1.00000000
9	9	10
0.95692793 0.15338188 -0.24650140 -52.76441991
-0.22453214 0.92923558 -0.29343920 88.13643827
0.18404962 0.33614765 0.92365064 -17.82186473
0.00000000 0.00000000 0.00000000 1.00000000
10	10	11
0.32659765 0.93440914 -0.14217431 -55.05643079
-0.89935996 0.35349366 0.25728176 98.55201420
0.29066415 0.04383827 0.95582036 -15.70995826
0.00000000 0.00000000 0.00000000 1.00000000
11	11	12
0.27863795 0.94554711 -0.16823065 -47.18728546
-0.89993993 0.31822843 0.29805838 106.73330418
0.33536402 0.06834710 0.93960611 -16.69635773
0.00000000 0.00000000 0.00000000 1.00000000
12	12	13
0.22277758 0.95732990 -0.18409134 -38.49928628
-0.89251595 0.27625094 0.35651183 115.19756860
0.39215484 0.08488161 0.91597472 -17.71465376
0.00000000 0.00000000 0.00000000 1.00000000
13	13	14
0.19862352 0.95903108 -0.20201011 -29.11186607
-0.86705038 0.26803716 0.41997586 123.54877025
0.45691612 0.09173586 0.88476675 -18.82835128
0.00000000 0.00000000 0.00000000 1.00000000
14	14	15
0.72787947 0.60806496 -0.31693609 -18.04725991
-0.49275085 0.78525930 0.37491923 132.02093934
0.47685226 -0.11672549 0.87119865 -20.26112757
0.00000000 0.00000000 0.00000000 1.00000000
15	15	16
0.80532529 0.53293989 -0.25966565 -12.09222550
-0.46297293 0.83895672 0.28602044 144.09198908
0.37027994 -0.11012133 0.92236980 -23.52429336
0.00000000 0.00000000 0.00000000 1.00000000
16	16	17
0.89271337 0.41845193 -0.16721488 -8.70621554
-0.37610041 0.89627742 0.23502185 148.83785900
0.24821627 -0.14691756 0.95749878 -24.16868488
0.00000000 0.00000000 0.00000000 1.00000000
17	17	18
0.93905017 0.33722406 -0.06681845 -5.31675626
-0.31834812 0.92636442 0.20125464 152.97046788
0.12976614 -0.16771668 0.97725732 -24.80555598
0.00000000 0.00000000 0.00000000 1.00000000
18	18	19
0.94022051 0.33998995 0.01980478 -1.26892406
-0.33851271 0.92659306 0.16381226 157.28489545
0.03734355 -0.16072382 0.98629271 -25.56940583
0.00000000 0.00000000 0.00000000 1.00000000
19	19	20
0.92034867 0.07580521 0.38368204 4.06040199
-0.24693958 0.87338584 0.41978331 162.18471606
-0.30328069 -0.48109328 0.82253880 -26.66162533
0.00000000 0.00000000 0.00000000 1.00000000
20	20	21
-0.06391532 -0.93780642 0.34122420 10.38968214
0.95437788 -0.15737706 -0.25376233 167.26601863
0.29168080 0.30943753 0.90508051 -32.64445638
0.00000000 0.00000000 0.00000000 1.00000000
21	21	22
-0.76630471 -0.25104698 0.59139877 2.24505954
0.14714228 -0.96460855 -0.21881386 179.91284179
0.62540086 -0.08065833 0.77612370 -26.39689403
0.00000000 0.00000000 0.00000000 1.00000000
22	22	23
0.14842865 0.83270559 0.53345134 -6.45921016
-0.98756350 0.09653351 0.12409515 177.54229447
0.05183879 -0.54523635 0.83667799 -20.67990792
0.00000000 0.00000000 0.00000000 1.00000000
23	23	24
0.11880319 0.90988932 0.39747607 -2.25592003
-0.99075238 0.08220771 0.10794268 168.70655790
0.06554029 -0.40662430 0.91124154 -22.10822370
0.00000000 0.00000000 0.00000000 1.00000000
24	24	25
-0.13190317 0.86615691 -0.48205161 2.12284558
-0.18556905 0.45612681 0.87035192 159.56515467
0.97373799 0.20425604 0.10056735 -23.15011655
0.00000000 0.00000000 0.00000000 1.00000000
25	25	26
-0.05039230 0.83165232 -0.55300546 4.22866529
0.94811762 0.21386638 0.23523212 159.72924530
0.31390062 -0.51246033 -0.79928143 -12.63341322
0.00000000 0.00000000 0.00000000 1.00000000
26	26	27
-0.13991105 0.89327603 -0.42718010 7.00685987
0.97659455 0.19567036 0.08930957 170.13777209
0.16336458 -0.40468636 -0.89974494 -11.36049121
0.00000000 0.00000000 0.00000000 1.00000000
27	27	28
-0.36651990 0.93036911 0.00874484 9.00624434
-0.42006944 -0.15708575 -0.89379289 180.49767363
-0.83018361 -0.33126632 0.44839468 -11.18385353
0.00000000 0.00000000 0.00000000 1.00000000
28	28	29
-0.31570706 0.91957417 0.23390680 8.94979219
-0.94783623 -0.29420511 -0.12267778 176.07248366
-0.04399474 -0.26043558 0.96448835 -20.13980672
0.00000000 0.00000000 0.00000000 1.00000000
29	29	30
0.94082867 0.23642357 0.24278656 9.21015788
-0.28828545 0.93497506 0.20667156 165.42303012
-0.17813736 -0.26443436 0.94780882 -21.56198411
0.00000000 0.00000000 0.00000000 1.00000000
30	30	31
0.91294914 0.39315537 0.10932849 21.21762802
-0.40597529 0.90218469 0.14576296 166.04263472
-0.04132700 -0.17745883 0.98326011 -24.42495954
0.00000000 0.00000000 0.00000000 1.00000000
31	31	32
0.92516843 0.35459288 0.13537821 34.30298535
-0.36683379 0.92692060 0.07906438 164.68021781
-0.09744919 -0.12280917 0.98763433 -25.42450976
0.00000000 0.00000000 0.00000000 1.00000000
32	32	33
0.97318802 0.19432442 0.12305733 43.71331838
-0.19964597 0.97933290 0.03238140 162.32682140
-0.11422159 -0.05608109 0.99187113 -26.02013524
0.00000000 0.00000000 0.00000000 1.00000000
33	33	34
0.98765300 0.12372770 0.09608851 49.51371728
-0.12303130 0.99231551 -0.01316159 159.89393225
-0.09697857 0.00117719 0.99528577 -26.35431475
0.00000000 0.00000000 0.00000000 1.00000000
34	34	35
0.91070749 -0.38610918 0.14673640 54.73045070
0.39796930 0.91534053 -0.06141791 156.86064258
-0.11059975 0.11433033 0.98726707 -26.65026592
0.00000000 0.00000000 0.00000000 1.00000000
35	35	36
0.95011805 -0.10535597 0.29355716 61.64515349
0.01000823 0.95103281 0.30892787 155.56098069
-0.31172988 -0.29057996 0.90464787 -27.45664615
0.00000000 0.00000000 0.00000000 1.00000000
36	36	37
0.75258537 -0.36239150 0.54980694 69.22357012
0.00254130 0.83653731 0.54790408 150.72971563
-0.65848979 -0.41094737 0.63048668 -28.04879098
0.00000000 0.00000000 0.00000000 1.00000000
37	37	38
0.22727730 -0.65619634 0.71954944 81.09935348
0.01219720 0.74074622 0.67167422 140.81409239
-0.97375369 -0.14387982 0.17635856 -28.99921195
0.00000000 0.00000000 0.00000000 1.00000000
38	38	39
-0.20505565 -0.64898628 0.73264520 90.25921469
-0.25961366 0.75780371 0.59861030 131.20833840
-0.94369112 -0.06745628 -0.32387763 -29.74625192
0.00000000 0.00000000 0.00000000 1.00000000
39	39	40
-0.49291437 -0.66801664 0.55748470 97.44889791
-0.57972412 0.72994037 0.36208700 122.08122008
-0.64881073 -0.14470944 -0.74706346 -30.39849622
0.00000000 0.00000000 0.00000000 1.00000000
40	40	41
0.99659498 -0.04537367 0.06884524 102.89018968
-0.04817569 -0.99805356 0.03960033 115.39347329
0.06691442 -0.04278215 -0.99684108 -29.98981142
0.00000000 0.00000000 0.00000000 1.00000000
41	41	42
0.19863786 -0.63652816 0.74523480 104.87093984
-0.92474174 0.13015061 0.35765003 125.58522264
-0.32464708 -0.76019256 -0.56277132 -29.60825334
0.00000000 0.00000000 0.00000000 1.00000000
42	42	43
-0.65255928 -0.04038744 0.75666058 112.37603918
0.11759833 0.98108141 0.15378526 122.56520103
-0.74855662 0.18933602 -0.63546428 -21.95529992
0.00000000 0.00000000 0.00000000 1.00000000
43	43	44
-0.72160088 -0.01450979 0.69215723 111.87812961
0.08743480 0.98986487 0.11190487 112.21178850
-0.68676584 0.14126929 -0.71301870 -25.21334993
0.00000000 0.00000000 0.00000000 1.00000000
44	44	45
-0.53096029 -0.68265365 0.50206092 110.83469850
-0.41956561 0.72653726 0.54415835 101.01170462
-0.73623765 0.07827898 -0.67218043 -28.02173866
0.00000000 0.00000000 0.00000000 1.00000000
45	45	46
-0.66029961 -0.38136324 0.64696716 117.89199913
-0.32519427 0.92171081 0.21141873 91.48762786
-0.67694395 -0.07079030 -0.73262243 -30.07707933
0.00000000 0.00000000 0.00000000 1.00000000
46	46	47
-0.69031994 -0.34142974 0.63787469 121.51852311
-0.31711662 0.93523303 0.15740466 80.10453994
-0.65030411 -0.09362109 -0.75388305 -30.41144344
0.00000000 0.00000000 0.00000000 1.00000000
47	47	48
-0.69643550 -0.36476617 0.61799939 124.74636038
-0.35242962 0.92402393 0.14823343 67.34459496
-0.62511676 -0.11456627 -0.77207746 -30.74119829
0.00000000 0.00000000 0.00000000 1.00000000
48	48	49
-0.72123848 -0.35871427 0.59256994 128.78582425
-0.33770232 0.92900552 0.15134692 48.32289720
-0.60479104 -0.09095502 -0.79117317 -31.22836238
0.00000000 0.00000000 0.00000000 1.00000000
49	49	50
-0.69284147 -0.43869725 0.57228963 130.50569538
-0.46625817 0.87796462 0.10854235 39.23191568
-0.55006728 -0.19163207 -0.81283648 -31.42032797
0.00000000 0.00000000 0.00000000 1.00000000
50	50	51
-0.10115844 -0.28980655 0.95172430 133.01879622
-0.19502106 0.94384791 0.26667942 31.16308946
-0.97556843 -0.15862940 -0.15199656 -30.83322788
0.00000000 0.00000000 0.00000000 1.00000000
51	51	52
0.61764223 -0.13475625 0.77482826 135.06441027
-0.06021048 0.97421721 0.21742934 23.41008117
-0.78415099 -0.18094633 0.59360395 -30.88582710
0.00000000 0.00000000 0.00000000 1.00000000
52	52	53
0.98823924 -0.05531806 0.14255916 136.89966725
0.04794699 0.99735459 0.05463435 16.32389910
-0.14520430 -0.04715653 0.98827728 -30.95350922
0.00000000 0.00000000 0.00000000 1.00000000
53	53	54
0.81559347 -0.12406551 -0.56516816 138.91687984
0.05605984 0.98909053 -0.13622490 8.51934871
0.57590328 0.07942090 0.81365087 -31.01874621
0.00000000 0.00000000 0.00000000 1.00000000
54	54	55
0.21368111 -0.25410738 -0.94327611 142.56886566
-0.09094052 0.95621059 -0.27819260 -5.53549982
0.97266140 0.14522652 0.18121549 -31.13342773
0.00000000 0.00000000 0.00000000 1.00000000
55	55	56
0.49908098 0.76530267 -0.40648494 145.48577523
0.86596290 -0.42312177 0.26660125 -16.29016749
0.03203802 -0.48505649 -0.87389574 -31.32653469
0.00000000 0.00000000 0.00000000 1.00000000
56	56	57
0.37732612 0.67626178 -0.63268871 137.58494895
0.91577089 -0.17081387 0.36357435 -9.99509831
0.13779943 -0.71658400 -0.68375338 -25.83762950
0.00000000 0.00000000 0.00000000 1.00000000
57	57	58
-0.90205430 -0.18368832 -0.39058501 130.07737537
-0.37262413 0.78810933 0.48993361 -6.26398592
0.21782861 0.58748811 -0.77936411 -17.16209994
0.00000000 0.00000000 0.00000000 1.00000000
58	58	59
-0.59968917 -0.67849324 -0.42428742 131.11561641
-0.75056077 0.29300576 0.59228891 -14.78287390
-0.27754537 0.67364274 -0.68496279 -23.18257420
0.00000000 0.00000000 0.00000000 1.00000000
59	59	60
-0.76476622 -0.62416234 -0.15985618 137.63867608
-0.63189377 0.67811155 0.37533316 -18.43188407
-0.12586850 0.38805425 -0.91300111 -30.38719300
0.00000000 0.00000000 0.00000000 1.00000000
60	60	61
-0.84199056 0.44850640 -0.29982312 143.61818780
0.53942208 0.70886053 -0.45446734 -25.76889805
0.00870126 -0.54438843 -0.83878813 -34.19698213
0.00000000 0.00000000 0.00000000 1.00000000
61	61	62
-0.82582379 0.44814885 -0.34231226 138.17279933
0.55806383 0.73676384 -0.38176406 -32.34671370
0.08111617 -0.50630193 -0.85853277 -28.76875922
0.00000000 0.00000000 0.00000000 1.00000000
62	62	63
-0.44705633 -0.65017054 -0.61434429 132.58937766
-0.85572143 0.11081142 0.50543215 -39.60065672
-0.26054073 0.75166422 -0.60590381 -23.42189468
0.00000000 0.00000000 0.00000000 1.00000000
63	63	64
0.16525842 -0.47240106 -0.86575221 138.87942857
-0.47861591 -0.80594107 0.34840466 -41.74755923
-0.86233199 0.35678598 -0.35928721 -31.71972442
0.00000000 0.00000000 0.00000000 1.00000000
64	64	65
0.05459561 0.07718317 -0.99552101 143.89977478
0.51159610 0.85403893 0.09427057 -34.02860285
0.85748980 -0.51445142 0.00714016 -35.93972753
0.00000000 0.00000000 0.00000000 1.00000000
65	65	66
0.71459222 0.01583380 -0.69936203 143.31319291
-0.06070489 0.99737602 -0.03944594 -43.95099340
0.69690234 0.07064246 0.71367834 -30.04324785
0.00000000 0.00000000 0.00000000 1.00000000
66	66	67
0.99038284 -0.02099374 -0.13675193 144.15517908
0.02246203 0.99970534 0.00920244 -55.61489414
0.13651844 -0.01218566 0.99056258 -29.64002310
0.00000000 0.00000000 0.00000000 1.00000000
67	67	68
0.87784882 -0.05822841 0.47538501 145.27407929
0.02171536 0.99640015 0.08194621 -66.87936011
-0.47844530 -0.06161323 0.87595314 -29.41703628
0.00000000 0.00000000 0.00000000 1.00000000
68	68	69
0.42236304 -0.14441130 0.89484906 146.90345399
-0.01211699 0.98623936 0.16487906 -78.87561807
-0.90634576 -0.08048170 0.41480123 -29.29493450
0.00000000 0.00000000 0.00000000 1.00000000
69	69	70
-0.21786865 -0.02492451 0.97565979 148.99220156
-0.09472081 0.99549468 0.00427969 -90.72539595
-0.97137079 -0.09148288 -0.21924795 -29.31503500
0.00000000 0.00000000 0.00000000 1.00000000
70	70	71
-0.38743937 -0.22318882 0.89447050 149.77347146
-0.19950023 0.96755918 0.15501254 -104.25728982
-0.90005021 -0.11838911 -0.41939675 -29.69010045
0.00000000 0.00000000 0.00000000 1.00000000
71	71	72
-0.57071459 -0.26028811 0.77880354 152.29421327
-0.22202155 0.96201971 0.15882227 -117.79671934
-0.79056390 -0.08226898 -0.60682826 -29.71391383
0.00000000 0.00000000 0.00000000 1.00000000
72	72	73
-0.71058316 -0.32122854 0.62600622 155.11255488
-0.30677454 0.94212766 0.13522145 -131.77505531
-0.63321477 -0.09595669 -0.76800480 -29.80035073
0.00000000 0.00000000 0.00000000 1.00000000
73	73	74
-0.82615172 -0.35087787 0.44086059 157.96130498
-0.34056001 0.93429568 0.10540620 -145.13211146
-0.44887884 -0.06305797 -0.89136495 -29.94601313
0.00000000 0.00000000 0.00000000 1.00000000
74	74	75
-0.96473904 0.15891760 0.20981844 161.01173338
0.14239164 0.98554909 -0.09174753 -159.11108256
-0.22136667 -0.05863603 -0.97342622 -30.13992321
0.00000000 0.00000000 0.00000000 1.00000000
75	75	76
-0.50274174 0.05625916 0.86260399 157.81358814
-0.13241987 0.98109011 -0.14116363 -170.50384704
-0.85423400 -0.18519476 -0.48578512 -29.77651910
0.00000000 0.00000000 0.00000000 1.00000000
76	76	77
0.29103516 0.19355801 0.93692787 156.41826866
-0.22349815 0.96597800 -0.13013484 -182.03684532
-0.93024035 -0.17152783 0.32439342 -28.89939918
0.00000000 0.00000000 0.00000000 1.00000000
77	77	78
0.89829571 0.18906341 0.39663566 153.64979919
-0.20744935 0.97823938 0.00353370 -198.99700799
-0.38733652 -0.08545612 0.91796932 -27.66016089
0.00000000 0.00000000 0.00000000 1.00000000
78	78	79
0.90586796 -0.03733237 -0.42191176 152.40817948
0.03422377 0.99930250 -0.01494177 -210.49903903
0.42217529 -0.00090414 0.90651377 -27.02896971
0.00000000 0.00000000 0.00000000 1.00000000
79	79	80
0.28884218 0.01804290 -0.95720669 152.85768323
-0.03166377 0.99945545 0.00928456 -216.40500477
0.95685297 0.02762700 0.28925620 -26.85500012
0.00000000 0.00000000 0.00000000 1.00000000
80	80	81
0.37434300 0.50866772 -0.77532217 152.41539520
0.04390115 0.82545650 0.56275595 -221.57106394
0.92625051 -0.24470129 0.28667276 -26.77210685
0.00000000 0.00000000 0.00000000 1.00000000
81	81	82
0.53429728 0.34741679 -0.77060235 149.92388775
0.18358736 0.84218131 0.50697764 -225.63125182
0.82511944 -0.41234963 0.38619385 -25.41846040
0.00000000 0.00000000 0.00000000 1.00000000
82	82	83
0.65502842 0.03147480 -0.75494842 148.29250993
0.37554516 0.85342877 0.36142105 -229.67673548
0.65567035 -0.52025828 0.54719989 -23.32179435
0.00000000 0.00000000 0.00000000 1.00000000
83	83	84
0.80967158 -0.20787003 -0.54883693 148.10600877
-0.14414693 0.83608843 -0.52931824 -237.00785788
0.56890561 0.50768710 0.64699322 -18.75633754
0.00000000 0.00000000 0.00000000 1.00000000
84	84	85
0.87492807 0.14745529 -0.46125678 151.81267402
-0.13715950 0.98896559 0.05598511 -251.39466762
0.46442238 0.01428280 0.88549865 -27.44994490
0.00000000 0.00000000 0.00000000 1.00000000
85	85	86
0.72641000 0.15623568 -0.66926746 150.13307685
0.01024915 0.97124665 0.23785479 -263.79957633
0.68718518 -0.17963952 0.70392199 -27.62631142
0.00000000 0.00000000 0.00000000 1.00000000
86	86	87
0.51440051 0.04442628 -0.85639852 148.30676456
0.13623453 0.98174097 0.13275853 -275.16734367
0.84665948 -0.18496210 0.49895566 -25.55780537
0.00000000 0.00000000 0.00000000 1.00000000
87	87	88
0.20862128 -0.34026387 -0.91689566 147.51820590
0.24191059 0.92634499 -0.28872864 -285.57632841
0.94760563 -0.16157183 0.27556871 -24.00692912
0.00000000 0.00000000 0.00000000 1.00000000
88	88	89
-0.11489367 -0.06802760 -0.99104576 150.78179773
0.35827557 0.92766853 -0.10521276 -294.96673297
0.92651933 -0.36715576 -0.08221062 -22.82662287
0.00000000 0.00000000 0.00000000 1.00000000
89	89	90
-0.46670809 0.32966139 -0.82067468 151.16678344
0.11200954 0.94249339 0.31489691 -304.70335956
0.87728982 0.05504154 -0.47679451 -19.59023604
0.00000000 0.00000000 0.00000000 1.00000000
90	90	91
-0.54958094 0.38958107 -0.73904492 147.67523260
0.21344795 0.92073504 0.32662969 -314.63024495
0.80771329 0.02176183 -0.58917371 -20.96779441
0.00000000 0.00000000 0.00000000 1.00000000
91	91	92
-0.72034000 0.09361492 -0.68727471 144.17927984
0.04988698 0.99527660 0.08328132 -323.61351358
0.69182481 0.02570481 -0.72160771 -21.66481467
0.00000000 0.00000000 0.00000000 1.00000000
92	92	93
-0.82724704 -0.15676952 -0.53952353 143.30542556
-0.10217397 0.98624715 -0.12991163 -333.08179656
0.55246973 -0.05234375 -0.83188781 -22.02308209
0.00000000 0.00000000 0.00000000 1.00000000
93	93	94
-0.93011590 0.11383707 -0.34917836 144.16737882
0.10209992 0.99341922 0.05190236 -342.69993751
0.35278891 0.01262413 -0.93561777 -21.17294161
0.00000000 0.00000000 0.00000000 1.00000000
94	94	95
0.60629683 -0.78930599 0.09695466 142.24542158
-0.73835263 -0.51344467 0.43727561 -351.11082112
-0.29536340 -0.33670554 -0.89408603 -20.99909184
0.00000000 0.00000000 0.00000000 1.00000000
95	95	96
-0.79011274 -0.25372000 -0.55798568 151.25760576
-0.21307761 0.96722815 -0.13808560 -348.37839033
0.57473453 0.00979106 -0.81828134 -17.76924194
0.00000000 0.00000000 0.00000000 1.00000000
96	96	97
-0.56144585 -0.15665649 -0.81254988 152.45242585
-0.11842011 0.98702131 -0.10846942 -360.36704160
0.81899648 0.03532254 -0.57271030 -16.55268071
0.00000000 0.00000000 0.00000000 1.00000000
97	97	98
-0.61844212 0.66951826 -0.41143000 152.77085823
-0.77384739 -0.42778764 0.46707383 -371.26382400
0.13670979 0.60724216 0.78266685 -15.02970494
0.00000000 0.00000000 0.00000000 1.00000000
98	98	99
-0.89534730 0.19894629 -0.39846404 144.21396270
-0.25873942 -0.96056885 0.10179096 -367.90441788
-0.36250121 0.19423661 0.91151797 -21.57490834
0.00000000 0.00000000 0.00000000 1.00000000
99	99	100
0.69493300 0.32367538 0.64210775 140.94836590
-0.03182006 0.90593167 -0.42222659 -350.69153155
-0.71837010 0.27298729 0.63986119 -25.02573861
0.00000000 0.00000000 0.00000000 1.00000000
100	100	101
0.48960311 -0.17885240 0.85340530 137.26356286
0.29721910 0.95435371 0.02949249 -360.55153900
-0.81972532 0.23920874 0.52041289 -24.37131975
0.00000000 0.00000000 0.00000000 1.00000000
101	101	102
0.44063414 -0.14563445 0.88579465 136.37238080
0.37735427 0.92538564 -0.03556935 -369.58783453
-0.81452152 0.34993146 0.46271228 -23.05378573
0.00000000 0.00000000 0.00000000 1.00000000
102	102	103
0.39340060 -0.11529394 0.91210925 135.32635269
0.45216265 0.88808729 -0.08276418 -377.85000661
-0.80049042 0.44498122 0.40150568 -22.13331311
0.00000000 0.00000000 0.00000000 1.00000000
103	103	104
0.34610496 -0.12532957 0.92978699 133.81730008
0.67558912 0.72095086 -0.15430231 -386.47591236
-0.65099209 0.68155877 0.33419596 -20.85267296
0.00000000 0.00000000 0.00000000 1.00000000
104	104	105
0.24905281 -0.12465249 0.96043451 131.81766758
0.80093442 0.58404531 -0.13189058 -395.03631770
-0.54449679 0.80209278 0.24529660 -19.67546863
0.00000000 0.00000000 0.00000000 1.00000000
105	105	106
0.52531529 -0.20212182 0.82655346 128.00008058
0.68713768 0.67370379 -0.27196510 -411.83702151
-0.50188212 0.71082345 0.49279241 -17.34876932
0.00000000 0.00000000 0.00000000 1.00000000
106	106	107
0.65976460 -0.33122890 0.67453546 121.88439864
0.63201932 0.73016577 -0.25963345 -425.87047935
-0.40652460 0.59761640 0.69108059 -14.94292288
0.00000000 0.00000000 0.00000000 1.00000000
107	107	108
0.76993048 -0.39637774 0.50009173 114.87342155
0.54702795 0.81350742 -0.19739831 -438.29019117
-0.32858404 0.42554713 0.84317387 -12.66057039
0.00000000 0.00000000 0.00000000 1.00000000
108	108	109
0.86230528 -0.39695990 0.31440808 107.51361309
0.44641989 0.88899681 -0.10195075 -448.49320886
-0.23903742 0.22827069 0.94379744 -10.71790220
0.00000000 0.00000000 0.00000000 1.00000000
109	109	110
0.89583555 -0.41677243 0.15420573 99.02676058
0.41788874 0.90810639 0.02667941 -457.77934880
-0.15115445 0.04054048 0.98767849 -8.99633375
0.00000000 0.00000000 0.00000000 1.00000000
110	110	111
0.93454860 -0.27913555 0.22068590 90.95815973
0.32089361 0.92913234 -0.18368555 -465.86943222
-0.15377324 0.24247977 0.95789214 -7.63104638
0.00000000 0.00000000 0.00000000 1.00000000
111	111	112
0.95627167 -0.17126733 0.23709071 82.13053953
0.25778699 0.87648169 -0.40660266 -473.05645970
-0.13816791 0.44994150 0.88230509 -7.06335261
0.00000000 0.00000000 0.00000000 1.00000000
112	112	113
0.96751919 -0.11027838 0.22747592 72.83998572
0.23138662 0.74873640 -0.62117150 -479.39662046
-0.10181771 0.65363023 0.74993378 -7.43788321
0.00000000 0.00000000 0.00000000 1.00000000
113	113	114
0.91903123 -0.29589129 0.26044182 60.93335035
0.38011031 0.49025462 -0.78432554 -486.43936031
0.10439229 0.81981629 0.56303064 -9.33095365
0.00000000 0.00000000 0.00000000 1.00000000
114	114	115
0.84379124 -0.42668036 0.32551532 55.76845334
0.42929744 0.17264796 -0.88650798 -489.20125474
0.32205599 0.88777055 0.32885162 -10.58323783
0.00000000 0.00000000 0.00000000 1.00000000
115	115	116
0.86439979 -0.25266568 0.43471031 51.55622148
0.49401596 0.26583139 -0.82781755 -491.24619056
0.09360144 0.93031915 0.35460548 -11.23564996
0.00000000 0.00000000 0.00000000 1.00000000
116	116	117
0.84327064 -0.29894914 0.44668114 47.03811123
0.52179617 0.25597871 -0.81375897 -493.39827508
0.12893168 0.91929555 0.37184985 -10.47137688
0.00000000 0.00000000 0.00000000 1.00000000
117	117	118
0.78884228 -0.41477168 0.45353315 41.59086868
0.56341470 0.19321079 -0.80326426 -496.07897931
0.24554377 0.88917605 0.38610130 -9.53839523
0.00000000 0.00000000 0.00000000 1.00000000
118	118	119
0.42105959 -0.78021117 0.46257902 34.28020633
0.58888988 -0.15273807 -0.79364966 -500.00820043
0.68986776 0.60658190 0.39514664 -8.70842671
0.00000000 0.00000000 0.00000000 1.00000000
119	119	120
0.60558736 -0.25250162 -0.75465680 18.95874436
-0.26567533 0.82976229 -0.49082702 -508.48253903
0.75012037 0.49773233 0.43541010 -7.41319134
0.00000000 0.00000000 0.00000000 1.00000000
120	120	121
0.55783906 0.02318543 -0.82962523 13.94997493
-0.13836859 0.98821768 -0.06542129 -497.54326776
0.81833350 0.15128862 0.55447456 -4.40898849
0.00000000 0.00000000 0.00000000 1.00000000
121	121	122
0.62164229 0.05404221 -0.78143477 12.46490845
-0.14515781 0.98828549 -0.04712755 -486.27447512
0.76973377 0.14272784 0.62220470 -5.36524442
0.00000000 0.00000000 0.00000000 1.00000000
122	122	123
0.68935829 0.05961652 -0.72196331 11.05281490
-0.15082278 0.98658033 -0.06254397 -474.55603066
0.70854614 0.15200372 0.68909885 -6.37556614
0.00000000 0.00000000 0.00000000 1.00000000
123	123	124
0.75434943 -0.07972335 -0.65161425 9.33247715
0.01422319 0.99435036 -0.10519058 -461.47752470
0.65631901 0.07008242 0.75122154 -7.17664148
0.00000000 0.00000000 0.00000000 1.00000000
124	124	125
0.75406137 -0.24660523 -0.60875062 7.93418189
0.32378908 0.94596053 0.01786942 -452.71102945
0.57144736 -0.21058144 0.79316037 -7.23784057
0.00000000 0.00000000 0.00000000 1.00000000
125	125	126
0.92810215 -0.18522891 -0.32298088 6.94888134
0.21734138 0.97385938 0.06603514 -445.79705198
0.30230634 -0.13148447 0.94409889 -8.22404690
0.00000000 0.00000000 0.00000000 1.00000000
126	126	127
0.94198982 -0.33558355 -0.00623360 7.34188299
0.33551429 0.94095941 0.04500610 -437.90829071
-0.00923774 -0.04448675 0.99896726 -8.64468120
0.00000000 0.00000000 0.00000000 1.00000000
127	127	128
0.87408389 -0.37732269 0.30594925 7.78935472
0.39513245 0.91861528 0.00403817 -428.71905909
-0.28257334 0.11736078 0.95203926 -9.01997470
0.00000000 0.00000000 0.00000000 1.00000000
128	128	129
0.76854755 -0.25317055 0.58757070 8.23567594
0.32318133 0.94621784 -0.01502070 -420.18684367
-0.55216708 0.20143600 0.80903341 -9.30369851
0.00000000 0.00000000 0.00000000 1.00000000
129	129	130
0.52964158 -0.22037934 0.81909264 8.62450612
0.26966062 0.95930773 0.08373671 -413.00193733
-0.80421574 0.17652659 0.56751689 -9.47578110
0.00000000 0.00000000 0.00000000 1.00000000
130	130	131
0.55552337 -0.05078661 0.82994849 8.26419087
0.08638618 0.99625677 0.00314111 -405.70241243
-0.82700134 0.06995112 0.55783118 -10.01896834
0.00000000 0.00000000 0.00000000 1.00000000
131	131	132
0.50396892 0.20871799 0.83812417 8.49163718
-0.36935166 0.92924301 -0.00931601 -398.06512406
-0.78076544 -0.30486757 0.54539993 -10.46426716
0.00000000 0.00000000 0.00000000 1.00000000
132	132	133
0.13200711 0.50994730 0.85001639 8.71073485
-0.96936596 0.24560007 0.00320007 -392.84642247
-0.20713222 -0.82439939 0.52674651 -10.85653244
0.00000000 0.00000000 0.00000000 1.00000000
133	133	134
0.13890302 0.47963357 0.86640498 8.64990428
-0.98460809 0.16060360 0.06894485 -389.15148100
-0.10607949 -0.86264600 0.49455941 -10.85292733
0.00000000 0.00000000 0.00000000 1.00000000
134	134	135
0.70668558 0.17554548 0.68540446 8.44991557
-0.66388049 0.49950228 0.55656101 -385.70044037
-0.24465932 -0.84834029 0.46953228 -11.00829613
0.00000000 0.00000000 0.00000000 1.00000000
135	135	136
0.63984614 0.05281240 0.76668623 6.17332164
-0.74892045 0.26662727 0.60665317 -383.77202675
-0.17238065 -0.96235168 0.21015271 -9.71463259
0.00000000 0.00000000 0.00000000 1.00000000
136	136	137
0.85288833 0.06569580 0.51794359 4.32584810
-0.51717426 0.24216972 0.82090475 -382.11451307
-0.07150026 -0.96800717 0.24051990 -7.53838838
0.00000000 0.00000000 0.00000000 1.00000000
137	137	138
0.99082487 0.12161353 0.05895952 2.56885348
-0.10217543 0.38847893 0.91577524 -381.72838522
0.08846613 -0.91339710 0.39734050 -5.02019707
0.00000000 0.00000000 0.00000000 1.00000000
138	138	139
0.89542623 0.04532513 -0.44289672 1.04202245
0.33841900 0.57709711 0.74325737 -382.71797988
0.28928265 -0.81541680 0.50140900 -2.54171891
0.00000000 0.00000000 0.00000000 1.00000000
139	139	140
0.35972420 -0.59422269 -0.71937327 0.23202221
0.91454381 0.37737341 0.14559854 -384.77948227
0.18495439 -0.71027368 0.67919303 -0.20962969
0.00000000 0.00000000 0.00000000 1.00000000
140	140	141
0.83615177 -0.12245170 -0.53465484 -13.56304463
0.06642287 0.99019321 -0.12290404 -401.93614019
0.54446140 0.06725312 0.83608540 -12.25173732
0.00000000 0.00000000 0.00000000 1.00000000
141	141	142
0.82790100 0.14595976 -0.54154933 -10.46378006
-0.28406635 0.94166711 -0.18046982 -415.61084669
0.48361786 0.30324709 0.82106941 -12.68999414
0.00000000 0.00000000 0.00000000 1.00000000
142	142	143
0.80509459 0.17727523 -0.56603551 -7.60264063
-0.35820697 0.90593499 -0.22576438 -426.64200616
0.47276894 0.38451954 0.79286458 -13.52608414
0.00000000 0.00000000 0.00000000 1.00000000
143	143	144
0.78488119 0.16533479 -0.59718166 -5.21082232
-0.38563285 0.88469968 -0.26190413 -436.01369649
0.48502456 0.43585649 0.75814266 -14.68670037
0.00000000 0.00000000 0.00000000 1.00000000
144	144	145
0.64844547 -0.25797362 -0.71621790 -2.77922294
0.23446789 0.96277451 -0.13449927 -445.19572341
0.72425360 -0.08071465 0.68479330 -16.11183607
0.00000000 0.00000000 0.00000000 1.00000000
145	145	146
0.31888254 -0.12901725 -0.93897203 2.68355931
-0.23459873 0.94911984 -0.21008322 -452.99779532
0.91830135 0.28727352 0.27239046 -12.04540679
0.00000000 0.00000000 0.00000000 1.00000000
146	146	147
-0.08959853 -0.32334676 -0.94202918 5.67621956
-0.27484939 0.91713322 -0.28865980 -463.99912502
0.95730346 0.23305265 -0.17104544 -10.28694942
0.00000000 0.00000000 0.00000000 1.00000000
147	147	148
-0.49403357 -0.42226380 -0.76001587 8.88656799
-0.33039178 0.89974488 -0.28513228 -476.23822932
0.80422143 0.11023808 -0.58401666 -8.57611626
0.00000000 0.00000000 0.00000000 1.00000000
148	148	149
-0.75450371 -0.49954681 -0.42564908 12.14954375
-0.44378741 0.86614889 -0.22986699 -488.74488029
0.48350480 0.01546221 -0.87520513 -6.91114696
0.00000000 0.00000000 0.00000000 1.00000000
149	149	150
-0.70475126 -0.67835580 -0.20774762 15.06429142
-0.61940925 0.44555461 0.64638477 -499.73682522
-0.34591594 0.58422128 -0.73418503 -5.55745485
0.00000000 0.00000000 0.00000000 1.00000000
150	150	151
0.56197740 0.35348211 -0.74781803 19.48532639
0.49949254 -0.86565780 -0.03381976 -505.53446104
-0.65930918 -0.35452359 -0.66304180 -12.12576359
0.00000000 0.00000000 0.00000000 1.00000000
151	151	152
0.42469480 0.58035056 -0.69485794 17.53082812
0.79347797 -0.60816523 -0.02297314 -496.13087069
-0.43592091 -0.54159789 -0.71877999 -10.51560416
0.00000000 0.00000000 0.00000000 1.00000000
152	152	153
-0.01796414 0.37166236 -0.92819415 12.77650810
0.82575746 0.52894338 0.19581498 -487.76128221
0.56373921 -0.76294560 -0.31640498 -6.32249542
0.00000000 0.00000000 0.00000000 1.00000000
153	153	154
0.42462012 -0.57254926 -0.70134521 9.10088786
0.18392256 0.81304637 -0.55238400 -490.72626402
0.88649323 0.10556015 0.45054057 2.32592868
0.00000000 0.00000000 0.00000000 1.00000000
154	154	155
0.61290625 0.08667985 -0.78538687 16.00937391
-0.58944266 0.71210240 -0.38140205 -498.39725892
0.52621600 0.69670422 0.48754482 3.71771604
0.00000000 0.00000000 0.00000000 1.00000000
155	155	156
0.64796540 0.09379427 -0.75587266 16.83226193
-0.17063386 0.98504112 -0.02404324 -507.27545748
0.74231053 0.14455666 0.65427704 -1.64927756
0.00000000 0.00000000 0.00000000 1.00000000
156	156	157
0.89270510 -0.44801913 -0.04854338 17.68563401
0.07613389 0.25611326 -0.96364393 -517.36904666
0.44416352 0.85655406 0.26274306 -0.87573316
0.00000000 0.00000000 0.00000000 1.00000000
157	157	158
0.53349720 0.40019153 0.74513588 24.49181778
0.45078912 -0.87996253 0.14985028 -519.68953296
0.71566047 0.25595444 -0.64985954 -7.57678434
0.00000000 0.00000000 0.00000000 1.00000000
158	158	159
0.37043608 0.76016994 0.53377783 22.02503287
0.36446933 -0.64752936 0.66922929 -509.31798139
0.85436480 -0.05336103 -0.51692686 -8.05482802
0.00000000 0.00000000 0.00000000 1.00000000
159	159	160
-0.71792952 -0.67076660 -0.18614340 15.85797394
-0.55826130 0.39505060 0.72957477 -502.01822615
-0.41583833 0.62769992 -0.65808152 -5.11052735
0.00000000 0.00000000 0.00000000 1.00000000
160	160	161
-0.30461595 -0.27749174 0.91115721 20.58614586
-0.34300135 0.92439726 0.16685257 -508.49651569
-0.88857144 -0.26170220 -0.37676619 -12.35003993
0.00000000 0.00000000 0.00000000 1.00000000
161	161	162
0.38704464 -0.05552065 0.92038791 22.60910979
-0.23823242 0.95827190 0.15798823 -518.99523500
-0.89075348 -0.28041473 0.35766718 -12.12369361
0.00000000 0.00000000 0.00000000 1.00000000
162	162	163
0.89656981 0.10873784 0.42934678 24.46659940
-0.16396853 0.98200580 0.09369594 -530.02415605
-0.41143274 -0.15440431 0.89826634 -11.75165224
0.00000000 0.00000000 0.00000000 1.00000000
163	163	164
0.94499634 0.14627447 -0.29255033 26.03806995
-0.15595286 0.98771485 -0.00990400 -540.60306362
0.28750760 0.05498330 0.95619884 -11.38855633
0.00000000 0.00000000 0.00000000 1.00000000
164	164	165
0.51904230 -0.04264191 -0.85368423 27.36378927
-0.14973887 0.97877340 -0.13993181 -551.80331192
0.84153037 0.20046023 0.50163964 -11.06256605
0.00000000 0.00000000 0.00000000 1.00000000
165	165	166
0.29473814 -0.11405945 -0.94874647 29.72914095
-0.18671583 0.96683902 -0.17423981 -564.01668943
0.93715881 0.22850110 0.26366763 -10.50418110
0.00000000 0.00000000 0.00000000 1.00000000
166	166	167
0.03183156 -0.17399273 -0.98423233 32.83390615
-0.17510862 0.96853001 -0.17688015 -580.18916692
0.98403441 0.17797794 0.00036220 -9.92491503
0.00000000 0.00000000 0.00000000 1.00000000
167	167	168
-0.28902372 -0.09406693 -0.95268920 34.74492875
0.11489616 0.98455891 -0.13207051 -592.19932872
0.95040211 -0.14763184 -0.27375295 -9.48761170
0.00000000 0.00000000 0.00000000 1.00000000
168	168	169
-0.53847008 0.12855270 -0.83278099 35.33137280
0.34289424 0.93619670 -0.07719638 -597.49709123
0.76972301 -0.32712375 -0.54819389 -9.33113340
0.00000000 0.00000000 0.00000000 1.00000000
169	169	170
-0.75116645 0.20362140 -0.62792300 35.59414194
0.33535071 0.93705481 -0.09730460 -602.41645822
0.56858497 -0.28366637 -0.77216871 -9.20484040
0.00000000 0.00000000 0.00000000 1.00000000
170	170	171
-0.57990540 0.49636660 -0.64601078 36.44671847
0.64760987 0.76196096 0.00411683 -607.94363763
0.49427845 -0.41597559 -0.76331719 -9.31147023
0.00000000 0.00000000 0.00000000 1.00000000
171	171	172
-0.33982026 0.71096556 -0.61567050 36.08814691
0.84550731 0.51762771 0.13106842 -614.55118246
0.41187325 -0.47601421 -0.77702696 -9.07837826
0.00000000 0.00000000 0.00000000 1.00000000
172	172	173
0.35825550 0.81137945 -0.46186187 33.35325186
0.92196524 -0.22952527 0.31192666 -624.16329230
0.14708191 -0.53757003 -0.83029234 -8.66471177
0.00000000 0.00000000 0.00000000 1.00000000
173	173	174
0.82515466 0.52880304 -0.19871370 21.24311138
0.56329336 -0.74364409 0.36013061 -640.84913581
0.04266589 -0.40909756 -0.91149263 -8.29260516
0.00000000 0.00000000 0.00000000 1.00000000
174	174	175
0.96001542 -0.26800694 -0.08088678 11.39722357
-0.25010392 -0.95090341 0.18229298 -646.65286671
-0.12577129 -0.15477397 -0.97991153 -8.21227875
0.00000000 0.00000000 0.00000000 1.00000000
175	175	176
0.63523378 0.37275805 -0.67640925 2.65280773
0.77226592 -0.31692807 0.55060144 -645.10769125
-0.00913195 -0.87212845 -0.48919175 -6.86277478
0.00000000 0.00000000 0.00000000 1.00000000
176	176	177
0.66921075 0.02039401 -0.74279274 -4.07587998
0.74232319 0.02653691 0.66951630 -653.17361387
0.03336555 -0.99943978 0.00261984 -6.29818811
0.00000000 0.00000000 0.00000000 1.00000000
177	177	178
0.73332745 -0.27565581 -0.62148590 -10.65042659
0.67267965 0.42682695 0.60441777 -660.42354769
0.09865566 -0.86129706 0.49843197 -6.02592251
0.00000000 0.00000000 0.00000000 1.00000000
178	178	179
0.82860291 -0.42895816 -0.35973896 -16.34700291
0.54546376 0.76326231 0.34626570 -666.20625000
0.12604169 -0.48314133 0.86642250 -5.96179879
0.00000000 0.00000000 0.00000000 1.00000000
179	179	180
0.92313197 -0.38205021 -0.04318562 -22.09360068
0.37955332 0.92345788 -0.05625668 -671.71394873
0.06137298 0.03554110 0.99748192 -6.04766281
0.00000000 0.00000000 0.00000000 1.00000000
180	180	181
0.94756234 -0.06798770 0.31225516 -28.05122096
0.19416658 0.89855559 -0.39356981 -677.27881761
-0.25382072 0.43356144 0.86463838 -6.42940799
0.00000000 0.00000000 0.00000000 1.00000000
181	181	182
0.81211574 0.27256046 0.51592521 -35.38326152
0.21173075 0.68627673 -0.69584074 -682.77371380
-0.54372614 0.67434045 0.49962671 -6.20154888
0.00000000 0.00000000 0.00000000 1.00000000
182	182	183
0.45654489 0.67030743 0.58502539 -43.67722448
0.33752950 0.47790539 -0.81097489 -688.98873143
-0.82318929 0.56770977 -0.00806326 -6.04264929
0.00000000 0.00000000 0.00000000 1.00000000
183	183	184
-0.06087932 0.85428593 0.51622598 -56.76276757
0.58035814 0.45107341 -0.67802449 -698.83326734
-0.81208259 0.25831828 -0.52325284 -6.02292373
0.00000000 0.00000000 0.00000000 1.00000000
184	184	185
-0.96905185 0.13211914 0.20852590 -67.55216228
0.12298188 0.99081349 -0.05625014 -706.97233635
-0.21404200 -0.02886440 -0.97639791 -6.05020514
0.00000000 0.00000000 0.00000000 1.00000000
185	185	186
-0.76680897 0.63562308 0.08937167 -67.56731575
0.62693598 0.77153148 -0.10812242 -719.63517258
-0.13767817 -0.02687893 -0.99011224 -5.29147965
0.00000000 0.00000000 0.00000000 1.00000000
186	186	187
-0.71494712 0.69913300 0.00797836 -74.04041524
0.69799542 0.71435441 -0.05000166 -732.16987628
-0.04065719 -0.03017969 -0.99871727 -4.67567708
0.00000000 0.00000000 0.00000000 1.00000000
187	187	188
-0.66807860 0.74108823 -0.06677746 -84.31428682
0.74182353 0.67035579 0.01791554 -749.82377989
0.05804165 -0.03756810 -0.99760704 -3.80999660
0.00000000 0.00000000 0.00000000 1.00000000
188	188	189
-0.60645081 0.78178112 -0.14503687 -88.86337374
0.77882802 0.62079519 0.08966740 -756.66348327
0.16013847 -0.05857991 -0.98535479 -3.47230904
0.00000000 0.00000000 0.00000000 1.00000000
189	189	190
-0.81547629 0.48806652 -0.31111010 -93.66819364
0.50440561 0.86289008 0.03155457 -763.14299764
0.28385455 -0.13119368 -0.94984989 -3.15266151
0.00000000 0.00000000 0.00000000 1.00000000
190	190	191
-0.68725899 0.70383646 -0.17969228 -95.58720733
0.71216376 0.70159284 0.02429526 -769.34705083
0.14317071 -0.11127319 -0.98342281 -2.52623075
0.00000000 0.00000000 0.00000000 1.00000000
191	191	192
-0.63094629 0.77252850 -0.07145972 -99.09660178
0.77525278 0.63134119 -0.01978450 -774.94453437
0.02983137 -0.06788230 -0.99724725 -1.78823714
0.00000000 0.00000000 0.00000000 1.00000000
192	192	193
-0.53968063 0.84163769 0.01976881 -103.53617012
0.83782810 0.53923980 -0.08523212 -780.56919266
-0.08239469 -0.02943526 -0.99616499 -1.07889792
0.00000000 0.00000000 0.00000000 1.00000000
193	193	194
-0.33520299 0.93737228 0.09472154 -114.35431907
0.92243599 0.34698476 -0.16945032 -792.14668484
-0.19170496 0.03057430 -0.98097626 0.30502563
0.00000000 0.00000000 0.00000000 1.00000000
194	194	195
-0.19934751 0.95574293 0.21637010 -121.34316126
0.94802190 0.24398217 -0.20427234 -798.72248497
-0.24802229 0.16440241 -0.95470246 1.04037100
0.00000000 0.00000000 0.00000000 1.00000000
195	195	196
0.08899336 0.89527813 0.43652863 -128.63892131
0.82732768 0.17759998 -0.53290445 -805.76826740
-0.55462518 0.40857718 -0.72488316 1.36046328
0.00000000 0.00000000 0.00000000 1.00000000
196	196	197
0.45886299 0.66334487 0.59111618 -137.80668064
0.65848609 0.19277100 -0.72748568 -813.70622763
-0.59652395 0.72305803 -0.34834789 2.19364303
0.00000000 0.00000000 0.00000000 1.00000000
197	197	198
0.74840494 0.22846334 0.62265122 -149.39023282
0.55310793 0.30308269 -0.77602352 -822.98977772
-0.36600773 0.92517317 0.10046370 3.12146055
0.00000000 0.00000000 0.00000000 1.00000000
198	198	199
0.83207827 -0.12879932 0.53949651 -162.45634991
0.51668952 0.53367774 -0.66949236 -832.77459895
-0.20168712 0.83582224 0.51061091 4.09013433
0.00000000 0.00000000 0.00000000 1.00000000
199	199	200
0.79034433 -0.28737536 0.54108339 -174.63004273
